id,Y
49999,0.988048315048
50000,0.998606979847
50001,0.998606979847
50002,0.995879232883
50003,0.991259753704
50004,0.989289224148
50005,0.989284992218
50006,0.997900903225
50007,0.998368620872
50008,0.986645042896
50009,0.998368620872
50010,0.993409752846
50011,0.998606979847
50012,0.993287026882
50013,0.996027112007
50014,0.995394945145
50015,0.99829441309
50016,0.989743351936
50017,0.993551790714
50018,0.992154538631
50019,0.997253835201
50020,0.995602786541
50021,0.997989296913
50022,0.998407959938
50023,0.995153307915
50024,0.99644446373
50025,0.997820913792
50026,0.992169141769
50027,0.998406648636
50028,0.99838078022
50029,0.99263894558
50030,0.99023270607
50031,0.997346937656
50032,0.998606979847
50033,0.99848139286
50034,0.99458527565
50035,0.998606979847
50036,0.995879232883
50037,0.983776271343
50038,0.99838078022
50039,0.997679948807
50040,0.993551790714
50041,0.998260438442
50042,0.988277375698
50043,0.993048906326
50044,0.998047590256
50045,0.998102426529
50046,0.998606979847
50047,0.987129628658
50048,0.998145222664
50049,0.996842384338
50050,0.998606979847
50051,0.977482140064
50052,0.998606979847
50053,0.998368620872
50054,0.995216012001
50055,0.994014084339
50056,0.998428761959
50057,0.9909953475
50058,0.99403578043
50059,0.998606979847
50060,0.998606979847
50061,0.998606979847
50062,0.99644446373
50063,0.998181462288
50064,0.996842384338
50065,0.985133171082
50066,0.996842384338
50067,0.988525748253
50068,0.997828781605
50069,0.998606979847
50070,0.99554425478
50071,0.991273164749
50072,0.998022079468
50073,0.99838078022
50074,0.994187355042
50075,0.991959631443
50076,0.998606979847
50077,0.998606979847
50078,0.998606979847
50079,0.99089628458
50080,0.995858848095
50081,0.963851690292
50082,0.982449710369
50083,0.998606979847
50084,0.992716789246
50085,0.998364388943
50086,0.998606979847
50087,0.992392122746
50088,0.977686107159
50089,0.997988402843
50090,0.981039166451
50091,0.89955163002
50092,0.99099868536
50093,0.997773170471
50094,0.998013615608
50095,0.997989296913
50096,0.998153328896
50097,0.998352825642
50098,0.99848139286
50099,0.998266220093
50100,0.971414744854
50101,0.988688707352
50102,0.998606979847
50103,0.99554425478
50104,0.995853245258
50105,0.99717271328
50106,0.985692977905
50107,0.998273909092
50108,0.963602244854
50109,0.998606979847
50110,0.992716789246
50111,0.987445235252
50112,0.998293995857
50113,0.989401698112
50114,0.997879803181
50115,0.99820047617
50116,0.998094499111
50117,0.998606979847
50118,0.995472192764
50119,0.992587506771
50120,0.994674742222
50121,0.998302519321
50122,0.998606979847
50123,0.99387127161
50124,0.994486451149
50125,0.998406648636
50126,0.986586630344
50127,0.99506509304
50128,0.997438192368
50129,0.992129445076
50130,0.99820047617
50131,0.998220264912
50132,0.995275914669
50133,0.998606979847
50134,0.990482032299
50135,0.998483419418
50136,0.995240449905
50137,0.998606979847
50138,0.997817575932
50139,0.998483419418
50140,0.998243689537
50141,0.998407959938
50142,0.99848139286
50143,0.998352825642
50144,0.99554425478
50145,0.996411442757
50146,0.997525453568
50147,0.998606979847
50148,0.931068122387
50149,0.995392024517
50150,0.998606979847
50151,0.953737258911
50152,0.994060635567
50153,0.998153328896
50154,0.99848139286
50155,0.99848139286
50156,0.969421744347
50157,0.993826210499
50158,0.99848139286
50159,0.976099312305
50160,0.984309971333
50161,0.996411442757
50162,0.99804186821
50163,0.993048906326
50164,0.998606979847
50165,0.99793946743
50166,0.992614209652
50167,0.998606979847
50168,0.993914842606
50169,0.993914842606
50170,0.996027112007
50171,0.998407959938
50172,0.996586322784
50173,0.997926175594
50174,0.994370102882
50175,0.998153328896
50176,0.99848139286
50177,0.992771565914
50178,0.998200654984
50179,0.957626461983
50180,0.998606979847
50181,0.991753101349
50182,0.998022079468
50183,0.952195703983
50184,0.998178064823
50185,0.995782911777
50186,0.983266234398
50187,0.998145222664
50188,0.958158016205
50189,0.998406648636
50190,0.992614209652
50191,0.998606979847
50192,0.998606979847
50193,0.996027112007
50194,0.99838078022
50195,0.963514566422
50196,0.994143724442
50197,0.994817852974
50198,0.998606979847
50199,0.992389976978
50200,0.977326154709
50201,0.996353328228
50202,0.997244715691
50203,0.998606979847
50204,0.992787539959
50205,0.998606979847
50206,0.996842384338
50207,0.99838078022
50208,0.998606979847
50209,0.9881914258
50210,0.996027112007
50211,0.99644446373
50212,0.992400109768
50213,0.995516598225
50214,0.997957646847
50215,0.994199931622
50216,0.998606979847
50217,0.99793946743
50218,0.998606979847
50219,0.998606979847
50220,0.991777837276
50221,0.996334016323
50222,0.982803285122
50223,0.998260438442
50224,0.998364388943
50225,0.99359691143
50226,0.966103851795
50227,0.998483419418
50228,0.99644446373
50229,0.99848139286
50230,0.998606979847
50231,0.978591918945
50232,0.998606979847
50233,0.998606979847
50234,0.980412483215
50235,0.992829561234
50236,0.998084664345
50237,0.997301340103
50238,0.998606979847
50239,0.979755401611
50240,0.998606979847
50241,0.998606979847
50242,0.998606979847
50243,0.998260438442
50244,0.998153328896
50245,0.998145222664
50246,0.99848139286
50247,0.956248581409
50248,0.998606979847
50249,0.994841814041
50250,0.998184978962
50251,0.995044708252
50252,0.998606979847
50253,0.99793946743
50254,0.998364388943
50255,0.993480682373
50256,0.998260438442
50257,0.998364388943
50258,0.998606979847
50259,0.990399479866
50260,0.9862216115
50261,0.998364388943
50262,0.996411442757
50263,0.997866868973
50264,0.99793946743
50265,0.99838078022
50266,0.998606979847
50267,0.998606979847
50268,0.998428761959
50269,0.973486185074
50270,0.994989395142
50271,0.99829441309
50272,0.998064756393
50273,0.911542117596
50274,0.99644446373
50275,0.987316071987
50276,0.998606979847
50277,0.972240805626
50278,0.920568108559
50279,0.998606979847
50280,0.998606979847
50281,0.998606979847
50282,0.988540768623
50283,0.980736851692
50284,0.997558534145
50285,0.90161472559
50286,0.998364388943
50287,0.984187304974
50288,0.99838078022
50289,0.995243489742
50290,0.995853245258
50291,0.997464060783
50292,0.998406648636
50293,0.997828781605
50294,0.99838078022
50295,0.988603055477
50296,0.99829441309
50297,0.998047590256
50298,0.998606979847
50299,0.99829441309
50300,0.994560360909
50301,0.99848139286
50302,0.99848139286
50303,0.996411442757
50304,0.890288829803
50305,0.901861906052
50306,0.963978290558
50307,0.997768104076
50308,0.995075464249
50309,0.996698200703
50310,0.998606979847
50311,0.993547201157
50312,0.998368620872
50313,0.994841814041
50314,0.996586322784
50315,0.988825440407
50316,0.996353328228
50317,0.990705966949
50318,0.997389912605
50319,0.989893317223
50320,0.998081326485
50321,0.998153328896
50322,0.99369096756
50323,0.995401382446
50324,0.993312358856
50325,0.990245401859
50326,0.994592964649
50327,0.996062338352
50328,0.998606979847
50329,0.994534313679
50330,0.998606979847
50331,0.998606979847
50332,0.989879190922
50333,0.98839533329
50334,0.993826210499
50335,0.995774447918
50336,0.95274323225
50337,0.994552135468
50338,0.998606979847
50339,0.982578217983
50340,0.991713166237
50341,0.996385157108
50342,0.996586322784
50343,0.998606979847
50344,0.995849609375
50345,0.990270972252
50346,0.961423993111
50347,0.993229389191
50348,0.994615912437
50349,0.99838078022
50350,0.997841417789
50351,0.997783958912
50352,0.99263459444
50353,0.998606979847
50354,0.998302519321
50355,0.997746109962
50356,0.995496869087
50357,0.988363385201
50358,0.987391769886
50359,0.99848139286
50360,0.998606979847
50361,0.995044231415
50362,0.997858762741
50363,0.98647236824
50364,0.998181462288
50365,0.984693408012
50366,0.99375975132
50367,0.995459318161
50368,0.998276054859
50369,0.990172147751
50370,0.98734921217
50371,0.998241424561
50372,0.99793946743
50373,0.992716789246
50374,0.997373878956
50375,0.99263459444
50376,0.990412354469
50377,0.998606979847
50378,0.997464060783
50379,0.990350246429
50380,0.997679948807
50381,0.949004769325
50382,0.99750494957
50383,0.994824767113
50384,0.987457513809
50385,0.99848139286
50386,0.998606979847
50387,0.998606979847
50388,0.998606979847
50389,0.991852402687
50390,0.991259753704
50391,0.99684548378
50392,0.992699742317
50393,0.979857981205
50394,0.998145222664
50395,0.989765763283
50396,0.998276054859
50397,0.885128319263
50398,0.994853138924
50399,0.933695435524
50400,0.990834951401
50401,0.998606979847
50402,0.996027112007
50403,0.99838078022
50404,0.993088006973
50405,0.992947757244
50406,0.992193877697
50407,0.998606979847
50408,0.979600429535
50409,0.998005568981
50410,0.998606979847
50411,0.992614209652
50412,0.992740154266
50413,0.973186433315
50414,0.99848139286
50415,0.998606979847
50416,0.9909953475
50417,0.998406648636
50418,0.998031020164
50419,0.998606979847
50420,0.998102426529
50421,0.996842384338
50422,0.994841814041
50423,0.991497457027
50424,0.994335532188
50425,0.998606979847
50426,0.998606979847
50427,0.995942354202
50428,0.995445728302
50429,0.993826210499
50430,0.99369096756
50431,0.998407959938
50432,0.998112678528
50433,0.993914842606
50434,0.99848139286
50435,0.997703015804
50436,0.990705966949
50437,0.99848139286
50438,0.870946109295
50439,0.99064797163
50440,0.996632277966
50441,0.990334928036
50442,0.995117902756
50443,0.961708128452
50444,0.99793946743
50445,0.995933830738
50446,0.99793946743
50447,0.952258467674
50448,0.998606979847
50449,0.997457504272
50450,0.998606979847
50451,0.998406648636
50452,0.998101770878
50453,0.996138811111
50454,0.982859790325
50455,0.992820084095
50456,0.997611820698
50457,0.998606979847
50458,0.998606979847
50459,0.992225527763
50460,0.997783958912
50461,0.99838078022
50462,0.998102426529
50463,0.998200654984
50464,0.998022079468
50465,0.998606979847
50466,0.998606979847
50467,0.995501577854
50468,0.998606979847
50469,0.998606979847
50470,0.992778658867
50471,0.998606979847
50472,0.992389976978
50473,0.969506621361
50474,0.929073929787
50475,0.996573746204
50476,0.998606979847
50477,0.997903585434
50478,0.997621715069
50479,0.997745871544
50480,0.996162116528
50481,0.997953295708
50482,0.99838078022
50483,0.99759221077
50484,0.998276054859
50485,0.997389912605
50486,0.984380185604
50487,0.994095742702
50488,0.997685015202
50489,0.998364388943
50490,0.992288827896
50491,0.966711044312
50492,0.996954917908
50493,0.975026071072
50494,0.985080838203
50495,0.993826210499
50496,0.998606979847
50497,0.987005472183
50498,0.998606979847
50499,0.998013615608
50500,0.997679948807
50501,0.998031020164
50502,0.923995137215
50503,0.996842384338
50504,0.9953815341
50505,0.998153328896
50506,0.998606979847
50507,0.993659436703
50508,0.998155415058
50509,0.998074531555
50510,0.998054504395
50511,0.99848139286
50512,0.99838078022
50513,0.996551156044
50514,0.998112678528
50515,0.990448892117
50516,0.99848139286
50517,0.996158838272
50518,0.998276054859
50519,0.99848139286
50520,0.997037529945
50521,0.996603786945
50522,0.964130342007
50523,0.993624389172
50524,0.996635615826
50525,0.998606979847
50526,0.998200654984
50527,0.998211979866
50528,0.998606979847
50529,0.927164435387
50530,0.989883363247
50531,0.890011668205
50532,0.99838078022
50533,0.982663869858
50534,0.992829561234
50535,0.998606979847
50536,0.992623925209
50537,0.977501630783
50538,0.996904432774
50539,0.99829441309
50540,0.99848139286
50541,0.998606979847
50542,0.983085095882
50543,0.99829441309
50544,0.997734487057
50545,0.99848139286
50546,0.998324692249
50547,0.992053329945
50548,0.987886965275
50549,0.998606979847
50550,0.99130821228
50551,0.99820047617
50552,0.998606979847
50553,0.998606979847
50554,0.99848139286
50555,0.983235120773
50556,0.998606979847
50557,0.991777837276
50558,0.993287324905
50559,0.980680465698
50560,0.995091199875
50561,0.939892649651
50562,0.996116995811
50563,0.998153328896
50564,0.997393488884
50565,0.996586322784
50566,0.992972552776
50567,0.992829561234
50568,0.99848139286
50569,0.998606979847
50570,0.896913170815
50571,0.997852921486
50572,0.998606979847
50573,0.99793946743
50574,0.998013615608
50575,0.998606979847
50576,0.992782592773
50577,0.997222304344
50578,0.99570608139
50579,0.995055854321
50580,0.99838078022
50581,0.994549274445
50582,0.998005568981
50583,0.998606979847
50584,0.99613493681
50585,0.998606979847
50586,0.930018007755
50587,0.998606979847
50588,0.996146798134
50589,0.99633949995
50590,0.998181462288
50591,0.998606979847
50592,0.970480561256
50593,0.99848139286
50594,0.998606979847
50595,0.995216012001
50596,0.995357811451
50597,0.997172415257
50598,0.998406648636
50599,0.998606979847
50600,0.997114419937
50601,0.951964259148
50602,0.927649974823
50603,0.99848139286
50604,0.9365888834
50605,0.998606979847
50606,0.998407959938
50607,0.852574110031
50608,0.998606979847
50609,0.996842384338
50610,0.991670906544
50611,0.998606979847
50612,0.993212997913
50613,0.966294944286
50614,0.998241424561
50615,0.997988402843
50616,0.998235344887
50617,0.993255913258
50618,0.993941962719
50619,0.993826210499
50620,0.998483419418
50621,0.992829561234
50622,0.993620932102
50623,0.935242295265
50624,0.998134315014
50625,0.998606979847
50626,0.967410266399
50627,0.998220264912
50628,0.996027112007
50629,0.987493753433
50630,0.991576969624
50631,0.99234944582
50632,0.998606979847
50633,0.998606979847
50634,0.994300603867
50635,0.99848139286
50636,0.925801634789
50637,0.998407959938
50638,0.996015369892
50639,0.988130271435
50640,0.99793946743
50641,0.99848139286
50642,0.99848139286
50643,0.998606979847
50644,0.998364388943
50645,0.98295968771
50646,0.99838078022
50647,0.99848139286
50648,0.996842384338
50649,0.99848139286
50650,0.998606979847
50651,0.995897114277
50652,0.99644446373
50653,0.998406648636
50654,0.994217097759
50655,0.998407959938
50656,0.992947757244
50657,0.970198154449
50658,0.998606979847
50659,0.992143332958
50660,0.99838078022
50661,0.987550258636
50662,0.998606979847
50663,0.990034103394
50664,0.99848139286
50665,0.99263459444
50666,0.998606979847
50667,0.998606979847
50668,0.99848139286
50669,0.997746109962
50670,0.991671204567
50671,0.997888922691
50672,0.988600730896
50673,0.996842384338
50674,0.99644446373
50675,0.998406648636
50676,0.989849209785
50677,0.987669765949
50678,0.989607512951
50679,0.99838078022
50680,0.99848139286
50681,0.998606979847
50682,0.997889041901
50683,0.990176737309
50684,0.996146798134
50685,0.990397512913
50686,0.998407959938
50687,0.998606979847
50688,0.991056382656
50689,0.998129248619
50690,0.957279503345
50691,0.997951805592
50692,0.995733082294
50693,0.995817005634
50694,0.99848139286
50695,0.998606979847
50696,0.992050349712
50697,0.992339789867
50698,0.983533918858
50699,0.99829441309
50700,0.998606979847
50701,0.998406648636
50702,0.989388525486
50703,0.997574031353
50704,0.992740154266
50705,0.995508611202
50706,0.997342705727
50707,0.99838078022
50708,0.998606979847
50709,0.998406648636
50710,0.991025626659
50711,0.992387533188
50712,0.982405543327
50713,0.998606979847
50714,0.995459735394
50715,0.994438052177
50716,0.995437681675
50717,0.998606979847
50718,0.955780625343
50719,0.998606979847
50720,0.842263698578
50721,0.998606979847
50722,0.985852718353
50723,0.99263459444
50724,0.99848139286
50725,0.993285596371
50726,0.997592926025
50727,0.996146798134
50728,0.99848139286
50729,0.99848139286
50730,0.990884780884
50731,0.988333046436
50732,0.99793946743
50733,0.998606979847
50734,0.84156692028
50735,0.99848139286
50736,0.998606979847
50737,0.997412025928
50738,0.99848139286
50739,0.998606979847
50740,0.985117912292
50741,0.991935968399
50742,0.998483419418
50743,0.992724657059
50744,0.998606979847
50745,0.99838078022
50746,0.99150454998
50747,0.992947757244
50748,0.997180044651
50749,0.965145468712
50750,0.998606979847
50751,0.979454517365
50752,0.998260438442
50753,0.971255719662
50754,0.991353273392
50755,0.99848139286
50756,0.993665218353
50757,0.997841417789
50758,0.998606979847
50759,0.990238964558
50760,0.99848139286
50761,0.998153328896
50762,0.993811905384
50763,0.99793946743
50764,0.996138811111
50765,0.997988402843
50766,0.973095178604
50767,0.996573746204
50768,0.993489563465
50769,0.998200654984
50770,0.990880608559
50771,0.995628535748
50772,0.99848139286
50773,0.992549002171
50774,0.997783958912
50775,0.998163342476
50776,0.997272670269
50777,0.998181462288
50778,0.99848139286
50779,0.998241424561
50780,0.995648860931
50781,0.998260438442
50782,0.98200327158
50783,0.994525492191
50784,0.99848139286
50785,0.998368620872
50786,0.998181462288
50787,0.971543490887
50788,0.998235344887
50789,0.996027112007
50790,0.981232523918
50791,0.998483419418
50792,0.992141902447
50793,0.991549313068
50794,0.99389821291
50795,0.987374424934
50796,0.995472192764
50797,0.998606979847
50798,0.998606979847
50799,0.998606979847
50800,0.994989395142
50801,0.99838078022
50802,0.998606979847
50803,0.996644258499
50804,0.99838078022
50805,0.998483419418
50806,0.996842384338
50807,0.980824947357
50808,0.993914842606
50809,0.998276054859
50810,0.998606979847
50811,0.998606979847
50812,0.998606979847
50813,0.998302519321
50814,0.998606979847
50815,0.998606979847
50816,0.997783958912
50817,0.992216765881
50818,0.996583402157
50819,0.99312287569
50820,0.994103848934
50821,0.998406648636
50822,0.998606979847
50823,0.998606979847
50824,0.996027112007
50825,0.998606979847
50826,0.993826210499
50827,0.994268000126
50828,0.987497329712
50829,0.991879403591
50830,0.94904178381
50831,0.998406648636
50832,0.998127579689
50833,0.998606979847
50834,0.998606979847
50835,0.951441824436
50836,0.998606979847
50837,0.997841417789
50838,0.998606979847
50839,0.986308991909
50840,0.997415721416
50841,0.998606979847
50842,0.998606979847
50843,0.998606979847
50844,0.998606979847
50845,0.974880754948
50846,0.997734487057
50847,0.992829561234
50848,0.863570213318
50849,0.99848139286
50850,0.998022079468
50851,0.992829561234
50852,0.997272908688
50853,0.974889993668
50854,0.99848139286
50855,0.991143465042
50856,0.995117902756
50857,0.993481934071
50858,0.993557095528
50859,0.997580945492
50860,0.998302519321
50861,0.995822131634
50862,0.998606979847
50863,0.99848139286
50864,0.998013615608
50865,0.993908584118
50866,0.997114419937
50867,0.953311026096
50868,0.998606979847
50869,0.997828781605
50870,0.991799712181
50871,0.968048512936
50872,0.990707874298
50873,0.99829441309
50874,0.997301340103
50875,0.968432426453
50876,0.992947757244
50877,0.99793946743
50878,0.998606979847
50879,0.996698200703
50880,0.998606979847
50881,0.981274306774
50882,0.998406648636
50883,0.998606979847
50884,0.992947757244
50885,0.99848139286
50886,0.988473534584
50887,0.992939531803
50888,0.998606979847
50889,0.997988402843
50890,0.998352825642
50891,0.997818112373
50892,0.994841814041
50893,0.998606979847
50894,0.998216986656
50895,0.99838078022
50896,0.998606979847
50897,0.994265973568
50898,0.998606979847
50899,0.997393488884
50900,0.997486829758
50901,0.993826210499
50902,0.998606979847
50903,0.99587225914
50904,0.98857486248
50905,0.942119538784
50906,0.998407959938
50907,0.982355475426
50908,0.971376776695
50909,0.99848139286
50910,0.99848139286
50911,0.99793946743
50912,0.986122786999
50913,0.99587225914
50914,0.99359691143
50915,0.998606979847
50916,0.997783958912
50917,0.99848139286
50918,0.971780002117
50919,0.99194663763
50920,0.998483419418
50921,0.99848139286
50922,0.986330091953
50923,0.998200654984
50924,0.997393488884
50925,0.995858848095
50926,0.99729269743
50927,0.998200654984
50928,0.998606979847
50929,0.993962705135
50930,0.99829441309
50931,0.99838078022
50932,0.996603786945
50933,0.9879155159
50934,0.991871297359
50935,0.998606979847
50936,0.998200654984
50937,0.970284819603
50938,0.994841814041
50939,0.998606979847
50940,0.997614622116
50941,0.994990587234
50942,0.992947757244
50943,0.995897114277
50944,0.998606979847
50945,0.993831813335
50946,0.995924890041
50947,0.97282910347
50948,0.997599542141
50949,0.998606979847
50950,0.99113380909
50951,0.954587340355
50952,0.992389976978
50953,0.99804186821
50954,0.992716789246
50955,0.972410082817
50956,0.99848139286
50957,0.987237870693
50958,0.969881176949
50959,0.998606979847
50960,0.998406648636
50961,0.998153328896
50962,0.989212453365
50963,0.978441953659
50964,0.996097564697
50965,0.998406648636
50966,0.998302519321
50967,0.99820047617
50968,0.994531452656
50969,0.947284221649
50970,0.99848139286
50971,0.987700998783
50972,0.996373713017
50973,0.896552681923
50974,0.99644446373
50975,0.992796242237
50976,0.990995585918
50977,0.998606979847
50978,0.986443042755
50979,0.99838078022
50980,0.998606979847
50981,0.99570608139
50982,0.998606979847
50983,0.997172415257
50984,0.997481524944
50985,0.993371844292
50986,0.998606979847
50987,0.996842384338
50988,0.99838078022
50989,0.998407959938
50990,0.989676952362
50991,0.99848139286
50992,0.998606979847
50993,0.998134315014
50994,0.998606979847
50995,0.991311013699
50996,0.981930315495
50997,0.991178274155
50998,0.975502789021
50999,0.997725665569
51000,0.998302519321
51001,0.998606979847
51002,0.998606979847
51003,0.998606979847
51004,0.998606979847
51005,0.95328104496
51006,0.994452297688
51007,0.992740154266
51008,0.971858859062
51009,0.99848139286
51010,0.998181462288
51011,0.998606979847
51012,0.99185526371
51013,0.991998553276
51014,0.993826210499
51015,0.976196885109
51016,0.992962598801
51017,0.997858762741
51018,0.99848139286
51019,0.994143724442
51020,0.994256258011
51021,0.992829561234
51022,0.968934774399
51023,0.995518863201
51024,0.998606979847
51025,0.997574031353
51026,0.998606979847
51027,0.998483419418
51028,0.997988402843
51029,0.99848139286
51030,0.99829441309
51031,0.996027112007
51032,0.998606979847
51033,0.99848139286
51034,0.998005568981
51035,0.996842384338
51036,0.998145222664
51037,0.99312633276
51038,0.969753742218
51039,0.998406648636
51040,0.991879403591
51041,0.994812428951
51042,0.997989296913
51043,0.988575816154
51044,0.994040966034
51045,0.998606979847
51046,0.998368620872
51047,0.990856826305
51048,0.998606979847
51049,0.998094499111
51050,0.992452919483
51051,0.992389976978
51052,0.998606979847
51053,0.991863071918
51054,0.993872761726
51055,0.99848139286
51056,0.991545796394
51057,0.997783958912
51058,0.996411442757
51059,0.997415721416
51060,0.943728387356
51061,0.991397678852
51062,0.998606979847
51063,0.99838078022
51064,0.998368620872
51065,0.998483419418
51066,0.997685015202
51067,0.996698200703
51068,0.998606979847
51069,0.963340759277
51070,0.998606979847
51071,0.990561246872
51072,0.998606979847
51073,0.974094629288
51074,0.997415661812
51075,0.99100959301
51076,0.949409902096
51077,0.978354752064
51078,0.998606979847
51079,0.992947757244
51080,0.993677079678
51081,0.944789588451
51082,0.998483419418
51083,0.996281027794
51084,0.987667500973
51085,0.99838078022
51086,0.998606979847
51087,0.985564470291
51088,0.99838078022
51089,0.994721114635
51090,0.998606979847
51091,0.998200654984
51092,0.998407959938
51093,0.99829441309
51094,0.99263459444
51095,0.986378848553
51096,0.99848139286
51097,0.980601429939
51098,0.983326613903
51099,0.992933571339
51100,0.994847416878
51101,0.998606979847
51102,0.997464060783
51103,0.982533216476
51104,0.995879232883
51105,0.99693018198
51106,0.99848139286
51107,0.99848139286
51108,0.998606979847
51109,0.998113453388
51110,0.993826210499
51111,0.990050077438
51112,0.998260438442
51113,0.998200178146
51114,0.998606979847
51115,0.998241424561
51116,0.986611664295
51117,0.998200654984
51118,0.989769697189
51119,0.998606979847
51120,0.998606979847
51121,0.968565106392
51122,0.998483419418
51123,0.998241424561
51124,0.994456410408
51125,0.997604727745
51126,0.998352825642
51127,0.99275124073
51128,0.996583402157
51129,0.997989296913
51130,0.995401382446
51131,0.998118519783
51132,0.998606979847
51133,0.997508645058
51134,0.998606979847
51135,0.997685015202
51136,0.998364388943
51137,0.99644446373
51138,0.996698200703
51139,0.992186129093
51140,0.985614836216
51141,0.869752466679
51142,0.998606979847
51143,0.993684530258
51144,0.994199931622
51145,0.992383301258
51146,0.998606979847
51147,0.998428761959
51148,0.997309565544
51149,0.998606979847
51150,0.998181462288
51151,0.995216012001
51152,0.99820047617
51153,0.998606979847
51154,0.984401941299
51155,0.949395656586
51156,0.998606979847
51157,0.998606979847
51158,0.99838078022
51159,0.998606979847
51160,0.997900903225
51161,0.99838078022
51162,0.996842384338
51163,0.998145222664
51164,0.998181462288
51165,0.985411703587
51166,0.998368620872
51167,0.998276054859
51168,0.998606979847
51169,0.99793946743
51170,0.992596745491
51171,0.997340321541
51172,0.998606979847
51173,0.994669616222
51174,0.988415837288
51175,0.99838078022
51176,0.99801248312
51177,0.99759221077
51178,0.991712749004
51179,0.998220264912
51180,0.968346059322
51181,0.998276054859
51182,0.970971822739
51183,0.994231760502
51184,0.998606979847
51185,0.998606979847
51186,0.998606979847
51187,0.998364388943
51188,0.992862462997
51189,0.996027112007
51190,0.997114419937
51191,0.998094499111
51192,0.998407959938
51193,0.980387926102
51194,0.998606979847
51195,0.998606979847
51196,0.998013615608
51197,0.998260438442
51198,0.998606979847
51199,0.995738744736
51200,0.993722617626
51201,0.998606979847
51202,0.993497252464
51203,0.991413116455
51204,0.98729455471
51205,0.998079001904
51206,0.982802331448
51207,0.998606979847
51208,0.998606979847
51209,0.998324692249
51210,0.99644446373
51211,0.994940757751
51212,0.998022079468
51213,0.998606979847
51214,0.994454205036
51215,0.843375563622
51216,0.998220264912
51217,0.998606979847
51218,0.978219866753
51219,0.995542645454
51220,0.998606979847
51221,0.99829441309
51222,0.946586728096
51223,0.998606979847
51224,0.998606979847
51225,0.997828781605
51226,0.993945300579
51227,0.998352825642
51228,0.991879403591
51229,0.994046509266
51230,0.994040966034
51231,0.998606979847
51232,0.995117902756
51233,0.992425978184
51234,0.996842384338
51235,0.99848139286
51236,0.998606979847
51237,0.995845198631
51238,0.990014493465
51239,0.998145222664
51240,0.99793946743
51241,0.998606979847
51242,0.997558534145
51243,0.998606979847
51244,0.984401166439
51245,0.806072175503
51246,0.998606979847
51247,0.995076417923
51248,0.963735759258
51249,0.990492641926
51250,0.992769420147
51251,0.993071079254
51252,0.998606979847
51253,0.992244899273
51254,0.998406648636
51255,0.969250440598
51256,0.99644446373
51257,0.985744595528
51258,0.998606979847
51259,0.99793946743
51260,0.996007800102
51261,0.998364388943
51262,0.975827455521
51263,0.998368620872
51264,0.992630302906
51265,0.988338947296
51266,0.997464060783
51267,0.994099259377
51268,0.994103848934
51269,0.998606979847
51270,0.998428761959
51271,0.993603289127
51272,0.994867861271
51273,0.998158633709
51274,0.998407959938
51275,0.994518518448
51276,0.994224846363
51277,0.998483419418
51278,0.995883405209
51279,0.979533612728
51280,0.986359834671
51281,0.998606979847
51282,0.998606979847
51283,0.996292173862
51284,0.998606979847
51285,0.99848139286
51286,0.979168951511
51287,0.99848139286
51288,0.998606979847
51289,0.998606979847
51290,0.989542245865
51291,0.998276054859
51292,0.998428761959
51293,0.991934776306
51294,0.997698545456
51295,0.996842384338
51296,0.954621255398
51297,0.983080923557
51298,0.998606979847
51299,0.994758427143
51300,0.998606979847
51301,0.94577562809
51302,0.996842384338
51303,0.998606979847
51304,0.977778434753
51305,0.996975183487
51306,0.993785023689
51307,0.998606979847
51308,0.998200654984
51309,0.991347789764
51310,0.998606979847
51311,0.99848139286
51312,0.995849609375
51313,0.99793946743
51314,0.996603786945
51315,0.998606979847
51316,0.99820047617
51317,0.997900903225
51318,0.99644446373
51319,0.998606979847
51320,0.99635964632
51321,0.998227238655
51322,0.997745871544
51323,0.99793946743
51324,0.992031931877
51325,0.990040659904
51326,0.998606979847
51327,0.994107365608
51328,0.991283237934
51329,0.998407959938
51330,0.992820084095
51331,0.909935116768
51332,0.998606979847
51333,0.939206182957
51334,0.996027112007
51335,0.998606979847
51336,0.995962321758
51337,0.986696600914
51338,0.998606979847
51339,0.991182327271
51340,0.985613822937
51341,0.998606979847
51342,0.965933203697
51343,0.998054504395
51344,0.98672914505
51345,0.993338823318
51346,0.99848139286
51347,0.995897114277
51348,0.99838078022
51349,0.998606979847
51350,0.996027112007
51351,0.998364388943
51352,0.994832515717
51353,0.998606979847
51354,0.995388925076
51355,0.995690941811
51356,0.99838078022
51357,0.991143465042
51358,0.998606979847
51359,0.998054504395
51360,0.998407959938
51361,0.996956944466
51362,0.992875635624
51363,0.997903585434
51364,0.998483419418
51365,0.998153328896
51366,0.987561166286
51367,0.997842073441
51368,0.995924890041
51369,0.998013615608
51370,0.952938556671
51371,0.99313634634
51372,0.998220264912
51373,0.998352825642
51374,0.988411426544
51375,0.991666555405
51376,0.998606979847
51377,0.997464060783
51378,0.99380928278
51379,0.958829760551
51380,0.994616270065
51381,0.998407959938
51382,0.998364388943
51383,0.996028184891
51384,0.998606979847
51385,0.991586685181
51386,0.998606979847
51387,0.979918956757
51388,0.996603786945
51389,0.957749187946
51390,0.998606979847
51391,0.998606979847
51392,0.998606979847
51393,0.998368620872
51394,0.998260438442
51395,0.991347789764
51396,0.992829561234
51397,0.998606979847
51398,0.989319145679
51399,0.99848139286
51400,0.997783958912
51401,0.998079001904
51402,0.998606979847
51403,0.97302365303
51404,0.994841814041
51405,0.996027112007
51406,0.992143332958
51407,0.998606979847
51408,0.997114419937
51409,0.992712974548
51410,0.996411442757
51411,0.99848139286
51412,0.979986190796
51413,0.993945300579
51414,0.998606979847
51415,0.996094346046
51416,0.991143465042
51417,0.998606979847
51418,0.995220839977
51419,0.990446150303
51420,0.998606979847
51421,0.998606979847
51422,0.991777837276
51423,0.928452789783
51424,0.993826210499
51425,0.99848139286
51426,0.998407959938
51427,0.998606979847
51428,0.99793946743
51429,0.921795487404
51430,0.983332276344
51431,0.99848139286
51432,0.969577431679
51433,0.997301340103
51434,0.970689177513
51435,0.997961580753
51436,0.998368620872
51437,0.98426425457
51438,0.975436270237
51439,0.99804186821
51440,0.992926299572
51441,0.988856494427
51442,0.997788965702
51443,0.997740864754
51444,0.998606979847
51445,0.994286775589
51446,0.993212997913
51447,0.99848139286
51448,0.996353328228
51449,0.998260438442
51450,0.998606979847
51451,0.998606979847
51452,0.997951805592
51453,0.992257237434
51454,0.990034103394
51455,0.97880500555
51456,0.998606979847
51457,0.998606979847
51458,0.998181462288
51459,0.953148543835
51460,0.9909953475
51461,0.992740154266
51462,0.998276054859
51463,0.992829561234
51464,0.995195269585
51465,0.997309565544
51466,0.950548231602
51467,0.998102426529
51468,0.994404673576
51469,0.998606979847
51470,0.998406648636
51471,0.99820047617
51472,0.99394929409
51473,0.998005568981
51474,0.995382726192
51475,0.998606979847
51476,0.989366650581
51477,0.993048906326
51478,0.998606979847
51479,0.998606979847
51480,0.998606979847
51481,0.98931068182
51482,0.981582641602
51483,0.997858762741
51484,0.960127234459
51485,0.995687842369
51486,0.996353328228
51487,0.998606979847
51488,0.998606979847
51489,0.962702572346
51490,0.998606979847
51491,0.99838078022
51492,0.99793946743
51493,0.992077231407
51494,0.997685015202
51495,0.995143890381
51496,0.997592926025
51497,0.998606979847
51498,0.998606979847
51499,0.958488762379
51500,0.998260438442
51501,0.998031020164
51502,0.998406648636
51503,0.994646787643
51504,0.997866868973
51505,0.998368620872
51506,0.991419970989
51507,0.998606979847
51508,0.991517066956
51509,0.978232681751
51510,0.998276054859
51511,0.996022224426
51512,0.997828781605
51513,0.998220264912
51514,0.998606979847
51515,0.998031020164
51516,0.998406648636
51517,0.991943776608
51518,0.998047590256
51519,0.993110239506
51520,0.998483419418
51521,0.997464060783
51522,0.980683147907
51523,0.997828781605
51524,0.998606979847
51525,0.993826210499
51526,0.995625376701
51527,0.984380185604
51528,0.990176737309
51529,0.99644446373
51530,0.998113453388
51531,0.995817005634
51532,0.90210723877
51533,0.998407959938
51534,0.99848139286
51535,0.968950986862
51536,0.995216012001
51537,0.989198565483
51538,0.966065108776
51539,0.998483419418
51540,0.997614622116
51541,0.997901082039
51542,0.997988402843
51543,0.998200654984
51544,0.998013615608
51545,0.997585535049
51546,0.998606979847
51547,0.997464060783
51548,0.992844939232
51549,0.998606979847
51550,0.840465068817
51551,0.998155415058
51552,0.997888922691
51553,0.987349808216
51554,0.998606979847
51555,0.998606979847
51556,0.996704101562
51557,0.998241424561
51558,0.998606979847
51559,0.986751317978
51560,0.918905436993
51561,0.998606979847
51562,0.998606979847
51563,0.995897114277
51564,0.993293881416
51565,0.997745871544
51566,0.989592850208
51567,0.992740154266
51568,0.995123207569
51569,0.997464060783
51570,0.998220264912
51571,0.998606979847
51572,0.995858848095
51573,0.992100656033
51574,0.998606979847
51575,0.985879421234
51576,0.998606979847
51577,0.994749844074
51578,0.998606979847
51579,0.998606979847
51580,0.998606979847
51581,0.998606979847
51582,0.998309850693
51583,0.998606979847
51584,0.877439916134
51585,0.994574964046
51586,0.998031020164
51587,0.99439316988
51588,0.989578545094
51589,0.992725014687
51590,0.950539827347
51591,0.99793946743
51592,0.989718794823
51593,0.99848139286
51594,0.998606979847
51595,0.998606979847
51596,0.998606979847
51597,0.997713565826
51598,0.995636641979
51599,0.998606979847
51600,0.944428443909
51601,0.998606979847
51602,0.998260438442
51603,0.99838078022
51604,0.989444077015
51605,0.994042336941
51606,0.992778658867
51607,0.998407959938
51608,0.998220264912
51609,0.996309936047
51610,0.959414243698
51611,0.998406648636
51612,0.99838078022
51613,0.998606979847
51614,0.998606979847
51615,0.857467532158
51616,0.984141409397
51617,0.998606979847
51618,0.983448982239
51619,0.991630613804
51620,0.99848139286
51621,0.99263459444
51622,0.99848139286
51623,0.998606979847
51624,0.997251152992
51625,0.991670906544
51626,0.998606979847
51627,0.998606979847
51628,0.998213946819
51629,0.998302519321
51630,0.992897689342
51631,0.955704808235
51632,0.998606979847
51633,0.984971702099
51634,0.998606979847
51635,0.998606979847
51636,0.992389976978
51637,0.998200654984
51638,0.980638206005
51639,0.998606979847
51640,0.998606979847
51641,0.998200654984
51642,0.998606979847
51643,0.994741737843
51644,0.994116902351
51645,0.973018527031
51646,0.998293995857
51647,0.956838071346
51648,0.991798818111
51649,0.996603786945
51650,0.995508730412
51651,0.993826210499
51652,0.998200654984
51653,0.995135784149
51654,0.991871297359
51655,0.998022079468
51656,0.998407959938
51657,0.99210113287
51658,0.998483419418
51659,0.998483419418
51660,0.997745871544
51661,0.998200654984
51662,0.997800707817
51663,0.998606979847
51664,0.993672728539
51665,0.998606979847
51666,0.981313586235
51667,0.998606979847
51668,0.992921948433
51669,0.998022079468
51670,0.997828781605
51671,0.993319034576
51672,0.994859158993
51673,0.981495797634
51674,0.998064756393
51675,0.998606979847
51676,0.996353328228
51677,0.99596875906
51678,0.995277583599
51679,0.997558534145
51680,0.99838078022
51681,0.981305360794
51682,0.998606979847
51683,0.998606979847
51684,0.99848139286
51685,0.967994213104
51686,0.998406648636
51687,0.991604208946
51688,0.998606979847
51689,0.989798426628
51690,0.998606979847
51691,0.998606979847
51692,0.99793946743
51693,0.994637012482
51694,0.950123369694
51695,0.997592926025
51696,0.998200654984
51697,0.99838078022
51698,0.997475922108
51699,0.994841814041
51700,0.998606979847
51701,0.957885861397
51702,0.994841814041
51703,0.998276054859
51704,0.993448495865
51705,0.992829561234
51706,0.998606979847
51707,0.991059839725
51708,0.995628535748
51709,0.987399041653
51710,0.995674490929
51711,0.99848139286
51712,0.99820047617
51713,0.996842384338
51714,0.998606979847
51715,0.998606979847
51716,0.998079001904
51717,0.998606979847
51718,0.994273543358
51719,0.992947757244
51720,0.94948810339
51721,0.99793946743
51722,0.998606979847
51723,0.996818959713
51724,0.993045032024
51725,0.998606979847
51726,0.99633949995
51727,0.996001303196
51728,0.998606979847
51729,0.998112678528
51730,0.998406648636
51731,0.995456814766
51732,0.998606979847
51733,0.997114419937
51734,0.997464060783
51735,0.96528595686
51736,0.992704153061
51737,0.987993240356
51738,0.994701504707
51739,0.998606979847
51740,0.990806818008
51741,0.98909932375
51742,0.998243689537
51743,0.94063782692
51744,0.997317194939
51745,0.996007800102
51746,0.998606979847
51747,0.987201809883
51748,0.97866243124
51749,0.924913048744
51750,0.991871297359
51751,0.950907707214
51752,0.98583060503
51753,0.99838078022
51754,0.986288368702
51755,0.99848139286
51756,0.998260438442
51757,0.997889041901
51758,0.990172147751
51759,0.99734556675
51760,0.994925200939
51761,0.978668212891
51762,0.993722617626
51763,0.991143465042
51764,0.996028184891
51765,0.998606979847
51766,0.998153328896
51767,0.99359691143
51768,0.997988402843
51769,0.993375957012
51770,0.997464060783
51771,0.998606979847
51772,0.938948571682
51773,0.998606979847
51774,0.998606979847
51775,0.99848139286
51776,0.987177848816
51777,0.972418665886
51778,0.998483419418
51779,0.998606979847
51780,0.99644446373
51781,0.994078040123
51782,0.998606979847
51783,0.998406648636
51784,0.986875414848
51785,0.995801389217
51786,0.99635130167
51787,0.99271351099
51788,0.998407959938
51789,0.998606979847
51790,0.998606979847
51791,0.997430801392
51792,0.998273909092
51793,0.998102426529
51794,0.986116051674
51795,0.998483419418
51796,0.998606979847
51797,0.998606979847
51798,0.990034103394
51799,0.992820560932
51800,0.998220264912
51801,0.998606979847
51802,0.995257675648
51803,0.998606979847
51804,0.992483794689
51805,0.998606979847
51806,0.996353328228
51807,0.989777684212
51808,0.99829441309
51809,0.998368620872
51810,0.995782911777
51811,0.998606979847
51812,0.998406648636
51813,0.995517611504
51814,0.992400109768
51815,0.998606979847
51816,0.95992398262
51817,0.998276054859
51818,0.99848139286
51819,0.99838078022
51820,0.998145222664
51821,0.989025056362
51822,0.988524734974
51823,0.998606979847
51824,0.996411442757
51825,0.995873093605
51826,0.998181462288
51827,0.978697180748
51828,0.997794151306
51829,0.986336052418
51830,0.998406648636
51831,0.994942486286
51832,0.998005568981
51833,0.998606979847
51834,0.996312081814
51835,0.99793946743
51836,0.943221867085
51837,0.987043976784
51838,0.956634581089
51839,0.998606979847
51840,0.993278801441
51841,0.994293093681
51842,0.969243168831
51843,0.994396626949
51844,0.997571706772
51845,0.971814215183
51846,0.994840085506
51847,0.99472463131
51848,0.99848139286
51849,0.991067349911
51850,0.995845198631
51851,0.998606979847
51852,0.996146798134
51853,0.996984064579
51854,0.992657363415
51855,0.998302519321
51856,0.997900903225
51857,0.95884937048
51858,0.998606979847
51859,0.99313634634
51860,0.998181462288
51861,0.99838078022
51862,0.994300663471
51863,0.998606979847
51864,0.956715762615
51865,0.998606979847
51866,0.992167890072
51867,0.971436440945
51868,0.99848139286
51869,0.996842384338
51870,0.998606979847
51871,0.997803032398
51872,0.995305478573
51873,0.998606979847
51874,0.998606979847
51875,0.998406648636
51876,0.990451097488
51877,0.991068720818
51878,0.998200654984
51879,0.998260438442
51880,0.997464060783
51881,0.99644446373
51882,0.998606979847
51883,0.998606979847
51884,0.992389976978
51885,0.99838078022
51886,0.994450747967
51887,0.998606979847
51888,0.994339048862
51889,0.971502125263
51890,0.998022079468
51891,0.99820047617
51892,0.994300663471
51893,0.998181462288
51894,0.998606979847
51895,0.998606979847
51896,0.998606979847
51897,0.998276054859
51898,0.980228543282
51899,0.998606979847
51900,0.998606979847
51901,0.998406648636
51902,0.99848139286
51903,0.980157971382
51904,0.99848139286
51905,0.998483419418
51906,0.998606979847
51907,0.998364388943
51908,0.996842384338
51909,0.993504703045
51910,0.995751619339
51911,0.998606979847
51912,0.989031732082
51913,0.99793946743
51914,0.99820047617
51915,0.993962705135
51916,0.917942643166
51917,0.993521213531
51918,0.998606979847
51919,0.958513915539
51920,0.856034994125
51921,0.994678735733
51922,0.805991292
51923,0.99263459444
51924,0.998606979847
51925,0.998266220093
51926,0.992829561234
51927,0.996676027775
51928,0.991604208946
51929,0.997828781605
51930,0.998428761959
51931,0.992393434048
51932,0.985034823418
51933,0.998276054859
51934,0.991934776306
51935,0.992244899273
51936,0.998406648636
51937,0.992828547955
51938,0.942679047585
51939,0.992046952248
51940,0.998200654984
51941,0.998606979847
51942,0.99804186821
51943,0.981585919857
51944,0.99644446373
51945,0.998606979847
51946,0.998606979847
51947,0.995248913765
51948,0.998606979847
51949,0.998606979847
51950,0.9909953475
51951,0.991923809052
51952,0.998276054859
51953,0.997508645058
51954,0.994187355042
51955,0.99820047617
51956,0.998606979847
51957,0.99848139286
51958,0.991725742817
51959,0.994414925575
51960,0.99838078022
51961,0.996334016323
51962,0.995609223843
51963,0.99793946743
51964,0.927416503429
51965,0.998606979847
51966,0.997828781605
51967,0.997604727745
51968,0.998606979847
51969,0.998606979847
51970,0.998606979847
51971,0.998606979847
51972,0.998606979847
51973,0.998428761959
51974,0.998184978962
51975,0.998606979847
51976,0.998606979847
51977,0.993914842606
51978,0.99838078022
51979,0.996027112007
51980,0.998606979847
51981,0.991143465042
51982,0.998428761959
51983,0.995472192764
51984,0.766908168793
51985,0.964901149273
51986,0.993914842606
51987,0.998606979847
51988,0.991258203983
51989,0.99820047617
51990,0.998606979847
51991,0.998606979847
51992,0.891367256641
51993,0.99848139286
51994,0.99848139286
51995,0.998145222664
51996,0.99263459444
51997,0.940923690796
51998,0.998606979847
51999,0.998606979847
52000,0.995488941669
52001,0.99848139286
52002,0.997889041901
52003,0.995469391346
52004,0.997828781605
52005,0.99829441309
52006,0.957487165928
52007,0.998606979847
52008,0.991767406464
52009,0.994300663471
52010,0.99848139286
52011,0.996181607246
52012,0.998606979847
52013,0.998293995857
52014,0.993459045887
52015,0.99259531498
52016,0.992716789246
52017,0.996140956879
52018,0.99717271328
52019,0.987535715103
52020,0.995394945145
52021,0.994299650192
52022,0.998606979847
52023,0.998406648636
52024,0.997621178627
52025,0.965464651585
52026,0.99848139286
52027,0.996842384338
52028,0.998013615608
52029,0.99829441309
52030,0.998220264912
52031,0.99644446373
52032,0.997481524944
52033,0.998368620872
52034,0.972763180733
52035,0.998153328896
52036,0.994102954865
52037,0.994758427143
52038,0.998153328896
52039,0.998606979847
52040,0.996007800102
52041,0.99375975132
52042,0.991182327271
52043,0.998483419418
52044,0.997291088104
52045,0.996015369892
52046,0.99848139286
52047,0.998260438442
52048,0.998606979847
52049,0.996312081814
52050,0.998483419418
52051,0.99848139286
52052,0.993533909321
52053,0.998428761959
52054,0.99848139286
52055,0.99413561821
52056,0.998407959938
52057,0.998606979847
52058,0.998220264912
52059,0.84112662077
52060,0.970953822136
52061,0.992829561234
52062,0.998606979847
52063,0.998606979847
52064,0.995883405209
52065,0.99848139286
52066,0.998260438442
52067,0.998074531555
52068,0.974829316139
52069,0.996045529842
52070,0.969530761242
52071,0.998181462288
52072,0.993722617626
52073,0.99848139286
52074,0.997900903225
52075,0.995897948742
52076,0.994692385197
52077,0.998368620872
52078,0.970619440079
52079,0.972604930401
52080,0.998606979847
52081,0.99848139286
52082,0.997599542141
52083,0.994115173817
52084,0.998163342476
52085,0.998081326485
52086,0.995825171471
52087,0.99838078022
52088,0.997713565826
52089,0.998606979847
52090,0.998606979847
52091,0.889065563679
52092,0.998606979847
52093,0.998220264912
52094,0.997888922691
52095,0.993826210499
52096,0.991210520267
52097,0.998181462288
52098,0.993824005127
52099,0.974453210831
52100,0.99838078022
52101,0.998260438442
52102,0.998302519321
52103,0.997658252716
52104,0.89880746603
52105,0.998606979847
52106,0.992393434048
52107,0.995348155499
52108,0.99801248312
52109,0.990598380566
52110,0.99848139286
52111,0.997900903225
52112,0.99848139286
52113,0.986512959003
52114,0.972520649433
52115,0.99554425478
52116,0.996411442757
52117,0.998606979847
52118,0.993344783783
52119,0.991535067558
52120,0.996146798134
52121,0.998606979847
52122,0.998606979847
52123,0.988258063793
52124,0.931759655476
52125,0.998606979847
52126,0.998145222664
52127,0.998181462288
52128,0.992820084095
52129,0.99838078022
52130,0.998153328896
52131,0.988676667213
52132,0.9974411726
52133,0.99848139286
52134,0.994560658932
52135,0.994985103607
52136,0.99820047617
52137,0.998606979847
52138,0.998406648636
52139,0.997280418873
52140,0.955832362175
52141,0.989094913006
52142,0.998606979847
52143,0.998606979847
52144,0.994199931622
52145,0.99829441309
52146,0.998407959938
52147,0.998013615608
52148,0.995401382446
52149,0.997342705727
52150,0.998606979847
52151,0.944322943687
52152,0.992718338966
52153,0.962637245655
52154,0.99444681406
52155,0.996146798134
52156,0.99232250452
52157,0.998606979847
52158,0.974039971828
52159,0.998606979847
52160,0.998606979847
52161,0.998406648636
52162,0.99848139286
52163,0.998606979847
52164,0.99848139286
52165,0.985778689384
52166,0.998013615608
52167,0.998606979847
52168,0.998406648636
52169,0.998483419418
52170,0.992743372917
52171,0.997253835201
52172,0.988226652145
52173,0.998606979847
52174,0.998606979847
52175,0.99838078022
52176,0.996956944466
52177,0.998606979847
52178,0.99848139286
52179,0.998606979847
52180,0.99848139286
52181,0.99829441309
52182,0.998606979847
52183,0.99820047617
52184,0.99848139286
52185,0.996146798134
52186,0.99644446373
52187,0.996007800102
52188,0.998606979847
52189,0.998606979847
52190,0.976714253426
52191,0.998606979847
52192,0.998606979847
52193,0.96637493372
52194,0.991934776306
52195,0.995400667191
52196,0.998200178146
52197,0.99820047617
52198,0.974178910255
52199,0.995782911777
52200,0.989150106907
52201,0.998606979847
52202,0.991934776306
52203,0.998606979847
52204,0.99848139286
52205,0.99838078022
52206,0.99848139286
52207,0.998181462288
52208,0.987729728222
52209,0.997172415257
52210,0.997762143612
52211,0.998184978962
52212,0.998606979847
52213,0.934366822243
52214,0.998606979847
52215,0.99848139286
52216,0.998606979847
52217,0.998406648636
52218,0.997774899006
52219,0.992747008801
52220,0.998145222664
52221,0.998606979847
52222,0.901856541634
52223,0.998606979847
52224,0.998606979847
52225,0.98460829258
52226,0.998606979847
52227,0.992716789246
52228,0.994573771954
52229,0.998606979847
52230,0.990006089211
52231,0.99838078022
52232,0.998606979847
52233,0.99838078022
52234,0.998606979847
52235,0.996146798134
52236,0.998407959938
52237,0.99578589201
52238,0.99838078022
52239,0.998606979847
52240,0.99263459444
52241,0.998606979847
52242,0.971728205681
52243,0.986141383648
52244,0.998606979847
52245,0.998094499111
52246,0.981958806515
52247,0.99245005846
52248,0.992389976978
52249,0.995247781277
52250,0.997745871544
52251,0.977446198463
52252,0.992393434048
52253,0.998606979847
52254,0.998606979847
52255,0.99145758152
52256,0.991308510303
52257,0.998606979847
52258,0.980912148952
52259,0.991623342037
52260,0.995472192764
52261,0.998406648636
52262,0.978888988495
52263,0.996603786945
52264,0.998606979847
52265,0.992305397987
52266,0.99848139286
52267,0.99263459444
52268,0.895689547062
52269,0.997621715069
52270,0.996353328228
52271,0.994681239128
52272,0.998606979847
52273,0.998606979847
52274,0.997712135315
52275,0.99838078022
52276,0.99801248312
52277,0.998483419418
52278,0.998606979847
52279,0.99848139286
52280,0.99848139286
52281,0.983913838863
52282,0.99793946743
52283,0.998153328896
52284,0.998606979847
52285,0.998606979847
52286,0.997828781605
52287,0.998606979847
52288,0.95947009325
52289,0.996353328228
52290,0.998220264912
52291,0.998079001904
52292,0.997783958912
52293,0.998273909092
52294,0.99838078022
52295,0.998260438442
52296,0.956212222576
52297,0.998606979847
52298,0.970182001591
52299,0.995810329914
52300,0.998606979847
52301,0.998606979847
52302,0.997464060783
52303,0.998302519321
52304,0.998606979847
52305,0.989592850208
52306,0.998406648636
52307,0.998406648636
52308,0.995655536652
52309,0.998606979847
52310,0.989665806293
52311,0.966236591339
52312,0.98460829258
52313,0.998227238655
52314,0.997835695744
52315,0.996309936047
52316,0.998406648636
52317,0.997685015202
52318,0.99793946743
52319,0.998302519321
52320,0.998606979847
52321,0.997475922108
52322,0.99250125885
52323,0.992757499218
52324,0.998241424561
52325,0.998220264912
52326,0.99848139286
52327,0.985038399696
52328,0.99838078022
52329,0.99838078022
52330,0.996411442757
52331,0.998054504395
52332,0.991142272949
52333,0.9972422719
52334,0.997788965702
52335,0.995842754841
52336,0.988461077213
52337,0.998276054859
52338,0.988223075867
52339,0.968977212906
52340,0.996027112007
52341,0.99509447813
52342,0.984875261784
52343,0.997713565826
52344,0.998606979847
52345,0.998606979847
52346,0.99848139286
52347,0.998606979847
52348,0.992389976978
52349,0.995394945145
52350,0.990171551704
52351,0.993375957012
52352,0.997783958912
52353,0.991182327271
52354,0.99838078022
52355,0.983199894428
52356,0.991396248341
52357,0.993036389351
52358,0.995437681675
52359,0.998606979847
52360,0.998606979847
52361,0.998606979847
52362,0.989649116993
52363,0.992089271545
52364,0.998606979847
52365,0.99848139286
52366,0.998606979847
52367,0.998606979847
52368,0.994440078735
52369,0.995311737061
52370,0.998406648636
52371,0.996411442757
52372,0.99263459444
52373,0.995005548
52374,0.995508730412
52375,0.998200654984
52376,0.99848139286
52377,0.998483419418
52378,0.990745544434
52379,0.993550479412
52380,0.997125327587
52381,0.92446231842
52382,0.998606979847
52383,0.998302519321
52384,0.99578422308
52385,0.998352825642
52386,0.997679948807
52387,0.99793946743
52388,0.997037529945
52389,0.99829441309
52390,0.998606979847
52391,0.998364388943
52392,0.99848139286
52393,0.998407959938
52394,0.998606979847
52395,0.998153328896
52396,0.998047590256
52397,0.998200654984
52398,0.998606979847
52399,0.993826210499
52400,0.998606979847
52401,0.990292072296
52402,0.99848139286
52403,0.99838078022
52404,0.997783958912
52405,0.992836296558
52406,0.993375957012
52407,0.998112678528
52408,0.993827879429
52409,0.99848139286
52410,0.994627535343
52411,0.978910446167
52412,0.992716789246
52413,0.991671204567
52414,0.998606979847
52415,0.993557155132
52416,0.99848139286
52417,0.994683086872
52418,0.998368620872
52419,0.995924890041
52420,0.998606979847
52421,0.982304990292
52422,0.975851297379
52423,0.998606979847
52424,0.998606979847
52425,0.998368620872
52426,0.996164977551
52427,0.998606979847
52428,0.998606979847
52429,0.955105483532
52430,0.998276054859
52431,0.99793946743
52432,0.992989659309
52433,0.935967445374
52434,0.998153328896
52435,0.974076151848
52436,0.99848139286
52437,0.99263459444
52438,0.993856072426
52439,0.993682861328
52440,0.99848139286
52441,0.998606979847
52442,0.994530558586
52443,0.998153328896
52444,0.998606979847
52445,0.995924770832
52446,0.896365702152
52447,0.998606979847
52448,0.994632482529
52449,0.998606979847
52450,0.974819302559
52451,0.99838078022
52452,0.998606979847
52453,0.997889041901
52454,0.99793946743
52455,0.99838078022
52456,0.966880261898
52457,0.99793946743
52458,0.998407959938
52459,0.962083101273
52460,0.995357811451
52461,0.998606979847
52462,0.992014110088
52463,0.99554425478
52464,0.994032859802
52465,0.991576969624
52466,0.99848139286
52467,0.992097318172
52468,0.997828781605
52469,0.993945300579
52470,0.917217612267
52471,0.998368620872
52472,0.998260438442
52473,0.989872574806
52474,0.997889041901
52475,0.992702007294
52476,0.992947757244
52477,0.99793946743
52478,0.99848139286
52479,0.99838078022
52480,0.996146798134
52481,0.995389163494
52482,0.995516598225
52483,0.998407959938
52484,0.98986184597
52485,0.998606979847
52486,0.996603786945
52487,0.998013615608
52488,0.996027112007
52489,0.988689899445
52490,0.993686556816
52491,0.949282228947
52492,0.99848139286
52493,0.998606979847
52494,0.996848404408
52495,0.941646575928
52496,0.996411442757
52497,0.997685015202
52498,0.988169431686
52499,0.998606979847
52500,0.997436821461
52501,0.99829441309
52502,0.994186758995
52503,0.990598380566
52504,0.987245619297
52505,0.99838078022
52506,0.99848139286
52507,0.998606979847
52508,0.994634270668
52509,0.998606979847
52510,0.998606979847
52511,0.996027112007
52512,0.99570608139
52513,0.998606979847
52514,0.996586322784
52515,0.998606979847
52516,0.938342154026
52517,0.998606979847
52518,0.995226860046
52519,0.99359691143
52520,0.937772333622
52521,0.99848139286
52522,0.99848139286
52523,0.992799162865
52524,0.998220264912
52525,0.993065655231
52526,0.998606979847
52527,0.99263459444
52528,0.998606979847
52529,0.989126086235
52530,0.992921948433
52531,0.998406648636
52532,0.992140233517
52533,0.994552135468
52534,0.9863499403
52535,0.998406648636
52536,0.99848139286
52537,0.91566580534
52538,0.996073663235
52539,0.998200654984
52540,0.965554714203
52541,0.991000771523
52542,0.998406648636
52543,0.998606979847
52544,0.998606979847
52545,0.995257675648
52546,0.996544718742
52547,0.99838078022
52548,0.998606979847
52549,0.99820047617
52550,0.998220264912
52551,0.986845195293
52552,0.998606979847
52553,0.998606979847
52554,0.998606979847
52555,0.998606979847
52556,0.989451229572
52557,0.99793946743
52558,0.990610837936
52559,0.944930076599
52560,0.892117142677
52561,0.991418480873
52562,0.997937142849
52563,0.946632027626
52564,0.987966179848
52565,0.998606979847
52566,0.998407959938
52567,0.998606979847
52568,0.998606979847
52569,0.997464060783
52570,0.99838078022
52571,0.919934868813
52572,0.998352825642
52573,0.998606979847
52574,0.992546677589
52575,0.99820047617
52576,0.995975792408
52577,0.989653706551
52578,0.994462072849
52579,0.998483419418
52580,0.996977567673
52581,0.997685015202
52582,0.993384182453
52583,0.99793946743
52584,0.998155415058
52585,0.998368620872
52586,0.99820047617
52587,0.994244456291
52588,0.998122990131
52589,0.99793946743
52590,0.99848139286
52591,0.993571519852
52592,0.998407959938
52593,0.966023147106
52594,0.99323707819
52595,0.996027112007
52596,0.983307778835
52597,0.985608637333
52598,0.998606979847
52599,0.980570554733
52600,0.998606979847
52601,0.997685015202
52602,0.990457177162
52603,0.99820047617
52604,0.998606979847
52605,0.99607104063
52606,0.996353328228
52607,0.998606979847
52608,0.99848139286
52609,0.995257675648
52610,0.980599164963
52611,0.955541491508
52612,0.998606979847
52613,0.996411442757
52614,0.995666623116
52615,0.998606979847
52616,0.979802787304
52617,0.998181462288
52618,0.99709290266
52619,0.82364320755
52620,0.98701775074
52621,0.996048867702
52622,0.958149552345
52623,0.989399254322
52624,0.998606979847
52625,0.998200654984
52626,0.998606979847
52627,0.996956944466
52628,0.998406648636
52629,0.997866868973
52630,0.998606979847
52631,0.991860508919
52632,0.996034264565
52633,0.99838078022
52634,0.998606979847
52635,0.996027112007
52636,0.993826210499
52637,0.998022854328
52638,0.998200178146
52639,0.994886100292
52640,0.998606979847
52641,0.998606979847
52642,0.9909953475
52643,0.97496253252
52644,0.998606979847
52645,0.990281999111
52646,0.998606979847
52647,0.998606979847
52648,0.998606979847
52649,0.998606979847
52650,0.991753101349
52651,0.998302519321
52652,0.98904389143
52653,0.993014156818
52654,0.997364938259
52655,0.998606979847
52656,0.986825168133
52657,0.993048906326
52658,0.992140233517
52659,0.995044708252
52660,0.998606979847
52661,0.998155236244
52662,0.998606979847
52663,0.99194663763
52664,0.99145758152
52665,0.919579148293
52666,0.997903585434
52667,0.992374002934
52668,0.998352825642
52669,0.998606979847
52670,0.996735036373
52671,0.997900903225
52672,0.996842384338
52673,0.99644446373
52674,0.995044708252
52675,0.981426119804
52676,0.995619893074
52677,0.993128478527
52678,0.995914697647
52679,0.998606979847
52680,0.998606979847
52681,0.99848139286
52682,0.990245401859
52683,0.99079144001
52684,0.99838078022
52685,0.993895411491
52686,0.995227217674
52687,0.998013615608
52688,0.99359691143
52689,0.973092138767
52690,0.99838078022
52691,0.99848139286
52692,0.997600913048
52693,0.99848139286
52694,0.99829441309
52695,0.998054504395
52696,0.998483419418
52697,0.99848139286
52698,0.998081326485
52699,0.995280325413
52700,0.994014203548
52701,0.998428761959
52702,0.99848139286
52703,0.99793946743
52704,0.998606979847
52705,0.998407959938
52706,0.920870423317
52707,0.994311213493
52708,0.993156135082
52709,0.962332427502
52710,0.992151916027
52711,0.987106204033
52712,0.995883405209
52713,0.997815132141
52714,0.99848139286
52715,0.997685015202
52716,0.993375957012
52717,0.998407959938
52718,0.993178665638
52719,0.998013615608
52720,0.99801248312
52721,0.943995773792
52722,0.998181462288
52723,0.991452395916
52724,0.991931855679
52725,0.998606979847
52726,0.992703855038
52727,0.992111206055
52728,0.992879331112
52729,0.998241424561
52730,0.998606979847
52731,0.99848139286
52732,0.991959631443
52733,0.998606979847
52734,0.986894011497
52735,0.998606979847
52736,0.991897821426
52737,0.99848139286
52738,0.998606979847
52739,0.983539700508
52740,0.998606979847
52741,0.995464742184
52742,0.9974411726
52743,0.99804186821
52744,0.998406648636
52745,0.993788719177
52746,0.994199931622
52747,0.990543782711
52748,0.99848139286
52749,0.998606979847
52750,0.997988402843
52751,0.993895411491
52752,0.991630613804
52753,0.997708141804
52754,0.998606979847
52755,0.945520579815
52756,0.994026005268
52757,0.998127579689
52758,0.99793946743
52759,0.991934776306
52760,0.998407959938
52761,0.965496480465
52762,0.991576969624
52763,0.998606979847
52764,0.992389976978
52765,0.993394434452
52766,0.99800080061
52767,0.996072053909
52768,0.998606979847
52769,0.998606979847
52770,0.971399903297
52771,0.998606979847
52772,0.989618480206
52773,0.993644118309
52774,0.99848139286
52775,0.9909953475
52776,0.981279075146
52777,0.995117902756
52778,0.998260438442
52779,0.998606979847
52780,0.998155415058
52781,0.957242369652
52782,0.998606979847
52783,0.998606979847
52784,0.99508947134
52785,0.99793946743
52786,0.998483419418
52787,0.997679948807
52788,0.99820047617
52789,0.99793946743
52790,0.995472192764
52791,0.998606979847
52792,0.998606979847
52793,0.995388090611
52794,0.997558534145
52795,0.997599542141
52796,0.998309850693
52797,0.997222423553
52798,0.880115151405
52799,0.99838078022
52800,0.998079001904
52801,0.99848139286
52802,0.985946774483
52803,0.932499051094
52804,0.998407959938
52805,0.998220264912
52806,0.99838078022
52807,0.998606979847
52808,0.998606979847
52809,0.998102426529
52810,0.99554425478
52811,0.991130828857
52812,0.992716789246
52813,0.998606979847
52814,0.99838078022
52815,0.99848139286
52816,0.998606979847
52817,0.995788991451
52818,0.99587225914
52819,0.99554425478
52820,0.998220264912
52821,0.998428761959
52822,0.99838078022
52823,0.933379113674
52824,0.998606979847
52825,0.998181462288
52826,0.998406648636
52827,0.989717423916
52828,0.997783958912
52829,0.986905574799
52830,0.985763192177
52831,0.998181462288
52832,0.998606979847
52833,0.998606979847
52834,0.994448900223
52835,0.998013615608
52836,0.973791658878
52837,0.998184978962
52838,0.998045861721
52839,0.995962321758
52840,0.997246146202
52841,0.996009111404
52842,0.990705966949
52843,0.965504169464
52844,0.996014237404
52845,0.967181444168
52846,0.99848139286
52847,0.991031169891
52848,0.989789962769
52849,0.998102426529
52850,0.934639751911
52851,0.998606979847
52852,0.992829561234
52853,0.997951805592
52854,0.988806724548
52855,0.99145758152
52856,0.997888922691
52857,0.99838078022
52858,0.850484609604
52859,0.998606979847
52860,0.991435945034
52861,0.998606979847
52862,0.992140233517
52863,0.99848139286
52864,0.998606979847
52865,0.998606979847
52866,0.998606979847
52867,0.99829441309
52868,0.99593526125
52869,0.997826635838
52870,0.998606979847
52871,0.994678735733
52872,0.996334016323
52873,0.982817530632
52874,0.996076047421
52875,0.990623831749
52876,0.970995485783
52877,0.990181863308
52878,0.993826210499
52879,0.972878932953
52880,0.995031356812
52881,0.974397957325
52882,0.987214267254
52883,0.98635071516
52884,0.998483419418
52885,0.998606979847
52886,0.99829441309
52887,0.998606979847
52888,0.996027112007
52889,0.99838078022
52890,0.99145758152
52891,0.963872075081
52892,0.98029756546
52893,0.998606979847
52894,0.99502068758
52895,0.994840085506
52896,0.998031020164
52897,0.998606979847
52898,0.998364388943
52899,0.995220005512
52900,0.977605700493
52901,0.992470264435
52902,0.995924890041
52903,0.997703015804
52904,0.998200654984
52905,0.997842073441
52906,0.998606979847
52907,0.998260438442
52908,0.988213479519
52909,0.993178665638
52910,0.99848139286
52911,0.964998781681
52912,0.945075631142
52913,0.99580425024
52914,0.99848139286
52915,0.996353328228
52916,0.998606979847
52917,0.998113453388
52918,0.997604727745
52919,0.99829441309
52920,0.996586322784
52921,0.963558793068
52922,0.99848139286
52923,0.992657363415
52924,0.998368620872
52925,0.998606979847
52926,0.996411442757
52927,0.998606979847
52928,0.98363673687
52929,0.997841417789
52930,0.994841814041
52931,0.996140956879
52932,0.99848139286
52933,0.993826210499
52934,0.956405639648
52935,0.993903756142
52936,0.990181863308
52937,0.997783958912
52938,0.99829441309
52939,0.99394762516
52940,0.998352825642
52941,0.997638404369
52942,0.99848139286
52943,0.995668113232
52944,0.998606979847
52945,0.99848139286
52946,0.979427933693
52947,0.99838078022
52948,0.992376744747
52949,0.997243046761
52950,0.984675645828
52951,0.99848139286
52952,0.998260438442
52953,0.998145222664
52954,0.983014166355
52955,0.998606979847
52956,0.991959631443
52957,0.942177057266
52958,0.998407959938
52959,0.99838078022
52960,0.991435527802
52961,0.998606979847
52962,0.997713804245
52963,0.998302519321
52964,0.982309043407
52965,0.997679948807
52966,0.995472192764
52967,0.998364388943
52968,0.99848139286
52969,0.997508645058
52970,0.998407959938
52971,0.95620983839
52972,0.998200654984
52973,0.992778658867
52974,0.997828781605
52975,0.998260438442
52976,0.996027112007
52977,0.971799612045
52978,0.994619250298
52979,0.99076706171
52980,0.99838078022
52981,0.991142272949
52982,0.99848139286
52983,0.998081326485
52984,0.998260438442
52985,0.99820047617
52986,0.998606979847
52987,0.94507676363
52988,0.99829441309
52989,0.996573746204
52990,0.997879803181
52991,0.998606979847
52992,0.998013615608
52993,0.998302519321
52994,0.998606979847
52995,0.996603786945
52996,0.992614209652
52997,0.995216012001
52998,0.998102426529
52999,0.946434378624
53000,0.972961306572
53001,0.99271351099
53002,0.977326154709
53003,0.99793946743
53004,0.993069469929
53005,0.997866868973
53006,0.998606979847
53007,0.998606979847
53008,0.998406648636
53009,0.992947757244
53010,0.996411442757
53011,0.994841814041
53012,0.998406648636
53013,0.998606979847
53014,0.990327239037
53015,0.994930326939
53016,0.991762518883
53017,0.998200654984
53018,0.998606979847
53019,0.998064756393
53020,0.917019248009
53021,0.997788965702
53022,0.993826210499
53023,0.994499564171
53024,0.99848139286
53025,0.778669059277
53026,0.998227238655
53027,0.998407959938
53028,0.935262322426
53029,0.99838078022
53030,0.996146798134
53031,0.998606979847
53032,0.99848139286
53033,0.949651539326
53034,0.998606979847
53035,0.995939612389
53036,0.99270349741
53037,0.99829441309
53038,0.998606979847
53039,0.960493206978
53040,0.991935968399
53041,0.998606979847
53042,0.998606979847
53043,0.993319034576
53044,0.998606979847
53045,0.988817036152
53046,0.998276054859
53047,0.998368620872
53048,0.998606979847
53049,0.995484411716
53050,0.993867456913
53051,0.942981123924
53052,0.990820527077
53053,0.949524223804
53054,0.99838078022
53055,0.995518863201
53056,0.953217625618
53057,0.98991984129
53058,0.993551790714
53059,0.998606979847
53060,0.998364388943
53061,0.998127579689
53062,0.99848139286
53063,0.978335738182
53064,0.856763780117
53065,0.998406648636
53066,0.989925503731
53067,0.998606979847
53068,0.937893569469
53069,0.998606979847
53070,0.992261469364
53071,0.998406648636
53072,0.998483419418
53073,0.998211562634
53074,0.994258463383
53075,0.990712344646
53076,0.997745871544
53077,0.99793946743
53078,0.993826210499
53079,0.998406648636
53080,0.997532427311
53081,0.998606979847
53082,0.99848139286
53083,0.995883405209
53084,0.956624209881
53085,0.998606979847
53086,0.99848139286
53087,0.993670046329
53088,0.998407959938
53089,0.998022079468
53090,0.998606979847
53091,0.998483419418
53092,0.9950273633
53093,0.997530579567
53094,0.993551790714
53095,0.993950605392
53096,0.998606979847
53097,0.972295939922
53098,0.99848139286
53099,0.972703099251
53100,0.998302519321
53101,0.996933102608
53102,0.998606979847
53103,0.987896502018
53104,0.996411442757
53105,0.998606979847
53106,0.994910240173
53107,0.998606979847
53108,0.993826210499
53109,0.985427379608
53110,0.997788965702
53111,0.900199592113
53112,0.990114748478
53113,0.996072053909
53114,0.996842384338
53115,0.959059715271
53116,0.99848139286
53117,0.998407959938
53118,0.99848139286
53119,0.986277699471
53120,0.996281862259
53121,0.994904756546
53122,0.993826210499
53123,0.993230998516
53124,0.998606979847
53125,0.99820047617
53126,0.998352825642
53127,0.998606979847
53128,0.996076047421
53129,0.997889041901
53130,0.997900903225
53131,0.997486829758
53132,0.996758520603
53133,0.99838078022
53134,0.998606979847
53135,0.998606979847
53136,0.993826210499
53137,0.998606979847
53138,0.990570127964
53139,0.996414005756
53140,0.998606979847
53141,0.998606979847
53142,0.991887807846
53143,0.99829441309
53144,0.997879803181
53145,0.994037389755
53146,0.987737894058
53147,0.905339598656
53148,0.997309565544
53149,0.994924485683
53150,0.997961580753
53151,0.998606979847
53152,0.986288368702
53153,0.99838078022
53154,0.99848139286
53155,0.985135793686
53156,0.991938054562
53157,0.998406648636
53158,0.998220264912
53159,0.931850135326
53160,0.998606979847
53161,0.998606979847
53162,0.992393434048
53163,0.998368620872
53164,0.975963532925
53165,0.997418224812
53166,0.998276054859
53167,0.996411442757
53168,0.998606979847
53169,0.99848139286
53170,0.997988402843
53171,0.992115020752
53172,0.998200654984
53173,0.998606979847
53174,0.998606979847
53175,0.99793946743
53176,0.99838078022
53177,0.997636258602
53178,0.992771565914
53179,0.986423075199
53180,0.989712059498
53181,0.994132876396
53182,0.985458910465
53183,0.995873093605
53184,0.998155415058
53185,0.99838078022
53186,0.988375723362
53187,0.998606979847
53188,0.99829441309
53189,0.99804186821
53190,0.99838078022
53191,0.994906306267
53192,0.995467126369
53193,0.995086371899
53194,0.998606979847
53195,0.998153328896
53196,0.99848139286
53197,0.997446119785
53198,0.983526170254
53199,0.99838078022
53200,0.997481524944
53201,0.998134315014
53202,0.998047590256
53203,0.99210113287
53204,0.996586322784
53205,0.998606979847
53206,0.992829561234
53207,0.998606979847
53208,0.993079900742
53209,0.998606979847
53210,0.992105603218
53211,0.990058302879
53212,0.997745871544
53213,0.998220264912
53214,0.99848139286
53215,0.998606979847
53216,0.991559207439
53217,0.998606979847
53218,0.996140956879
53219,0.998407959938
53220,0.996182441711
53221,0.98363673687
53222,0.98648327589
53223,0.998606979847
53224,0.998302519321
53225,0.99838078022
53226,0.993312358856
53227,0.974046826363
53228,0.991786718369
53229,0.99709290266
53230,0.996041119099
53231,0.970808625221
53232,0.995545864105
53233,0.997097671032
53234,0.987154662609
53235,0.99023270607
53236,0.998368620872
53237,0.990705966949
53238,0.997881054878
53239,0.99848139286
53240,0.976408302784
53241,0.993826210499
53242,0.998200654984
53243,0.998606979847
53244,0.997508645058
53245,0.99793946743
53246,0.998606979847
53247,0.99848139286
53248,0.992235898972
53249,0.99613493681
53250,0.998606979847
53251,0.998606979847
53252,0.998606979847
53253,0.998364388943
53254,0.998606979847
53255,0.997182071209
53256,0.99793946743
53257,0.99848139286
53258,0.971584200859
53259,0.982920706272
53260,0.997266769409
53261,0.998606979847
53262,0.990819096565
53263,0.991465389729
53264,0.998276054859
53265,0.996143162251
53266,0.998606979847
53267,0.99838078022
53268,0.989872574806
53269,0.998606979847
53270,0.997685015202
53271,0.998606979847
53272,0.997783958912
53273,0.996989548206
53274,0.997464060783
53275,0.998606979847
53276,0.997418701649
53277,0.992657363415
53278,0.994060635567
53279,0.979078888893
53280,0.995086073875
53281,0.993611514568
53282,0.988401830196
53283,0.998407959938
53284,0.996842384338
53285,0.998407959938
53286,0.99838078022
53287,0.936557710171
53288,0.99829441309
53289,0.99775236845
53290,0.992315292358
53291,0.998273909092
53292,0.990245401859
53293,0.992754936218
53294,0.985930144787
53295,0.998153328896
53296,0.998606979847
53297,0.997446119785
53298,0.998606979847
53299,0.993164479733
53300,0.998606979847
53301,0.98718059063
53302,0.995645999908
53303,0.992987334728
53304,0.990172147751
53305,0.993229389191
53306,0.99775236845
53307,0.994103848934
53308,0.998606979847
53309,0.98356115818
53310,0.998406648636
53311,0.984221100807
53312,0.99263459444
53313,0.99848139286
53314,0.996146798134
53315,0.985684931278
53316,0.96825838089
53317,0.99820369482
53318,0.998112678528
53319,0.985181927681
53320,0.998102426529
53321,0.998606979847
53322,0.994886219501
53323,0.99793946743
53324,0.998276054859
53325,0.997373878956
53326,0.995817005634
53327,0.998079001904
53328,0.997866868973
53329,0.98899769783
53330,0.973675787449
53331,0.9943972826
53332,0.954771339893
53333,0.998606979847
53334,0.993489563465
53335,0.995757579803
53336,0.998483419418
53337,0.992426753044
53338,0.99587225914
53339,0.993722617626
53340,0.993096828461
53341,0.991514921188
53342,0.995357811451
53343,0.998606979847
53344,0.998606979847
53345,0.998606979847
53346,0.93590259552
53347,0.99793946743
53348,0.998406648636
53349,0.994370102882
53350,0.964769423008
53351,0.997988402843
53352,0.998483419418
53353,0.990616381168
53354,0.996146798134
53355,0.960354208946
53356,0.998606979847
53357,0.997988402843
53358,0.997725665569
53359,0.962346732616
53360,0.996027112007
53361,0.99159348011
53362,0.998606979847
53363,0.998260438442
53364,0.998094499111
53365,0.993715405464
53366,0.99848139286
53367,0.993351221085
53368,0.99323707819
53369,0.996027112007
53370,0.99793946743
53371,0.99237960577
53372,0.998216986656
53373,0.998273909092
53374,0.99263459444
53375,0.998606979847
53376,0.99838078022
53377,0.976613998413
53378,0.972560048103
53379,0.993640065193
53380,0.998368620872
53381,0.980015099049
53382,0.998407959938
53383,0.998606979847
53384,0.993502557278
53385,0.998606979847
53386,0.998606979847
53387,0.981859982014
53388,0.997571706772
53389,0.998606979847
53390,0.998606979847
53391,0.98788279295
53392,0.99820047617
53393,0.998606979847
53394,0.998483419418
53395,0.997222304344
53396,0.997713565826
53397,0.910595297813
53398,0.996586322784
53399,0.996544718742
53400,0.998368620872
53401,0.998606979847
53402,0.993579268456
53403,0.998606979847
53404,0.99607104063
53405,0.993803679943
53406,0.998241424561
53407,0.996842384338
53408,0.988118171692
53409,0.9936388731
53410,0.998606979847
53411,0.998127579689
53412,0.998606979847
53413,0.989426910877
53414,0.995088815689
53415,0.99838078022
53416,0.998220264912
53417,0.998606979847
53418,0.998606979847
53419,0.998276054859
53420,0.982859790325
53421,0.998606979847
53422,0.998184978962
53423,0.998047590256
53424,0.99838078022
53425,0.970029354095
53426,0.968192219734
53427,0.979367911816
53428,0.993826210499
53429,0.998606979847
53430,0.996067047119
53431,0.998483419418
53432,0.996925890446
53433,0.99829441309
53434,0.998031020164
53435,0.997685015202
53436,0.998428761959
53437,0.998483419418
53438,0.978956997395
53439,0.990705966949
53440,0.998606979847
53441,0.998013615608
53442,0.993327736855
53443,0.998606979847
53444,0.99848139286
53445,0.98648327589
53446,0.964576661587
53447,0.933071553707
53448,0.948070168495
53449,0.996027112007
53450,0.996729016304
53451,0.996842384338
53452,0.994462072849
53453,0.99838078022
53454,0.998606979847
53455,0.998606979847
53456,0.990448892117
53457,0.989927530289
53458,0.998606979847
53459,0.997255086899
53460,0.991958022118
53461,0.99793946743
53462,0.994815647602
53463,0.989458978176
53464,0.997393488884
53465,0.995351314545
53466,0.998013615608
53467,0.997989296913
53468,0.99838078022
53469,0.99635130167
53470,0.998406648636
53471,0.997968196869
53472,0.997880876064
53473,0.97423350811
53474,0.998606979847
53475,0.998241424561
53476,0.997713565826
53477,0.907615602016
53478,0.998606979847
53479,0.997600913048
53480,0.998606979847
53481,0.998200654984
53482,0.998483419418
53483,0.99848139286
53484,0.998606979847
53485,0.998153328896
53486,0.992277264595
53487,0.987848162651
53488,0.989838719368
53489,0.992829561234
53490,0.994841814041
53491,0.998606979847
53492,0.992829561234
53493,0.995280325413
53494,0.998273909092
53495,0.998606979847
53496,0.995879232883
53497,0.987396359444
53498,0.990884780884
53499,0.99848139286
53500,0.996411442757
53501,0.981212437153
53502,0.99793946743
53503,0.992321610451
53504,0.99848139286
53505,0.963339149952
53506,0.99403578043
53507,0.99848139286
53508,0.996138811111
53509,0.996034264565
53510,0.994792461395
53511,0.993559777737
53512,0.995386660099
53513,0.997828781605
53514,0.99848139286
53515,0.998406648636
53516,0.987778306007
53517,0.997855246067
53518,0.997778773308
53519,0.993964195251
53520,0.998606979847
53521,0.976013839245
53522,0.998606979847
53523,0.998606979847
53524,0.99848139286
53525,0.989340305328
53526,0.988870620728
53527,0.994841814041
53528,0.993952155113
53529,0.994151473045
53530,0.998483419418
53531,0.998606979847
53532,0.995022118092
53533,0.976548194885
53534,0.995849609375
53535,0.959147453308
53536,0.998406648636
53537,0.995054066181
53538,0.99838078022
53539,0.998606979847
53540,0.936929702759
53541,0.992829561234
53542,0.990606427193
53543,0.99848139286
53544,0.993791103363
53545,0.988481283188
53546,0.990929305553
53547,0.99838078022
53548,0.998302519321
53549,0.998200654984
53550,0.99848139286
53551,0.998606979847
53552,0.99848139286
53553,0.995612859726
53554,0.988061368465
53555,0.997783958912
53556,0.995609223843
53557,0.998406648636
53558,0.990833997726
53559,0.99848139286
53560,0.992829561234
53561,0.998606979847
53562,0.998606979847
53563,0.99232250452
53564,0.998368620872
53565,0.99848139286
53566,0.998074531555
53567,0.998184978962
53568,0.997828781605
53569,0.998260438442
53570,0.997778773308
53571,0.994867324829
53572,0.956661581993
53573,0.996754348278
53574,0.989754736423
53575,0.998352825642
53576,0.998013615608
53577,0.998606979847
53578,0.998606979847
53579,0.997571706772
53580,0.998606979847
53581,0.990226686001
53582,0.99848139286
53583,0.99848139286
53584,0.976327061653
53585,0.998606979847
53586,0.997446119785
53587,0.978981614113
53588,0.992545604706
53589,0.993130862713
53590,0.998606979847
53591,0.987337827682
53592,0.997571587563
53593,0.995334565639
53594,0.996146798134
53595,0.994259595871
53596,0.99848139286
53597,0.998483419418
53598,0.99838078022
53599,0.984662473202
53600,0.992740154266
53601,0.994902312756
53602,0.965837538242
53603,0.998220264912
53604,0.998094499111
53605,0.998606979847
53606,0.998606979847
53607,0.992947757244
53608,0.991143584251
53609,0.959122419357
53610,0.998606979847
53611,0.998276054859
53612,0.998364388943
53613,0.99644446373
53614,0.972807645798
53615,0.99848139286
53616,0.985614836216
53617,0.996312081814
53618,0.998606979847
53619,0.998606979847
53620,0.995782911777
53621,0.998606979847
53622,0.986769258976
53623,0.998407959938
53624,0.987411022186
53625,0.997020184994
53626,0.983779728413
53627,0.998094499111
53628,0.99838078022
53629,0.998483419418
53630,0.993296861649
53631,0.998606979847
53632,0.998407959938
53633,0.998260438442
53634,0.998606979847
53635,0.998606979847
53636,0.998606979847
53637,0.99838078022
53638,0.997953295708
53639,0.998483419418
53640,0.992376744747
53641,0.998606979847
53642,0.983962595463
53643,0.998200654984
53644,0.936940431595
53645,0.99199539423
53646,0.994812428951
53647,0.998606979847
53648,0.996027112007
53649,0.97851651907
53650,0.998406648636
53651,0.99838078022
53652,0.997020184994
53653,0.986286818981
53654,0.99838078022
53655,0.994290411472
53656,0.991552710533
53657,0.998276054859
53658,0.995136380196
53659,0.992160916328
53660,0.998606979847
53661,0.998606979847
53662,0.877405762672
53663,0.99398458004
53664,0.996842384338
53665,0.998606979847
53666,0.998606979847
53667,0.990871369839
53668,0.998483419418
53669,0.998483419418
53670,0.932079613209
53671,0.984337389469
53672,0.992379903793
53673,0.990362644196
53674,0.998153328896
53675,0.998200654984
53676,0.982177555561
53677,0.998606979847
53678,0.998606979847
53679,0.997558534145
53680,0.991781532764
53681,0.997831940651
53682,0.998606979847
53683,0.998055100441
53684,0.998145222664
53685,0.998606979847
53686,0.997118115425
53687,0.998606979847
53688,0.993381917477
53689,0.998606979847
53690,0.998606979847
53691,0.994127094746
53692,0.973813593388
53693,0.998406648636
53694,0.998606979847
53695,0.996603786945
53696,0.988192677498
53697,0.998260438442
53698,0.998606979847
53699,0.997301340103
53700,0.998606979847
53701,0.99848139286
53702,0.996603786945
53703,0.998407959938
53704,0.998606979847
53705,0.988172054291
53706,0.998606979847
53707,0.998606979847
53708,0.93968975544
53709,0.998276054859
53710,0.990042924881
53711,0.998181462288
53712,0.996260285378
53713,0.972348928452
53714,0.997728407383
53715,0.998606979847
53716,0.998606979847
53717,0.998606979847
53718,0.984251379967
53719,0.902268230915
53720,0.997558534145
53721,0.994940757751
53722,0.993782103062
53723,0.986224889755
53724,0.998606979847
53725,0.962066352367
53726,0.993826210499
53727,0.995464742184
53728,0.997781097889
53729,0.99793946743
53730,0.998153328896
53731,0.981643974781
53732,0.996033489704
53733,0.98894828558
53734,0.998276054859
53735,0.99848139286
53736,0.989592850208
53737,0.990172147751
53738,0.932020008564
53739,0.995923340321
53740,0.991122841835
53741,0.998606979847
53742,0.99848139286
53743,0.996116995811
53744,0.998606979847
53745,0.998606979847
53746,0.998606979847
53747,0.998606979847
53748,0.997433483601
53749,0.998606979847
53750,0.994960904121
53751,0.998276054859
53752,0.998606979847
53753,0.963798284531
53754,0.997768104076
53755,0.994105756283
53756,0.998606979847
53757,0.928717553616
53758,0.992740154266
53759,0.990345835686
53760,0.994023382664
53761,0.998606979847
53762,0.93948161602
53763,0.994933903217
53764,0.993597149849
53765,0.998606979847
53766,0.998368620872
53767,0.99848139286
53768,0.992829561234
53769,0.98647236824
53770,0.990058302879
53771,0.993852257729
53772,0.988267481327
53773,0.97754150629
53774,0.998606979847
53775,0.99580514431
53776,0.998606979847
53777,0.998606979847
53778,0.998606979847
53779,0.998163342476
53780,0.998047590256
53781,0.993064284325
53782,0.99838078022
53783,0.998022079468
53784,0.991413116455
53785,0.99804186821
53786,0.998022079468
53787,0.997828781605
53788,0.998181462288
53789,0.998606979847
53790,0.998606979847
53791,0.997828781605
53792,0.851443350315
53793,0.992739379406
53794,0.997900903225
53795,0.997855246067
53796,0.998013615608
53797,0.998406648636
53798,0.998406648636
53799,0.979063212872
53800,0.993408858776
53801,0.992160916328
53802,0.998606979847
53803,0.873512327671
53804,0.992829561234
53805,0.963048100471
53806,0.991583764553
53807,0.941091835499
53808,0.998200654984
53809,0.998483419418
53810,0.998013615608
53811,0.998406648636
53812,0.996975183487
53813,0.997783958912
53814,0.998606979847
53815,0.998200654984
53816,0.99375975132
53817,0.99848139286
53818,0.993255913258
53819,0.99848139286
53820,0.997703015804
53821,0.998606979847
53822,0.995280325413
53823,0.980786263943
53824,0.991935968399
53825,0.998606979847
53826,0.994979798794
53827,0.996033132076
53828,0.998005568981
53829,0.996292173862
53830,0.99829441309
53831,0.997858762741
53832,0.998606979847
53833,0.993009626865
53834,0.998606979847
53835,0.99263459444
53836,0.896293103695
53837,0.991435945034
53838,0.99848139286
53839,0.998368620872
53840,0.991671204567
53841,0.997855246067
53842,0.997807383537
53843,0.992260992527
53844,0.997472524643
53845,0.998606979847
53846,0.998606979847
53847,0.998022079468
53848,0.992658376694
53849,0.99820047617
53850,0.998606979847
53851,0.998606979847
53852,0.998606979847
53853,0.980743169785
53854,0.986866056919
53855,0.997900903225
53856,0.996034264565
53857,0.998606979847
53858,0.995464742184
53859,0.994836211205
53860,0.997430801392
53861,0.998606979847
53862,0.971494078636
53863,0.984074890614
53864,0.993914842606
53865,0.993603289127
53866,0.99848139286
53867,0.998081743717
53868,0.998606979847
53869,0.993826210499
53870,0.995275914669
53871,0.998606979847
53872,0.994300663471
53873,0.996353328228
53874,0.998081982136
53875,0.995073378086
53876,0.991115033627
53877,0.987021148205
53878,0.991583764553
53879,0.974817335606
53880,0.988592088223
53881,0.994965314865
53882,0.968568086624
53883,0.992947757244
53884,0.99848139286
53885,0.989980280399
53886,0.99838078022
53887,0.998606979847
53888,0.99848139286
53889,0.989176750183
53890,0.989628612995
53891,0.991393387318
53892,0.998606979847
53893,0.996603786945
53894,0.998606979847
53895,0.988607406616
53896,0.978143572807
53897,0.997464060783
53898,0.996842384338
53899,0.998606979847
53900,0.998606979847
53901,0.992269158363
53902,0.997664451599
53903,0.99793946743
53904,0.995217263699
53905,0.998406648636
53906,0.99848139286
53907,0.998606979847
53908,0.991576969624
53909,0.998606979847
53910,0.998606979847
53911,0.995015382767
53912,0.998606979847
53913,0.994982600212
53914,0.998606979847
53915,0.994536876678
53916,0.99838078022
53917,0.997887313366
53918,0.998606979847
53919,0.998606979847
53920,0.937140583992
53921,0.99271351099
53922,0.998064756393
53923,0.998606979847
53924,0.997296869755
53925,0.935709834099
53926,0.940086781979
53927,0.99848139286
53928,0.998606979847
53929,0.994375705719
53930,0.998153328896
53931,0.994099259377
53932,0.998406648636
53933,0.998483419418
53934,0.998606979847
53935,0.998606979847
53936,0.998606979847
53937,0.99848139286
53938,0.998606979847
53939,0.99848139286
53940,0.990001618862
53941,0.996842384338
53942,0.997713565826
53943,0.998606979847
53944,0.998606979847
53945,0.998606979847
53946,0.891527354717
53947,0.998094499111
53948,0.998260438442
53949,0.996842384338
53950,0.993089854717
53951,0.998606979847
53952,0.996411442757
53953,0.98299664259
53954,0.998606979847
53955,0.998606979847
53956,0.995437681675
53957,0.998606979847
53958,0.99554425478
53959,0.993088006973
53960,0.992947757244
53961,0.992554545403
53962,0.998276054859
53963,0.997900903225
53964,0.998368620872
53965,0.995897114277
53966,0.997774899006
53967,0.99793946743
53968,0.99458527565
53969,0.998606979847
53970,0.998079001904
53971,0.998606979847
53972,0.998407959938
53973,0.998606979847
53974,0.998276054859
53975,0.993005156517
53976,0.998302519321
53977,0.996027112007
53978,0.998606979847
53979,0.99838078022
53980,0.994916439056
53981,0.998428761959
53982,0.920376002789
53983,0.998606979847
53984,0.980376183987
53985,0.997828781605
53986,0.99644446373
53987,0.910727858543
53988,0.998606979847
53989,0.980834662914
53990,0.99848139286
53991,0.998606979847
53992,0.998153328896
53993,0.998364388943
53994,0.998200654984
53995,0.998220264912
53996,0.961706340313
53997,0.998606979847
53998,0.997015237808
53999,0.998606979847
54000,0.998181462288
54001,0.994243264198
54002,0.997258484364
54003,0.995879232883
54004,0.998241424561
54005,0.998606979847
54006,0.99232250452
54007,0.997658252716
54008,0.994987547398
54009,0.986488997936
54010,0.995849609375
54011,0.995117902756
54012,0.998606979847
54013,0.998606979847
54014,0.933188676834
54015,0.937124788761
54016,0.998200654984
54017,0.998276054859
54018,0.989167630672
54019,0.998064756393
54020,0.99263459444
54021,0.993389844894
54022,0.996586322784
54023,0.99570608139
54024,0.997700989246
54025,0.994519114494
54026,0.994781434536
54027,0.993430912495
54028,0.915932476521
54029,0.916493117809
54030,0.990359425545
54031,0.947695732117
54032,0.996353328228
54033,0.99829441309
54034,0.934714317322
54035,0.995189249516
54036,0.998606979847
54037,0.997866868973
54038,0.99848139286
54039,0.987988948822
54040,0.998606979847
54041,0.998606979847
54042,0.987871527672
54043,0.998406648636
54044,0.996820807457
54045,0.998606979847
54046,0.998606979847
54047,0.99848139286
54048,0.996954917908
54049,0.998145222664
54050,0.99848139286
54051,0.997685015202
54052,0.928563594818
54053,0.998200654984
54054,0.997828781605
54055,0.992947757244
54056,0.995472192764
54057,0.992740154266
54058,0.982517361641
54059,0.99820047617
54060,0.9697509408
54061,0.991849601269
54062,0.94857776165
54063,0.99848139286
54064,0.975622236729
54065,0.99829441309
54066,0.934094905853
54067,0.996842384338
54068,0.99838078022
54069,0.989397764206
54070,0.970397531986
54071,0.985338509083
54072,0.991871297359
54073,0.998145222664
54074,0.994662106037
54075,0.976360917091
54076,0.99838078022
54077,0.997951805592
54078,0.998606979847
54079,0.998352825642
54080,0.998606979847
54081,0.998102426529
54082,0.992416918278
54083,0.990128099918
54084,0.998606979847
54085,0.990384399891
54086,0.992225527763
54087,0.987655758858
54088,0.993826210499
54089,0.983654737473
54090,0.997900903225
54091,0.977388799191
54092,0.993826210499
54093,0.993826210499
54094,0.998407959938
54095,0.998406648636
54096,0.998368620872
54097,0.998081326485
54098,0.998302519321
54099,0.99838078022
54100,0.998200654984
54101,0.998606979847
54102,0.996586322784
54103,0.998266220093
54104,0.993722617626
54105,0.998606979847
54106,0.998606979847
54107,0.989406347275
54108,0.998200654984
54109,0.998407959938
54110,0.994560360909
54111,0.984283208847
54112,0.998094499111
54113,0.983993053436
54114,0.994462072849
54115,0.998606979847
54116,0.99760556221
54117,0.997926175594
54118,0.945833742619
54119,0.985760331154
54120,0.998606979847
54121,0.976460874081
54122,0.998134315014
54123,0.99793946743
54124,0.994530558586
54125,0.995751619339
54126,0.998606979847
54127,0.988258063793
54128,0.998406648636
54129,0.99848139286
54130,0.992402970791
54131,0.993945300579
54132,0.998606979847
54133,0.998606979847
54134,0.998606979847
54135,0.991986632347
54136,0.993485808372
54137,0.998606979847
54138,0.998181462288
54139,0.998606979847
54140,0.998606979847
54141,0.99263459444
54142,0.994135975838
54143,0.998406648636
54144,0.993969023228
54145,0.993945300579
54146,0.994450747967
54147,0.995782911777
54148,0.998606979847
54149,0.980150520802
54150,0.980350315571
54151,0.998606979847
54152,0.99829441309
54153,0.998483419418
54154,0.998606979847
54155,0.992723405361
54156,0.992829561234
54157,0.994453907013
54158,0.998606979847
54159,0.998606979847
54160,0.997734487057
54161,0.998606979847
54162,0.99793946743
54163,0.99848139286
54164,0.998606979847
54165,0.978172838688
54166,0.99838078022
54167,0.996185719967
54168,0.993297457695
54169,0.998606979847
54170,0.997988402843
54171,0.998606979847
54172,0.992778658867
54173,0.998428761959
54174,0.998407959938
54175,0.983576536179
54176,0.984559297562
54177,0.998276054859
54178,0.997626900673
54179,0.997311890125
54180,0.993967592716
54181,0.996034264565
54182,0.997530579567
54183,0.995464742184
54184,0.998606979847
54185,0.998302519321
54186,0.996411442757
54187,0.995329856873
54188,0.970681726933
54189,0.995937466621
54190,0.99369096756
54191,0.99848139286
54192,0.99848139286
54193,0.97237932682
54194,0.998368620872
54195,0.993058681488
54196,0.997196435928
54197,0.99838078022
54198,0.998005568981
54199,0.99829441309
54200,0.998606979847
54201,0.96247792244
54202,0.998606979847
54203,0.998200654984
54204,0.998084664345
54205,0.990738809109
54206,0.998606979847
54207,0.998181462288
54208,0.998406648636
54209,0.998606979847
54210,0.993048906326
54211,0.998606979847
54212,0.997855246067
54213,0.998606979847
54214,0.998606979847
54215,0.993048906326
54216,0.99541836977
54217,0.993775904179
54218,0.998606979847
54219,0.998606979847
54220,0.998606979847
54221,0.998606979847
54222,0.897809863091
54223,0.99344599247
54224,0.998606979847
54225,0.998606979847
54226,0.998606979847
54227,0.99613493681
54228,0.998606979847
54229,0.998606979847
54230,0.991249144077
54231,0.998200654984
54232,0.998155236244
54233,0.996260285378
54234,0.993048906326
54235,0.956674098969
54236,0.998276054859
54237,0.995124399662
54238,0.992389976978
54239,0.998606979847
54240,0.99263459444
54241,0.99793946743
54242,0.984803497791
54243,0.998606979847
54244,0.998276054859
54245,0.998483419418
54246,0.991604208946
54247,0.99361628294
54248,0.997703015804
54249,0.99848139286
54250,0.998606979847
54251,0.998606979847
54252,0.975276052952
54253,0.993112742901
54254,0.997828781605
54255,0.993945300579
54256,0.99838078022
54257,0.998200654984
54258,0.990257918835
54259,0.959403216839
54260,0.998606979847
54261,0.987689554691
54262,0.995897114277
54263,0.996411442757
54264,0.996411442757
54265,0.993945300579
54266,0.992021083832
54267,0.974042892456
54268,0.986233949661
54269,0.993158578873
54270,0.998606979847
54271,0.996848404408
54272,0.998606979847
54273,0.99065387249
54274,0.994042277336
54275,0.995809614658
54276,0.989830195904
54277,0.993048906326
54278,0.97694838047
54279,0.998606979847
54280,0.998293995857
54281,0.997658252716
54282,0.998606979847
54283,0.939759910107
54284,0.994451582432
54285,0.99848139286
54286,0.991375207901
54287,0.998606979847
54288,0.997621715069
54289,0.998276054859
54290,0.998406648636
54291,0.997889041901
54292,0.99614328146
54293,0.986252248287
54294,0.993688821793
54295,0.994221508503
54296,0.998364388943
54297,0.982759952545
54298,0.998606979847
54299,0.997636258602
54300,0.995516598225
54301,0.998428761959
54302,0.996353328228
54303,0.995048761368
54304,0.993533909321
54305,0.998406648636
54306,0.989718794823
54307,0.988712728024
54308,0.852070868015
54309,0.998407959938
54310,0.998153328896
54311,0.957853734493
54312,0.998606979847
54313,0.998606979847
54314,0.998406648636
54315,0.998606979847
54316,0.998606979847
54317,0.998302519321
54318,0.998606979847
54319,0.998134315014
54320,0.998220264912
54321,0.997828781605
54322,0.998260438442
54323,0.967068433762
54324,0.998606979847
54325,0.975737631321
54326,0.99793946743
54327,0.998428761959
54328,0.998407959938
54329,0.994143724442
54330,0.99644446373
54331,0.998606979847
54332,0.946678757668
54333,0.992829561234
54334,0.998606979847
54335,0.998406648636
54336,0.998606979847
54337,0.99838078022
54338,0.991005063057
54339,0.995357811451
54340,0.998606979847
54341,0.992313504219
54342,0.998606979847
54343,0.998241424561
54344,0.992972314358
54345,0.99793946743
54346,0.997170329094
54347,0.998054504395
54348,0.998243689537
54349,0.978374898434
54350,0.99848139286
54351,0.994103848934
54352,0.998606979847
54353,0.998483419418
54354,0.99228066206
54355,0.998155415058
54356,0.998606979847
54357,0.998606979847
54358,0.992389976978
54359,0.994552135468
54360,0.991871297359
54361,0.998606979847
54362,0.99614328146
54363,0.988182961941
54364,0.998368620872
54365,0.996309936047
54366,0.994376420975
54367,0.997658252716
54368,0.96665930748
54369,0.998606979847
54370,0.998606979847
54371,0.998606979847
54372,0.996186554432
54373,0.998606979847
54374,0.996140956879
54375,0.991182327271
54376,0.997525453568
54377,0.998406648636
54378,0.998407959938
54379,0.998324692249
54380,0.991871297359
54381,0.997866868973
54382,0.998606979847
54383,0.977164685726
54384,0.997909963131
54385,0.998606979847
54386,0.998606979847
54387,0.986364662647
54388,0.991249144077
54389,0.998606979847
54390,0.99801248312
54391,0.994701504707
54392,0.992947757244
54393,0.998606979847
54394,0.998606979847
54395,0.998324692249
54396,0.998364388943
54397,0.998606979847
54398,0.996146798134
54399,0.998606979847
54400,0.937553167343
54401,0.996292173862
54402,0.984972596169
54403,0.997746109962
54404,0.998113453388
54405,0.99848139286
54406,0.998302519321
54407,0.998428761959
54408,0.994140148163
54409,0.997828781605
54410,0.998606979847
54411,0.998606979847
54412,0.998606979847
54413,0.998606979847
54414,0.99793946743
54415,0.989979743958
54416,0.998606979847
54417,0.998606979847
54418,0.997728407383
54419,0.991720616817
54420,0.998324692249
54421,0.99793946743
54422,0.998220264912
54423,0.998368620872
54424,0.998200654984
54425,0.992773473263
54426,0.998153328896
54427,0.997889041901
54428,0.998606979847
54429,0.998407959938
54430,0.994268000126
54431,0.99838078022
54432,0.948856890202
54433,0.99829441309
54434,0.998606979847
54435,0.998606979847
54436,0.99848139286
54437,0.995843350887
54438,0.998606979847
54439,0.9760171175
54440,0.998483419418
54441,0.998068809509
54442,0.96576744318
54443,0.998406648636
54444,0.998005568981
54445,0.996411442757
54446,0.981422960758
54447,0.998113453388
54448,0.998606979847
54449,0.995518863201
54450,0.992050349712
54451,0.936978399754
54452,0.977552950382
54453,0.950307965279
54454,0.892295181751
54455,0.998352825642
54456,0.998302519321
54457,0.99848139286
54458,0.998260438442
54459,0.998155415058
54460,0.99804186821
54461,0.998606979847
54462,0.998028457165
54463,0.980607151985
54464,0.996784746647
54465,0.992389976978
54466,0.998606979847
54467,0.937778770924
54468,0.99263459444
54469,0.998368620872
54470,0.998200654984
54471,0.997592926025
54472,0.998407959938
54473,0.998406648636
54474,0.995257675648
54475,0.99793946743
54476,0.989879190922
54477,0.991541564465
54478,0.995883405209
54479,0.998276054859
54480,0.99793946743
54481,0.997841417789
54482,0.98799175024
54483,0.992680907249
54484,0.998606979847
54485,0.989542245865
54486,0.991377651691
54487,0.997571587563
54488,0.997060537338
54489,0.977964997292
54490,0.993046700954
54491,0.987453937531
54492,0.998352825642
54493,0.986611843109
54494,0.920140504837
54495,0.983241558075
54496,0.998606979847
54497,0.995924890041
54498,0.998155415058
54499,0.990706861019
54500,0.998302519321
54501,0.998406648636
54502,0.956575989723
54503,0.99838078022
54504,0.998302519321
54505,0.998606979847
54506,0.99848139286
54507,0.987354278564
54508,0.998163342476
54509,0.992160916328
54510,0.971556007862
54511,0.995017588139
54512,0.997788965702
54513,0.997910499573
54514,0.993703603745
54515,0.996603786945
54516,0.997807383537
54517,0.997850000858
54518,0.998227238655
54519,0.997232317924
54520,0.998606979847
54521,0.995536625385
54522,0.96949672699
54523,0.986358463764
54524,0.978954076767
54525,0.998606979847
54526,0.998606979847
54527,0.9951415658
54528,0.90268933773
54529,0.996583282948
54530,0.998606979847
54531,0.998606979847
54532,0.997879803181
54533,0.990014493465
54534,0.978013515472
54535,0.998200654984
54536,0.985410511494
54537,0.997783958912
54538,0.998200654984
54539,0.995883405209
54540,0.997636258602
54541,0.998220264912
54542,0.998155415058
54543,0.99568605423
54544,0.998606979847
54545,0.996411442757
54546,0.996353328228
54547,0.992050349712
54548,0.998606979847
54549,0.998483419418
54550,0.961626589298
54551,0.99070584774
54552,0.996027112007
54553,0.9609131217
54554,0.964064180851
54555,0.998606979847
54556,0.998081743717
54557,0.996140956879
54558,0.992947757244
54559,0.99263459444
54560,0.998606979847
54561,0.992257833481
54562,0.995779871941
54563,0.99848139286
54564,0.99829441309
54565,0.998606979847
54566,0.998022079468
54567,0.998606979847
54568,0.996162116528
54569,0.991787135601
54570,0.99848139286
54571,0.99322360754
54572,0.992389976978
54573,0.993048906326
54574,0.998153328896
54575,0.995174109936
54576,0.995879232883
54577,0.99793946743
54578,0.998606979847
54579,0.985841393471
54580,0.99838078022
54581,0.998112678528
54582,0.998606979847
54583,0.998273909092
54584,0.997900903225
54585,0.998200654984
54586,0.998606979847
54587,0.961240887642
54588,0.998606979847
54589,0.998606979847
54590,0.990910470486
54591,0.998606979847
54592,0.99838078022
54593,0.996122181416
54594,0.964728593826
54595,0.998181462288
54596,0.998606979847
54597,0.998407959938
54598,0.992829561234
54599,0.966963589191
54600,0.926342189312
54601,0.992740154266
54602,0.996754348278
54603,0.993381917477
54604,0.998606979847
54605,0.994957029819
54606,0.994497776031
54607,0.998606979847
54608,0.99838078022
54609,0.993142008781
54610,0.998364388943
54611,0.930030345917
54612,0.95515871048
54613,0.998181462288
54614,0.998220264912
54615,0.944214701653
54616,0.995466172695
54617,0.997621715069
54618,0.996411442757
54619,0.998606979847
54620,0.993995606899
54621,0.996353328228
54622,0.99080824852
54623,0.992244899273
54624,0.931562900543
54625,0.994143724442
54626,0.996551632881
54627,0.986162364483
54628,0.998406648636
54629,0.996034264565
54630,0.99793946743
54631,0.998606979847
54632,0.998606979847
54633,0.993048906326
54634,0.964460849762
54635,0.991531908512
54636,0.998606979847
54637,0.998606979847
54638,0.98647236824
54639,0.99271351099
54640,0.998368620872
54641,0.996583402157
54642,0.99717271328
54643,0.99848139286
54644,0.991331160069
54645,0.993969023228
54646,0.992020487785
54647,0.998227238655
54648,0.998483419418
54649,0.995764553547
54650,0.992787539959
54651,0.99848139286
54652,0.990218877792
54653,0.988258063793
54654,0.99793946743
54655,0.993304014206
54656,0.99820047617
54657,0.99729269743
54658,0.99848139286
54659,0.994027972221
54660,0.991697609425
54661,0.99271351099
54662,0.982386410236
54663,0.994462072849
54664,0.998606979847
54665,0.987718701363
54666,0.997967541218
54667,0.993811905384
54668,0.998200654984
54669,0.998606979847
54670,0.995516598225
54671,0.99848139286
54672,0.993826210499
54673,0.998606979847
54674,0.995141208172
54675,0.99443590641
54676,0.998606979847
54677,0.99838078022
54678,0.998102426529
54679,0.997828781605
54680,0.992296695709
54681,0.998606979847
54682,0.990558862686
54683,0.998260438442
54684,0.998406648636
54685,0.998606979847
54686,0.998606979847
54687,0.991786718369
54688,0.998606979847
54689,0.992947757244
54690,0.998606979847
54691,0.998606979847
54692,0.998606979847
54693,0.993533909321
54694,0.998606979847
54695,0.99848139286
54696,0.998606979847
54697,0.99793946743
54698,0.99838078022
54699,0.998428761959
54700,0.99838078022
54701,0.998407959938
54702,0.998200654984
54703,0.998606979847
54704,0.998606979847
54705,0.996353328228
54706,0.993826210499
54707,0.992947757244
54708,0.99210113287
54709,0.99644446373
54710,0.997900903225
54711,0.99359691143
54712,0.997296869755
54713,0.946540474892
54714,0.998153328896
54715,0.990153074265
54716,0.992665708065
54717,0.99848139286
54718,0.998606979847
54719,0.998606979847
54720,0.998324692249
54721,0.980227351189
54722,0.993295669556
54723,0.998483419418
54724,0.987820446491
54725,0.99793946743
54726,0.989592850208
54727,0.990669906139
54728,0.994462072849
54729,0.992829561234
54730,0.998606979847
54731,0.99829441309
54732,0.998606979847
54733,0.998606979847
54734,0.998606979847
54735,0.990172147751
54736,0.995924890041
54737,0.996027112007
54738,0.996842384338
54739,0.998606979847
54740,0.99848139286
54741,0.996842384338
54742,0.998606979847
54743,0.995357811451
54744,0.994840085506
54745,0.9816442132
54746,0.997464060783
54747,0.99820047617
54748,0.997621715069
54749,0.993551790714
54750,0.998047590256
54751,0.99263459444
54752,0.986348688602
54753,0.998606979847
54754,0.96539580822
54755,0.995111823082
54756,0.986675143242
54757,0.998364388943
54758,0.993489563465
54759,0.998260438442
54760,0.993375957012
54761,0.987354576588
54762,0.997250020504
54763,0.998606979847
54764,0.98466283083
54765,0.998606979847
54766,0.997866868973
54767,0.998200654984
54768,0.998606979847
54769,0.998407959938
54770,0.998606979847
54771,0.99263459444
54772,0.990473270416
54773,0.977775871754
54774,0.930869340897
54775,0.991945266724
54776,0.99644446373
54777,0.985262095928
54778,0.990473270416
54779,0.998606979847
54780,0.995096027851
54781,0.955748260021
54782,0.998606979847
54783,0.99838078022
54784,0.993036389351
54785,0.998407959938
54786,0.998483419418
54787,0.998276054859
54788,0.997778773308
54789,0.995874881744
54790,0.99848139286
54791,0.998606979847
54792,0.99848139286
54793,0.991143465042
54794,0.99838078022
54795,0.998606979847
54796,0.99838078022
54797,0.998606979847
54798,0.980182528496
54799,0.99724894762
54800,0.998606979847
54801,0.981912851334
54802,0.998013615608
54803,0.995464742184
54804,0.992926299572
54805,0.997020661831
54806,0.998406648636
54807,0.998200654984
54808,0.99263459444
54809,0.998406648636
54810,0.995924890041
54811,0.998200654984
54812,0.99848139286
54813,0.993048906326
54814,0.997679948807
54815,0.977790772915
54816,0.998200654984
54817,0.994201898575
54818,0.998266220093
54819,0.995648384094
54820,0.992829561234
54821,0.920638740063
54822,0.998606979847
54823,0.998606979847
54824,0.992571353912
54825,0.99838078022
54826,0.9849640131
54827,0.988182961941
54828,0.998220264912
54829,0.997828781605
54830,0.996586322784
54831,0.99838078022
54832,0.998606979847
54833,0.998260438442
54834,0.998153328896
54835,0.990469574928
54836,0.992050349712
54837,0.99848139286
54838,0.99848139286
54839,0.998302519321
54840,0.993962705135
54841,0.99580514431
54842,0.997464060783
54843,0.998200654984
54844,0.991822779179
54845,0.998606979847
54846,0.9607604146
54847,0.991051197052
54848,0.998606979847
54849,0.966256380081
54850,0.997248888016
54851,0.991992235184
54852,0.998606979847
54853,0.997977256775
54854,0.998606979847
54855,0.998606979847
54856,0.990139722824
54857,0.99034935236
54858,0.99361628294
54859,0.998364388943
54860,0.997636258602
54861,0.998606979847
54862,0.998606979847
54863,0.99793946743
54864,0.998113453388
54865,0.998606979847
54866,0.995472192764
54867,0.996667027473
54868,0.99848139286
54869,0.991959631443
54870,0.993826210499
54871,0.997571706772
54872,0.99848139286
54873,0.974746882915
54874,0.998606979847
54875,0.99263459444
54876,0.99506509304
54877,0.998606979847
54878,0.998606979847
54879,0.990220069885
54880,0.998606979847
54881,0.998606979847
54882,0.985740184784
54883,0.998102426529
54884,0.952231645584
54885,0.998606979847
54886,0.997828781605
54887,0.998145222664
54888,0.969430983067
54889,0.998606979847
54890,0.99801248312
54891,0.90154927969
54892,0.998606979847
54893,0.996603786945
54894,0.998260438442
54895,0.997900903225
54896,0.991732656956
54897,0.991527557373
54898,0.998079001904
54899,0.99838078022
54900,0.998428761959
54901,0.965669095516
54902,0.99848139286
54903,0.995084404945
54904,0.99838078022
54905,0.996842384338
54906,0.99578422308
54907,0.998260438442
54908,0.968397319317
54909,0.99848139286
54910,0.969138860703
54911,0.998606979847
54912,0.998606979847
54913,0.991972327232
54914,0.99800080061
54915,0.993551790714
54916,0.943218946457
54917,0.991413116455
54918,0.997571706772
54919,0.994965314865
54920,0.998606979847
54921,0.997481524944
54922,0.995924890041
54923,0.997250020504
54924,0.986407279968
54925,0.997879803181
54926,0.99838078022
54927,0.955186605453
54928,0.994965314865
54929,0.998407959938
54930,0.998606979847
54931,0.99793946743
54932,0.995962321758
54933,0.998606979847
54934,0.992357134819
54935,0.998163342476
54936,0.998606979847
54937,0.99838078022
54938,0.960693955421
54939,0.99403578043
54940,0.998606979847
54941,0.99829441309
54942,0.998200654984
54943,0.990017056465
54944,0.998606979847
54945,0.997464060783
54946,0.998606979847
54947,0.990399479866
54948,0.99848139286
54949,0.99079144001
54950,0.99838078022
54951,0.997889041901
54952,0.998606979847
54953,0.998606979847
54954,0.98440939188
54955,0.991916239262
54956,0.998606979847
54957,0.998606979847
54958,0.998606979847
54959,0.997679948807
54960,0.996603786945
54961,0.998606979847
54962,0.998260438442
54963,0.996309936047
54964,0.998606979847
54965,0.977072119713
54966,0.992010474205
54967,0.99848139286
54968,0.994840085506
54969,0.975217998028
54970,0.99838078022
54971,0.998606979847
54972,0.990932703018
54973,0.99838078022
54974,0.998606979847
54975,0.998606979847
54976,0.990728974342
54977,0.993722617626
54978,0.998606979847
54979,0.995668113232
54980,0.998031020164
54981,0.996353328228
54982,0.997600734234
54983,0.99848139286
54984,0.99848139286
54985,0.997599542141
54986,0.996353328228
54987,0.997788965702
54988,0.994758427143
54989,0.956282496452
54990,0.996353328228
54991,0.998606979847
54992,0.994463682175
54993,0.997773170471
54994,0.996164977551
54995,0.984539985657
54996,0.99793946743
54997,0.997813761234
54998,0.989137291908
54999,0.998276054859
55000,0.998200654984
55001,0.99838078022
55002,0.998153328896
55003,0.993432104588
55004,0.998606979847
55005,0.993178665638
55006,0.998406648636
55007,0.99793946743
55008,0.998606979847
55009,0.991943776608
55010,0.993156433105
55011,0.995459735394
55012,0.855859458447
55013,0.995437681675
55014,0.998606979847
55015,0.997592926025
55016,0.998606979847
55017,0.99848139286
55018,0.998606979847
55019,0.99776917696
55020,0.995233952999
55021,0.998606979847
55022,0.960936963558
55023,0.998368620872
55024,0.984157562256
55025,0.99838078022
55026,0.99838078022
55027,0.99793946743
55028,0.998606979847
55029,0.998606979847
55030,0.998028457165
55031,0.998368620872
55032,0.998606979847
55033,0.990568757057
55034,0.994619250298
55035,0.998406648636
55036,0.997508645058
55037,0.976578712463
55038,0.998606979847
55039,0.993826210499
55040,0.998406648636
55041,0.99838078022
55042,0.99437224865
55043,0.998606979847
55044,0.997196435928
55045,0.998606979847
55046,0.998606979847
55047,0.996143162251
55048,0.991787135601
55049,0.99848139286
55050,0.997788965702
55051,0.998606979847
55052,0.998302519321
55053,0.994943976402
55054,0.99443346262
55055,0.998273909092
55056,0.998606979847
55057,0.99848139286
55058,0.996603786945
55059,0.995117902756
55060,0.992243826389
55061,0.99848139286
55062,0.992537617683
55063,0.998606979847
55064,0.995117902756
55065,0.992703855038
55066,0.996842384338
55067,0.998220264912
55068,0.992743372917
55069,0.994421839714
55070,0.998606979847
55071,0.998407959938
55072,0.998606979847
55073,0.997725665569
55074,0.998145222664
55075,0.998606979847
55076,0.964914381504
55077,0.998606979847
55078,0.987403035164
55079,0.99848139286
55080,0.998483419418
55081,0.992947757244
55082,0.997828781605
55083,0.992172837257
55084,0.993301987648
55085,0.998606979847
55086,0.998606979847
55087,0.998273909092
55088,0.99263459444
55089,0.995082736015
55090,0.996586322784
55091,0.997828781605
55092,0.994908452034
55093,0.998200654984
55094,0.990240216255
55095,0.998406648636
55096,0.998606979847
55097,0.998407959938
55098,0.99838078022
55099,0.993217170238
55100,0.997822642326
55101,0.992141902447
55102,0.985750436783
55103,0.996312081814
55104,0.99848139286
55105,0.99644446373
55106,0.998407959938
55107,0.997320652008
55108,0.99793946743
55109,0.988867878914
55110,0.996603786945
55111,0.998606979847
55112,0.99848139286
55113,0.998606979847
55114,0.998200654984
55115,0.992193579674
55116,0.995586812496
55117,0.99554425478
55118,0.985645353794
55119,0.987590372562
55120,0.998406648636
55121,0.994841814041
55122,0.997841417789
55123,0.998406648636
55124,0.998606979847
55125,0.99848139286
55126,0.997464060783
55127,0.997960448265
55128,0.998260438442
55129,0.99848139286
55130,0.998606979847
55131,0.99848139286
55132,0.962709128857
55133,0.99848139286
55134,0.994062781334
55135,0.99793946743
55136,0.998606979847
55137,0.998200654984
55138,0.998181462288
55139,0.99838078022
55140,0.98355537653
55141,0.99848139286
55142,0.993753790855
55143,0.992393434048
55144,0.991663575172
55145,0.998483419418
55146,0.991576969624
55147,0.984164953232
55148,0.998081326485
55149,0.991070151329
55150,0.998606979847
55151,0.998606979847
55152,0.998260438442
55153,0.998606979847
55154,0.994058012962
55155,0.873468160629
55156,0.943278193474
55157,0.994323909283
55158,0.992389976978
55159,0.99838078022
55160,0.995844423771
55161,0.998406648636
55162,0.981487810612
55163,0.948509097099
55164,0.99838078022
55165,0.993319034576
55166,0.997788965702
55167,0.998368620872
55168,0.983332276344
55169,0.998606979847
55170,0.981776714325
55171,0.998606979847
55172,0.992657363415
55173,0.998200654984
55174,0.998606979847
55175,0.996353328228
55176,0.993178009987
55177,0.998155415058
55178,0.996842384338
55179,0.998606979847
55180,0.994966566563
55181,0.994393229485
55182,0.99848139286
55183,0.992829561234
55184,0.996698200703
55185,0.998129248619
55186,0.993285596371
55187,0.998406648636
55188,0.990820527077
55189,0.998606979847
55190,0.998606979847
55191,0.998606979847
55192,0.98949110508
55193,0.993826210499
55194,0.991301476955
55195,0.987396359444
55196,0.99838078022
55197,0.991968035698
55198,0.997658550739
55199,0.992947757244
55200,0.998094499111
55201,0.966764271259
55202,0.966513216496
55203,0.995403885841
55204,0.992411196232
55205,0.997900903225
55206,0.99848139286
55207,0.998054504395
55208,0.998606979847
55209,0.998606979847
55210,0.992503225803
55211,0.994745314121
55212,0.997953295708
55213,0.998606979847
55214,0.998606979847
55215,0.998302519321
55216,0.998606979847
55217,0.993354678154
55218,0.99829441309
55219,0.98655205965
55220,0.994187355042
55221,0.99263459444
55222,0.998220264912
55223,0.997822642326
55224,0.984752058983
55225,0.972359478474
55226,0.998302519321
55227,0.998606979847
55228,0.995939612389
55229,0.998064756393
55230,0.984841823578
55231,0.996027112007
55232,0.982501029968
55233,0.99644446373
55234,0.992596745491
55235,0.998153328896
55236,0.994902908802
55237,0.998407959938
55238,0.997788965702
55239,0.997879803181
55240,0.996411442757
55241,0.998368620872
55242,0.998606979847
55243,0.998302519321
55244,0.998147010803
55245,0.998606979847
55246,0.995313107967
55247,0.995874881744
55248,0.99848139286
55249,0.994904756546
55250,0.99554425478
55251,0.998606979847
55252,0.998216986656
55253,0.99838078022
55254,0.997745871544
55255,0.995985627174
55256,0.988568842411
55257,0.998606979847
55258,0.998606979847
55259,0.998200654984
55260,0.998606979847
55261,0.995508730412
55262,0.969122946262
55263,0.965238511562
55264,0.99785721302
55265,0.99820047617
55266,0.984823703766
55267,0.998606979847
55268,0.996573746204
55269,0.997486829758
55270,0.99793946743
55271,0.99848139286
55272,0.998155415058
55273,0.993048906326
55274,0.949839890003
55275,0.956681609154
55276,0.984685003757
55277,0.969526171684
55278,0.991890072823
55279,0.99848139286
55280,0.996146798134
55281,0.998079001904
55282,0.99848139286
55283,0.998428761959
55284,0.998483419418
55285,0.998606979847
55286,0.906245172024
55287,0.998606979847
55288,0.998606979847
55289,0.998235344887
55290,0.991143465042
55291,0.992778658867
55292,0.998606979847
55293,0.998368620872
55294,0.99804186821
55295,0.979354023933
55296,0.967271029949
55297,0.989895284176
55298,0.997464060783
55299,0.971200108528
55300,0.993800222874
55301,0.995099127293
55302,0.962456643581
55303,0.981932461262
55304,0.985373854637
55305,0.998483419418
55306,0.992193579674
55307,0.997900903225
55308,0.991498887539
55309,0.99838078022
55310,0.995275318623
55311,0.99793946743
55312,0.996933698654
55313,0.990819871426
55314,0.992050349712
55315,0.998606979847
55316,0.998606979847
55317,0.992740154266
55318,0.998483419418
55319,0.998200178146
55320,0.998606979847
55321,0.945761084557
55322,0.998606979847
55323,0.996852695942
55324,0.995789766312
55325,0.992740154266
55326,0.998606979847
55327,0.995844423771
55328,0.996140956879
55329,0.99076706171
55330,0.984928905964
55331,0.994462072849
55332,0.987882971764
55333,0.998606979847
55334,0.990987598896
55335,0.936820089817
55336,0.968480825424
55337,0.998364388943
55338,0.998606979847
55339,0.997951805592
55340,0.989327430725
55341,0.995874881744
55342,0.987211406231
55343,0.99820047617
55344,0.998606979847
55345,0.995357811451
55346,0.990871369839
55347,0.982119500637
55348,0.998606979847
55349,0.910268485546
55350,0.998606979847
55351,0.998606979847
55352,0.998220264912
55353,0.998606979847
55354,0.996414005756
55355,0.998606979847
55356,0.985545694828
55357,0.998606979847
55358,0.991777837276
55359,0.9614610672
55360,0.985706090927
55361,0.998606979847
55362,0.99848139286
55363,0.991670906544
55364,0.998406648636
55365,0.998606979847
55366,0.998094499111
55367,0.99050027132
55368,0.997828781605
55369,0.967987298965
55370,0.998153328896
55371,0.964973032475
55372,0.987156450748
55373,0.988363444805
55374,0.996411442757
55375,0.998606979847
55376,0.99793946743
55377,0.998145222664
55378,0.998266220093
55379,0.998260438442
55380,0.996842384338
55381,0.998260438442
55382,0.997679948807
55383,0.993903100491
55384,0.998606979847
55385,0.995243489742
55386,0.998213946819
55387,0.998606979847
55388,0.987669765949
55389,0.99838078022
55390,0.997621715069
55391,0.998013615608
55392,0.982049643993
55393,0.992883503437
55394,0.997900903225
55395,0.997301340103
55396,0.984185278416
55397,0.998352825642
55398,0.992829561234
55399,0.99776917696
55400,0.990172147751
55401,0.998606979847
55402,0.99838078022
55403,0.99848139286
55404,0.998606979847
55405,0.905382573605
55406,0.991025209427
55407,0.998606979847
55408,0.998324692249
55409,0.998368620872
55410,0.998606979847
55411,0.998606979847
55412,0.956331729889
55413,0.998606979847
55414,0.998200654984
55415,0.992596745491
55416,0.988388180733
55417,0.993287026882
55418,0.99848139286
55419,0.99403578043
55420,0.997280418873
55421,0.993695139885
55422,0.996842384338
55423,0.998407959938
55424,0.998260438442
55425,0.998013615608
55426,0.967958807945
55427,0.974624454975
55428,0.998181462288
55429,0.997778236866
55430,0.986715435982
55431,0.993502557278
55432,0.995243489742
55433,0.99263459444
55434,0.998606979847
55435,0.997700989246
55436,0.99644446373
55437,0.997820913792
55438,0.993545293808
55439,0.987792491913
55440,0.998606979847
55441,0.998276054859
55442,0.986915767193
55443,0.998407959938
55444,0.998606979847
55445,0.997640907764
55446,0.998145222664
55447,0.998153328896
55448,0.998606979847
55449,0.990244090557
55450,0.998606979847
55451,0.998276054859
55452,0.990791141987
55453,0.998153328896
55454,0.970469176769
55455,0.998013615608
55456,0.998606979847
55457,0.993603289127
55458,0.998606979847
55459,0.989212453365
55460,0.998606979847
55461,0.998407959938
55462,0.997679948807
55463,0.983831942081
55464,0.977658212185
55465,0.98561245203
55466,0.994103848934
55467,0.992727100849
55468,0.998606979847
55469,0.998606979847
55470,0.998022079468
55471,0.990525364876
55472,0.996603786945
55473,0.980007350445
55474,0.998606979847
55475,0.99829441309
55476,0.995867490768
55477,0.997703015804
55478,0.935219764709
55479,0.99263459444
55480,0.993551790714
55481,0.998606979847
55482,0.998606979847
55483,0.99848139286
55484,0.997900903225
55485,0.998606979847
55486,0.99848139286
55487,0.996842384338
55488,0.996698200703
55489,0.995668113232
55490,0.997858762741
55491,0.885216712952
55492,0.998260438442
55493,0.970731139183
55494,0.994360864162
55495,0.994841814041
55496,0.992568492889
55497,0.998184978962
55498,0.993048906326
55499,0.99232250452
55500,0.998606979847
55501,0.995748877525
55502,0.928194403648
55503,0.998606979847
55504,0.993048906326
55505,0.992160260677
55506,0.99838078022
55507,0.986234009266
55508,0.992897689342
55509,0.998102426529
55510,0.99848139286
55511,0.982578277588
55512,0.992086410522
55513,0.965453505516
55514,0.998153328896
55515,0.998606979847
55516,0.99848139286
55517,0.992716789246
55518,0.993679702282
55519,0.998606979847
55520,0.995355904102
55521,0.989904940128
55522,0.992217004299
55523,0.978173911572
55524,0.966247797012
55525,0.982859790325
55526,0.973361313343
55527,0.991435945034
55528,0.968679308891
55529,0.97325772047
55530,0.997679948807
55531,0.998111128807
55532,0.99793946743
55533,0.998022854328
55534,0.997258484364
55535,0.99804186821
55536,0.998606979847
55537,0.998606979847
55538,0.998606979847
55539,0.998302519321
55540,0.99793946743
55541,0.99838078022
55542,0.993722617626
55543,0.987186610699
55544,0.998606979847
55545,0.99848139286
55546,0.996028125286
55547,0.998606979847
55548,0.978605806828
55549,0.998145222664
55550,0.99820047617
55551,0.991148650646
55552,0.991377651691
55553,0.998013615608
55554,0.998606979847
55555,0.998200654984
55556,0.967509031296
55557,0.99848139286
55558,0.991762518883
55559,0.996411442757
55560,0.998276054859
55561,0.99793946743
55562,0.998407959938
55563,0.988409996033
55564,0.998606979847
55565,0.99848139286
55566,0.997976005077
55567,0.960924863815
55568,0.997694373131
55569,0.998606979847
55570,0.996586322784
55571,0.99079144001
55572,0.998368620872
55573,0.998153328896
55574,0.998606979847
55575,0.99848139286
55576,0.998606979847
55577,0.998606979847
55578,0.998260438442
55579,0.991924643517
55580,0.794414579868
55581,0.998606979847
55582,0.998606979847
55583,0.998260438442
55584,0.995849609375
55585,0.986946702003
55586,0.992716789246
55587,0.976246893406
55588,0.996062338352
55589,0.936396837234
55590,0.998184978962
55591,0.991992235184
55592,0.99259775877
55593,0.998606979847
55594,0.998606979847
55595,0.998145222664
55596,0.99848139286
55597,0.994694471359
55598,0.998606979847
55599,0.998428761959
55600,0.995678424835
55601,0.99439316988
55602,0.930642962456
55603,0.998606979847
55604,0.965365231037
55605,0.997988402843
55606,0.99848139286
55607,0.994175374508
55608,0.998606979847
55609,0.99793946743
55610,0.981373012066
55611,0.99848139286
55612,0.998483419418
55613,0.993952155113
55614,0.996603786945
55615,0.998606979847
55616,0.99848139286
55617,0.998406648636
55618,0.998606979847
55619,0.994841814041
55620,0.919437944889
55621,0.998606979847
55622,0.993603289127
55623,0.996001720428
55624,0.99848139286
55625,0.993257522583
55626,0.994924485683
55627,0.995464742184
55628,0.998606979847
55629,0.997828781605
55630,0.988020300865
55631,0.983159005642
55632,0.998606979847
55633,0.998606979847
55634,0.995313107967
55635,0.990858256817
55636,0.998606979847
55637,0.998406648636
55638,0.997784256935
55639,0.998200654984
55640,0.991142272949
55641,0.99848139286
55642,0.964799940586
55643,0.998606979847
55644,0.968022227287
55645,0.998606979847
55646,0.998153328896
55647,0.987639009953
55648,0.939639568329
55649,0.994462072849
55650,0.998276054859
55651,0.996027112007
55652,0.998276054859
55653,0.998606979847
55654,0.99848139286
55655,0.99472463131
55656,0.996353328228
55657,0.992829561234
55658,0.99829441309
55659,0.99848139286
55660,0.996842384338
55661,0.998013615608
55662,0.994027853012
55663,0.991945624352
55664,0.986811757088
55665,0.998406648636
55666,0.943719506264
55667,0.998606979847
55668,0.993826210499
55669,0.996390998363
55670,0.99820047617
55671,0.998200654984
55672,0.994350492954
55673,0.99359691143
55674,0.998407959938
55675,0.998606979847
55676,0.998606979847
55677,0.968549013138
55678,0.99829441309
55679,0.992068827152
55680,0.997455358505
55681,0.994377851486
55682,0.996603786945
55683,0.99838078022
55684,0.991182327271
55685,0.954476475716
55686,0.91838312149
55687,0.998606979847
55688,0.998606979847
55689,0.998483419418
55690,0.998606979847
55691,0.989872574806
55692,0.994095742702
55693,0.998406648636
55694,0.995518863201
55695,0.998606979847
55696,0.998606979847
55697,0.99250125885
55698,0.99820047617
55699,0.998606979847
55700,0.993706822395
55701,0.933552920818
55702,0.998606979847
55703,0.998606979847
55704,0.998407959938
55705,0.998606979847
55706,0.99613493681
55707,0.99838078022
55708,0.994712233543
55709,0.994181513786
55710,0.873650193214
55711,0.998606979847
55712,0.992230951786
55713,0.998606979847
55714,0.998483419418
55715,0.997464060783
55716,0.998606979847
55717,0.99848139286
55718,0.987588703632
55719,0.997783958912
55720,0.99838078022
55721,0.997866868973
55722,0.959794461727
55723,0.99000620842
55724,0.995388090611
55725,0.894666492939
55726,0.995224177837
55727,0.99848139286
55728,0.992431342602
55729,0.979153454304
55730,0.997828781605
55731,0.988916933537
55732,0.99848139286
55733,0.998606979847
55734,0.994225800037
55735,0.997309565544
55736,0.998013615608
55737,0.970652282238
55738,0.998483419418
55739,0.997262656689
55740,0.994930326939
55741,0.966861486435
55742,0.998012661934
55743,0.998606979847
55744,0.998200654984
55745,0.995305418968
55746,0.998606979847
55747,0.988597810268
55748,0.998606979847
55749,0.990172147751
55750,0.991233408451
55751,0.998606979847
55752,0.992416918278
55753,0.99793946743
55754,0.998153328896
55755,0.991958975792
55756,0.946663320065
55757,0.998606979847
55758,0.993603289127
55759,0.998606979847
55760,0.998606979847
55761,0.991529762745
55762,0.99254989624
55763,0.984379649162
55764,0.998606979847
55765,0.972662329674
55766,0.997464060783
55767,0.96847319603
55768,0.998266220093
55769,0.992762625217
55770,0.998200654984
55771,0.991504132748
55772,0.991897821426
55773,0.995117902756
55774,0.998606979847
55775,0.988609075546
55776,0.99793946743
55777,0.998158633709
55778,0.991266787052
55779,0.991762518883
55780,0.993701279163
55781,0.995845198631
55782,0.99232250452
55783,0.998606979847
55784,0.99793946743
55785,0.99782294035
55786,0.990192949772
55787,0.994932472706
55788,0.992947757244
55789,0.998606979847
55790,0.989789962769
55791,0.992457211018
55792,0.997855246067
55793,0.998606979847
55794,0.995254278183
55795,0.998606979847
55796,0.997446119785
55797,0.998606979847
55798,0.99848139286
55799,0.998606979847
55800,0.998606979847
55801,0.998324692249
55802,0.998364388943
55803,0.99793946743
55804,0.995687842369
55805,0.998406648636
55806,0.998064756393
55807,0.994724750519
55808,0.972463488579
55809,0.998606979847
55810,0.998368620872
55811,0.976399421692
55812,0.986064314842
55813,0.992904424667
55814,0.997968196869
55815,0.998606979847
55816,0.986512959003
55817,0.998606979847
55818,0.997937142849
55819,0.994908452034
55820,0.991670906544
55821,0.998406648636
55822,0.993276536465
55823,0.998145222664
55824,0.998407959938
55825,0.991012454033
55826,0.997745871544
55827,0.99793946743
55828,0.998606979847
55829,0.997725665569
55830,0.994906306267
55831,0.998364388943
55832,0.99838078022
55833,0.99502068758
55834,0.99848139286
55835,0.995757579803
55836,0.988529503345
55837,0.997506082058
55838,0.998606979847
55839,0.998220264912
55840,0.874811768532
55841,0.99848139286
55842,0.998260438442
55843,0.995232582092
55844,0.995351314545
55845,0.99838078022
55846,0.998309850693
55847,0.995849609375
55848,0.992296934128
55849,0.981384038925
55850,0.998045861721
55851,0.991917729378
55852,0.99848139286
55853,0.998220264912
55854,0.99838078022
55855,0.995464742184
55856,0.993489563465
55857,0.998606979847
55858,0.998483419418
55859,0.843369483948
55860,0.995924890041
55861,0.99848139286
55862,0.99263459444
55863,0.998013615608
55864,0.99848139286
55865,0.980875492096
55866,0.998606979847
55867,0.998200654984
55868,0.998364388943
55869,0.996586322784
55870,0.998606979847
55871,0.993178665638
55872,0.997988402843
55873,0.998483419418
55874,0.996072053909
55875,0.994841814041
55876,0.997820913792
55877,0.99793946743
55878,0.993014156818
55879,0.99271351099
55880,0.998606979847
55881,0.998407959938
55882,0.99838078022
55883,0.990919053555
55884,0.996339023113
55885,0.977702021599
55886,0.99848139286
55887,0.979133844376
55888,0.986259222031
55889,0.994906306267
55890,0.996466219425
55891,0.867515444756
55892,0.99848139286
55893,0.998428761959
55894,0.996146798134
55895,0.996754348278
55896,0.997725665569
55897,0.998293995857
55898,0.997791826725
55899,0.994414925575
55900,0.949358344078
55901,0.998368620872
55902,0.998606979847
55903,0.989434182644
55904,0.989992141724
55905,0.994626879692
55906,0.957721054554
55907,0.99838078022
55908,0.980175256729
55909,0.998606979847
55910,0.994982600212
55911,0.995802938938
55912,0.998406648636
55913,0.990888178349
55914,0.997788965702
55915,0.998606979847
55916,0.998606979847
55917,0.977755308151
55918,0.99263459444
55919,0.998606979847
55920,0.997530639172
55921,0.998606979847
55922,0.998606979847
55923,0.996548771858
55924,0.998181462288
55925,0.998606979847
55926,0.998606979847
55927,0.998606979847
55928,0.998081982136
55929,0.959191977978
55930,0.998407959938
55931,0.998606979847
55932,0.99838078022
55933,0.987037658691
55934,0.99534201622
55935,0.998216986656
55936,0.998606979847
55937,0.998606979847
55938,0.99793946743
55939,0.995427250862
55940,0.993945300579
55941,0.996390998363
55942,0.993769347668
55943,0.991843283176
55944,0.99838078022
55945,0.99644446373
55946,0.997817575932
55947,0.99804186821
55948,0.994165718555
55949,0.997600913048
55950,0.995612859726
55951,0.998606979847
55952,0.998005568981
55953,0.99263459444
55954,0.998606979847
55955,0.993826210499
55956,0.99359691143
55957,0.916988193989
55958,0.976567268372
55959,0.998200654984
55960,0.995236694813
55961,0.998407959938
55962,0.990034103394
55963,0.996143162251
55964,0.996309936047
55965,0.998606979847
55966,0.964576363564
55967,0.991997182369
55968,0.991945624352
55969,0.975202798843
55970,0.998241424561
55971,0.997063279152
55972,0.998606979847
55973,0.990979909897
55974,0.952437281609
55975,0.986702620983
55976,0.998606979847
55977,0.993156135082
55978,0.997364997864
55979,0.998606979847
55980,0.998181462288
55981,0.998406648636
55982,0.986966609955
55983,0.987729728222
55984,0.998045504093
55985,0.99793946743
55986,0.966767728329
55987,0.998606979847
55988,0.99032741785
55989,0.99216490984
55990,0.99848139286
55991,0.998606979847
55992,0.998606979847
55993,0.99793946743
55994,0.99031239748
55995,0.985433876514
55996,0.998200654984
55997,0.991439640522
55998,0.997888922691
55999,0.998260438442
56000,0.995313107967
56001,0.977648437023
56002,0.992052316666
56003,0.998606979847
56004,0.99848139286
56005,0.914066672325
56006,0.996014237404
56007,0.992264389992
56008,0.994812428951
56009,0.998606979847
56010,0.977779150009
56011,0.998606979847
56012,0.9909953475
56013,0.992269158363
56014,0.99848139286
56015,0.998606979847
56016,0.992389976978
56017,0.998606979847
56018,0.997530579567
56019,0.998483419418
56020,0.997679948807
56021,0.937230944633
56022,0.998606979847
56023,0.993826210499
56024,0.998606979847
56025,0.992436170578
56026,0.900646865368
56027,0.960085690022
56028,0.992829561234
56029,0.99644446373
56030,0.996353328228
56031,0.998368620872
56032,0.998606979847
56033,0.998606979847
56034,0.980828762054
56035,0.998013615608
56036,0.989303231239
56037,0.99554425478
56038,0.99848139286
56039,0.99587225914
56040,0.976500153542
56041,0.993285596371
56042,0.998406648636
56043,0.998606979847
56044,0.996963560581
56045,0.96154242754
56046,0.998606979847
56047,0.998163342476
56048,0.998606979847
56049,0.997879803181
56050,0.998302519321
56051,0.933092355728
56052,0.998483419418
56053,0.995717763901
56054,0.99838078022
56055,0.998606979847
56056,0.99509036541
56057,0.99793946743
56058,0.998606979847
56059,0.998606979847
56060,0.990864515305
56061,0.998606979847
56062,0.994841814041
56063,0.998606979847
56064,0.998013615608
56065,0.991143465042
56066,0.989541888237
56067,0.895623505116
56068,0.998606979847
56069,0.998163342476
56070,0.980783224106
56071,0.998483419418
56072,0.99848139286
56073,0.998102426529
56074,0.998483419418
56075,0.952682375908
56076,0.99148696661
56077,0.993489563465
56078,0.998606979847
56079,0.993722617626
56080,0.99848139286
56081,0.998302519321
56082,0.994492411613
56083,0.998260438442
56084,0.998406648636
56085,0.998606979847
56086,0.993301331997
56087,0.997246146202
56088,0.998606979847
56089,0.993602931499
56090,0.991096198559
56091,0.998260438442
56092,0.998147010803
56093,0.991931855679
56094,0.998273909092
56095,0.997172415257
56096,0.992947757244
56097,0.998606979847
56098,0.99820047617
56099,0.998406648636
56100,0.998045861721
56101,0.998606979847
56102,0.998081743717
56103,0.991911172867
56104,0.988028526306
56105,0.998606979847
56106,0.998406648636
56107,0.998368620872
56108,0.99848139286
56109,0.987635731697
56110,0.997866868973
56111,0.91556084156
56112,0.998606979847
56113,0.998606979847
56114,0.995153784752
56115,0.989991307259
56116,0.964018046856
56117,0.998606979847
56118,0.99848139286
56119,0.973841190338
56120,0.991737008095
56121,0.997481524944
56122,0.992545723915
56123,0.99793946743
56124,0.99838078022
56125,0.994300961494
56126,0.998606979847
56127,0.99793946743
56128,0.958718836308
56129,0.959210932255
56130,0.99793946743
56131,0.998406648636
56132,0.998606979847
56133,0.998606979847
56134,0.99820047617
56135,0.998606979847
56136,0.998606979847
56137,0.998606979847
56138,0.997464060783
56139,0.985750436783
56140,0.993952155113
56141,0.998364388943
56142,0.998606979847
56143,0.991142272949
56144,0.99848139286
56145,0.993710756302
56146,0.99848139286
56147,0.99848139286
56148,0.961737513542
56149,0.996698200703
56150,0.998606979847
56151,0.99848139286
56152,0.998483419418
56153,0.991777837276
56154,0.996615171432
56155,0.998606979847
56156,0.997685015202
56157,0.998606979847
56158,0.995757579803
56159,0.998022079468
56160,0.998606979847
56161,0.998606979847
56162,0.995044708252
56163,0.969100654125
56164,0.965169668198
56165,0.972310900688
56166,0.994436562061
56167,0.995526850224
56168,0.998606979847
56169,0.989894032478
56170,0.996190726757
56171,0.998606979847
56172,0.998606979847
56173,0.998606979847
56174,0.990301132202
56175,0.998276054859
56176,0.91656845808
56177,0.998606979847
56178,0.998606979847
56179,0.997791826725
56180,0.990172147751
56181,0.996842384338
56182,0.998606979847
56183,0.993489563465
56184,0.998606979847
56185,0.998606979847
56186,0.998606979847
56187,0.997246146202
56188,0.998606979847
56189,0.998005568981
56190,0.992829561234
56191,0.997436404228
56192,0.997889041901
56193,0.996353328228
56194,0.9974411726
56195,0.998302519321
56196,0.998260438442
56197,0.991027355194
56198,0.996181607246
56199,0.992829561234
56200,0.993480682373
56201,0.997277140617
56202,0.998081743717
56203,0.996603786945
56204,0.99829441309
56205,0.99829441309
56206,0.989872574806
56207,0.993375957012
56208,0.991763114929
56209,0.994216918945
56210,0.998368620872
56211,0.995487928391
56212,0.969734191895
56213,0.987288534641
56214,0.988499939442
56215,0.993089854717
56216,0.985645353794
56217,0.943889796734
56218,0.998606979847
56219,0.998606979847
56220,0.998606979847
56221,0.995300352573
56222,0.990570127964
56223,0.998606979847
56224,0.99635130167
56225,0.990261971951
56226,0.996842384338
56227,0.998606979847
56228,0.998606979847
56229,0.992947757244
56230,0.995897114277
56231,0.99838078022
56232,0.994450747967
56233,0.998606979847
56234,0.998606979847
56235,0.998606979847
56236,0.998606979847
56237,0.992743372917
56238,0.997880876064
56239,0.993048906326
56240,0.997481524944
56241,0.991586089134
56242,0.99474298954
56243,0.993826210499
56244,0.998606979847
56245,0.998606979847
56246,0.996414005756
56247,0.998606979847
56248,0.996842384338
56249,0.992225527763
56250,0.996014237404
56251,0.997740864754
56252,0.998483419418
56253,0.994965314865
56254,0.998606979847
56255,0.970607876778
56256,0.967010378838
56257,0.998606979847
56258,0.995117902756
56259,0.998606979847
56260,0.992583215237
56261,0.998606979847
56262,0.997145712376
56263,0.99848139286
56264,0.995678424835
56265,0.998406648636
56266,0.998606979847
56267,0.99848139286
56268,0.993198275566
56269,0.998181462288
56270,0.998606979847
56271,0.993710458279
56272,0.99829441309
56273,0.998606979847
56274,0.971572339535
56275,0.982859790325
56276,0.996422410011
56277,0.995389699936
56278,0.998407959938
56279,0.998606979847
56280,0.996842384338
56281,0.991165041924
56282,0.998364388943
56283,0.998606979847
56284,0.99848139286
56285,0.998606979847
56286,0.998606979847
56287,0.989426493645
56288,0.991133153439
56289,0.990172147751
56290,0.998005568981
56291,0.997246146202
56292,0.94944691658
56293,0.997951805592
56294,0.998606979847
56295,0.991972327232
56296,0.961837410927
56297,0.996028184891
56298,0.993945300579
56299,0.998606979847
56300,0.994311928749
56301,0.998153328896
56302,0.998606979847
56303,0.998606979847
56304,0.99801248312
56305,0.99848139286
56306,0.994950830936
56307,0.998606979847
56308,0.997828781605
56309,0.990188717842
56310,0.997407793999
56311,0.997954785824
56312,0.995189845562
56313,0.967532515526
56314,0.998606979847
56315,0.996027112007
56316,0.998606979847
56317,0.9909953475
56318,0.989592850208
56319,0.994292676449
56320,0.997464060783
56321,0.992947757244
56322,0.993782103062
56323,0.997828781605
56324,0.998606979847
56325,0.997508645058
56326,0.998155415058
56327,0.981682360172
56328,0.998606979847
56329,0.997558534145
56330,0.981575906277
56331,0.995203793049
56332,0.997788965702
56333,0.906102597713
56334,0.90774089098
56335,0.99463737011
56336,0.998606979847
56337,0.998406648636
56338,0.991025626659
56339,0.99838078022
56340,0.99804186821
56341,0.933045864105
56342,0.99793946743
56343,0.998606979847
56344,0.998606979847
56345,0.992486894131
56346,0.990492641926
56347,0.998406648636
56348,0.994300663471
56349,0.998145222664
56350,0.998606979847
56351,0.998181462288
56352,0.994758427143
56353,0.921453416348
56354,0.998606979847
56355,0.998368620872
56356,0.991422832012
56357,0.998606979847
56358,0.99838078022
56359,0.998606979847
56360,0.998606979847
56361,0.998606979847
56362,0.998081982136
56363,0.991972327232
56364,0.98533731699
56365,0.998606979847
56366,0.998200654984
56367,0.99848139286
56368,0.998606979847
56369,0.995048880577
56370,0.997881054878
56371,0.992296934128
56372,0.957724511623
56373,0.996837556362
56374,0.993432462215
56375,0.995044708252
56376,0.99369096756
56377,0.998606979847
56378,0.998220264912
56379,0.995610237122
56380,0.99263459444
56381,0.99848139286
56382,0.998606979847
56383,0.998153328896
56384,0.995216012001
56385,0.998406648636
56386,0.996334016323
56387,0.990172147751
56388,0.996842384338
56389,0.99848139286
56390,0.970620393753
56391,0.99838078022
56392,0.989698648453
56393,0.997841417789
56394,0.992829561234
56395,0.998013615608
56396,0.99540412426
56397,0.998606979847
56398,0.996842384338
56399,0.99848139286
56400,0.943508207798
56401,0.946496069431
56402,0.998606979847
56403,0.995522975922
56404,0.907743692398
56405,0.995178937912
56406,0.972148895264
56407,0.962127804756
56408,0.994413077831
56409,0.998606979847
56410,0.998273909092
56411,0.945550680161
56412,0.99848139286
56413,0.988832056522
56414,0.993861854076
56415,0.974128067493
56416,0.896060526371
56417,0.963530778885
56418,0.99793946743
56419,0.993326723576
56420,0.993178665638
56421,0.989031910896
56422,0.969042897224
56423,0.998606979847
56424,0.996027112007
56425,0.997841417789
56426,0.99848139286
56427,0.998606979847
56428,0.94797116518
56429,0.997642397881
56430,0.99848139286
56431,0.993398070335
56432,0.995313107967
56433,0.99848139286
56434,0.985126256943
56435,0.935608208179
56436,0.991143643856
56437,0.99838078022
56438,0.996864557266
56439,0.995508611202
56440,0.998407959938
56441,0.982500076294
56442,0.882681012154
56443,0.998606979847
56444,0.998606979847
56445,0.993326723576
56446,0.998428761959
56447,0.998200178146
56448,0.998606979847
56449,0.990948081017
56450,0.99838078022
56451,0.998606979847
56452,0.998606979847
56453,0.99848139286
56454,0.998606979847
56455,0.993914842606
56456,0.998606979847
56457,0.981955170631
56458,0.998606979847
56459,0.984887480736
56460,0.998081326485
56461,0.98967808485
56462,0.998407959938
56463,0.997903585434
56464,0.987620055676
56465,0.99644446373
56466,0.99838078022
56467,0.99302303791
56468,0.99838078022
56469,0.99804186821
56470,0.996842384338
56471,0.995005548
56472,0.990104734898
56473,0.992829561234
56474,0.993017673492
56475,0.9969445467
56476,0.992282092571
56477,0.987399041653
56478,0.993914842606
56479,0.994775950909
56480,0.998406648636
56481,0.998606979847
56482,0.996158778667
56483,0.993055701256
56484,0.991812884808
56485,0.992834627628
56486,0.99644446373
56487,0.998406648636
56488,0.990705966949
56489,0.998406648636
56490,0.992947757244
56491,0.996757209301
56492,0.998145222664
56493,0.99644446373
56494,0.984465777874
56495,0.998153328896
56496,0.988857924938
56497,0.990738809109
56498,0.998606979847
56499,0.991435945034
56500,0.993983745575
56501,0.994103848934
56502,0.987476468086
56503,0.997745871544
56504,0.998606979847
56505,0.997926175594
56506,0.99829441309
56507,0.991971492767
56508,0.998309850693
56509,0.985339224339
56510,0.998606979847
56511,0.998606979847
56512,0.993595659733
56513,0.998200654984
56514,0.984089136124
56515,0.991524517536
56516,0.990120768547
56517,0.996603786945
56518,0.992388367653
56519,0.99793946743
56520,0.974939227104
56521,0.992416918278
56522,0.990172147751
56523,0.998606979847
56524,0.99793946743
56525,0.993099749088
56526,0.993014156818
56527,0.998606979847
56528,0.995798766613
56529,0.998260438442
56530,0.995117902756
56531,0.998200654984
56532,0.998606979847
56533,0.997961580753
56534,0.998606979847
56535,0.993281185627
56536,0.998606979847
56537,0.99848139286
56538,0.991934776306
56539,0.993064284325
56540,0.996072053909
56541,0.99820047617
56542,0.998606979847
56543,0.973017811775
56544,0.998606979847
56545,0.993603289127
56546,0.998606979847
56547,0.997464060783
56548,0.998260438442
56549,0.99848139286
56550,0.998364388943
56551,0.998483419418
56552,0.99848139286
56553,0.995782911777
56554,0.99848139286
56555,0.998606979847
56556,0.997636258602
56557,0.997835695744
56558,0.883130133152
56559,0.998606979847
56560,0.956869959831
56561,0.996390998363
56562,0.982620954514
56563,0.995394945145
56564,0.994489014149
56565,0.967617154121
56566,0.998153328896
56567,0.978794932365
56568,0.997850000858
56569,0.938200712204
56570,0.997637212276
56571,0.998005568981
56572,0.998606979847
56573,0.998184978962
56574,0.998220264912
56575,0.998606979847
56576,0.996312081814
56577,0.994004368782
56578,0.996842384338
56579,0.997457504272
56580,0.962199270725
56581,0.995216012001
56582,0.998406648636
56583,0.998606979847
56584,0.991934776306
56585,0.994436562061
56586,0.997713565826
56587,0.99829441309
56588,0.998606979847
56589,0.998276054859
56590,0.998235344887
56591,0.994375705719
56592,0.99594938755
56593,0.99263459444
56594,0.996411442757
56595,0.99820047617
56596,0.998309850693
56597,0.998406648636
56598,0.997778773308
56599,0.99375975132
56600,0.998606979847
56601,0.998606979847
56602,0.997571706772
56603,0.997486829758
56604,0.954910218716
56605,0.992389976978
56606,0.998406648636
56607,0.998606979847
56608,0.998606979847
56609,0.998406648636
56610,0.99848139286
56611,0.994567930698
56612,0.993603289127
56613,0.99793946743
56614,0.99820047617
56615,0.997069001198
56616,0.99848139286
56617,0.997713565826
56618,0.998606979847
56619,0.997855246067
56620,0.99848139286
56621,0.998606979847
56622,0.998483419418
56623,0.99848139286
56624,0.998153328896
56625,0.998606979847
56626,0.998155415058
56627,0.911530852318
56628,0.99793946743
56629,0.998013615608
56630,0.985864877701
56631,0.998606979847
56632,0.965293526649
56633,0.998606979847
56634,0.998606979847
56635,0.991762518883
56636,0.998606979847
56637,0.99259775877
56638,0.998407959938
56639,0.997988402843
56640,0.998483419418
56641,0.998606979847
56642,0.998606979847
56643,0.998428761959
56644,0.982565641403
56645,0.992904126644
56646,0.990072369576
56647,0.993615806103
56648,0.99439239502
56649,0.972669661045
56650,0.99635130167
56651,0.998406648636
56652,0.990598380566
56653,0.995467782021
56654,0.94086509943
56655,0.998606979847
56656,0.998606979847
56657,0.99848139286
56658,0.94483101368
56659,0.989851593971
56660,0.99820047617
56661,0.99848139286
56662,0.996842384338
56663,0.996390998363
56664,0.998606979847
56665,0.998406648636
56666,0.989380002022
56667,0.994701087475
56668,0.998606979847
56669,0.985960841179
56670,0.995839238167
56671,0.998606979847
56672,0.998606979847
56673,0.998293995857
56674,0.997673690319
56675,0.994163155556
56676,0.956414520741
56677,0.998483419418
56678,0.998606979847
56679,0.998606979847
56680,0.998483419418
56681,0.998606979847
56682,0.937309265137
56683,0.995782911777
56684,0.998276054859
56685,0.971137881279
56686,0.998079001904
56687,0.998606979847
56688,0.994143724442
56689,0.998407959938
56690,0.998407959938
56691,0.99793946743
56692,0.997118115425
56693,0.998606979847
56694,0.994662106037
56695,0.991375207901
56696,0.998406648636
56697,0.972768306732
56698,0.998606979847
56699,0.998606979847
56700,0.996842384338
56701,0.97937721014
56702,0.998606979847
56703,0.994554698467
56704,0.998055100441
56705,0.998606979847
56706,0.995223701
56707,0.993603289127
56708,0.99644446373
56709,0.991753101349
56710,0.998483419418
56711,0.991243541241
56712,0.995845198631
56713,0.996007800102
56714,0.993603289127
56715,0.998406648636
56716,0.991375207901
56717,0.998606979847
56718,0.99838078022
56719,0.998606979847
56720,0.998220264912
56721,0.99829441309
56722,0.991714477539
56723,0.997888922691
56724,0.99793946743
56725,0.998606979847
56726,0.992735862732
56727,0.983897268772
56728,0.992829561234
56729,0.998200654984
56730,0.871648430824
56731,0.995954453945
56732,0.97670352459
56733,0.998241424561
56734,0.997783958912
56735,0.998483419418
56736,0.987407147884
56737,0.995782911777
56738,0.969317317009
56739,0.913946390152
56740,0.894853115082
56741,0.997771561146
56742,0.993319034576
56743,0.99554425478
56744,0.993354678154
56745,0.998302519321
56746,0.993945300579
56747,0.998606979847
56748,0.995883405209
56749,0.994841814041
56750,0.950235068798
56751,0.998606979847
56752,0.99403578043
56753,0.998276054859
56754,0.950129926205
56755,0.968644082546
56756,0.998368620872
56757,0.998081028461
56758,0.995897948742
56759,0.987820446491
56760,0.991723299026
56761,0.998606979847
56762,0.998606979847
56763,0.995648384094
56764,0.998606979847
56765,0.993373632431
56766,0.992021083832
56767,0.998606979847
56768,0.996842384338
56769,0.994841814041
56770,0.99000620842
56771,0.878808557987
56772,0.998606979847
56773,0.968174278736
56774,0.99793946743
56775,0.998606979847
56776,0.990856349468
56777,0.984497368336
56778,0.998606979847
56779,0.994841814041
56780,0.998406648636
56781,0.9953597188
56782,0.995874881744
56783,0.995839595795
56784,0.996603786945
56785,0.998407959938
56786,0.998606979847
56787,0.99793946743
56788,0.99323785305
56789,0.99313634634
56790,0.998606979847
56791,0.994646728039
56792,0.998364388943
56793,0.99793946743
56794,0.960306584835
56795,0.998606979847
56796,0.99838078022
56797,0.992288827896
56798,0.99848139286
56799,0.993167459965
56800,0.998606979847
56801,0.98932749033
56802,0.99838078022
56803,0.998407959938
56804,0.998155415058
56805,0.982278883457
56806,0.996324777603
56807,0.99848139286
56808,0.99100202322
56809,0.997464060783
56810,0.964114189148
56811,0.989430069923
56812,0.998606979847
56813,0.995138525963
56814,0.986502170563
56815,0.998153328896
56816,0.997222423553
56817,0.980783998966
56818,0.998606979847
56819,0.993365824223
56820,0.998220264912
56821,0.995717763901
56822,0.998606979847
56823,0.995464742184
56824,0.997841417789
56825,0.998406648636
56826,0.998606979847
56827,0.962633609772
56828,0.998606979847
56829,0.998606979847
56830,0.99838078022
56831,0.993424117565
56832,0.997389912605
56833,0.998260438442
56834,0.991914629936
56835,0.998606979847
56836,0.994758427143
56837,0.998606979847
56838,0.953617215157
56839,0.998220264912
56840,0.996158838272
56841,0.993285596371
56842,0.998606979847
56843,0.998220264912
56844,0.996009171009
56845,0.99820047617
56846,0.99838078022
56847,0.998406648636
56848,0.978820383549
56849,0.998094499111
56850,0.996961891651
56851,0.998022079468
56852,0.998406648636
56853,0.996487736702
56854,0.997222304344
56855,0.99793946743
56856,0.998606979847
56857,0.997679948807
56858,0.995189845562
56859,0.988334417343
56860,0.998606979847
56861,0.992787539959
56862,0.997725665569
56863,0.965859353542
56864,0.996583402157
56865,0.998028457165
56866,0.993826210499
56867,0.996027112007
56868,0.916986942291
56869,0.998606979847
56870,0.99793946743
56871,0.993688821793
56872,0.994158625603
56873,0.998606979847
56874,0.988758802414
56875,0.996411442757
56876,0.996842384338
56877,0.998606979847
56878,0.998028457165
56879,0.998047590256
56880,0.994549274445
56881,0.992231249809
56882,0.993392109871
56883,0.998407959938
56884,0.974290788174
56885,0.99848139286
56886,0.998606979847
56887,0.99838078022
56888,0.996353328228
56889,0.998406648636
56890,0.99848139286
56891,0.926261544228
56892,0.998606979847
56893,0.99848139286
56894,0.996958851814
56895,0.825404345989
56896,0.982323169708
56897,0.996146798134
56898,0.997900903225
56899,0.992644667625
56900,0.996034264565
56901,0.993036389351
56902,0.998606979847
56903,0.993048906326
56904,0.974176228046
56905,0.993472158909
56906,0.996818959713
56907,0.998200654984
56908,0.998407959938
56909,0.88933879137
56910,0.993645966053
56911,0.960117936134
56912,0.998153328896
56913,0.998606979847
56914,0.996603786945
56915,0.963385164738
56916,0.996984064579
56917,0.998181462288
56918,0.997841417789
56919,0.995901048183
56920,0.985750436783
56921,0.98680716753
56922,0.99210113287
56923,0.998606979847
56924,0.998606979847
56925,0.993995606899
56926,0.987426578999
56927,0.992781102657
56928,0.99848139286
56929,0.99793946743
56930,0.998406648636
56931,0.998407959938
56932,0.890681266785
56933,0.998606979847
56934,0.990093886852
56935,0.99644446373
56936,0.998606979847
56937,0.919891357422
56938,0.986171126366
56939,0.998606979847
56940,0.997600913048
56941,0.998606979847
56942,0.991476595402
56943,0.998013615608
56944,0.998606979847
56945,0.998606979847
56946,0.990221738815
56947,0.997841417789
56948,0.982323348522
56949,0.997778773308
56950,0.998406648636
56951,0.998606979847
56952,0.998606979847
56953,0.998606979847
56954,0.997725665569
56955,0.998606979847
56956,0.98981821537
56957,0.997783958912
56958,0.998606979847
56959,0.998606979847
56960,0.945836186409
56961,0.998200654984
56962,0.998606979847
56963,0.99793946743
56964,0.998606979847
56965,0.992244899273
56966,0.998606979847
56967,0.603624999523
56968,0.998266220093
56969,0.99848139286
56970,0.998606979847
56971,0.998260438442
56972,0.998606979847
56973,0.998606979847
56974,0.994841814041
56975,0.998606979847
56976,0.992389976978
56977,0.965269088745
56978,0.998406648636
56979,0.99848139286
56980,0.996586322784
56981,0.998606979847
56982,0.998606979847
56983,0.998081982136
56984,0.996842384338
56985,0.977109014988
56986,0.998606979847
56987,0.998094499111
56988,0.996027112007
56989,0.998606979847
56990,0.991286754608
56991,0.998200654984
56992,0.998406648636
56993,0.990278244019
56994,0.998407959938
56995,0.99838078022
56996,0.991282761097
56997,0.99848139286
56998,0.990580916405
56999,0.997734487057
57000,0.918449044228
57001,0.998406648636
57002,0.99838078022
57003,0.95956325531
57004,0.983166575432
57005,0.997615814209
57006,0.904433310032
57007,0.998260438442
57008,0.991523861885
57009,0.998081326485
57010,0.996603786945
57011,0.992840051651
57012,0.998483419418
57013,0.920971810818
57014,0.989334285259
57015,0.998606979847
57016,0.998606979847
57017,0.99793946743
57018,0.99848139286
57019,0.995609223843
57020,0.993391036987
57021,0.998606979847
57022,0.9909953475
57023,0.996957659721
57024,0.997988402843
57025,0.998260438442
57026,0.954980552197
57027,0.98601347208
57028,0.993084251881
57029,0.992821216583
57030,0.997592926025
57031,0.992050349712
57032,0.991871297359
57033,0.998606979847
57034,0.998606979847
57035,0.993806481361
57036,0.923546433449
57037,0.985301077366
57038,0.995257675648
57039,0.991060078144
57040,0.998606979847
57041,0.992489755154
57042,0.982362926006
57043,0.997734487057
57044,0.960940122604
57045,0.995774447918
57046,0.998407959938
57047,0.997486829758
57048,0.992829561234
57049,0.97330302
57050,0.996842384338
57051,0.993739426136
57052,0.99633949995
57053,0.982751190662
57054,0.996027112007
57055,0.986414551735
57056,0.998606979847
57057,0.998606979847
57058,0.998200654984
57059,0.998606979847
57060,0.995879232883
57061,0.996411442757
57062,0.998606979847
57063,0.994302749634
57064,0.994321525097
57065,0.99848139286
57066,0.99263459444
57067,0.998079001904
57068,0.996411442757
57069,0.994758427143
57070,0.998606979847
57071,0.856153964996
57072,0.998606979847
57073,0.99838078022
57074,0.988886296749
57075,0.998428761959
57076,0.990753591061
57077,0.993957340717
57078,0.998606979847
57079,0.99848139286
57080,0.998606979847
57081,0.998606979847
57082,0.997826635838
57083,0.998181462288
57084,0.996603786945
57085,0.992225527763
57086,0.997960448265
57087,0.996146798134
57088,0.998483419418
57089,0.98648327589
57090,0.998094499111
57091,0.998606979847
57092,0.99848139286
57093,0.99820047617
57094,0.992829561234
57095,0.987653374672
57096,0.996603786945
57097,0.998606979847
57098,0.99829441309
57099,0.998153328896
57100,0.997525453568
57101,0.998606979847
57102,0.996041119099
57103,0.998606979847
57104,0.994908452034
57105,0.99848139286
57106,0.986630380154
57107,0.993204474449
57108,0.998606979847
57109,0.99848139286
57110,0.98789536953
57111,0.998266220093
57112,0.998406648636
57113,0.997580945492
57114,0.998606979847
57115,0.996411442757
57116,0.992679297924
57117,0.992947757244
57118,0.99813079834
57119,0.99848139286
57120,0.99848139286
57121,0.996027112007
57122,0.994812428951
57123,0.961751401424
57124,0.998606979847
57125,0.997473359108
57126,0.91435444355
57127,0.997637212276
57128,0.997636258602
57129,0.954023718834
57130,0.993741035461
57131,0.998606979847
57132,0.998022079468
57133,0.995508491993
57134,0.992244899273
57135,0.997763693333
57136,0.99848139286
57137,0.987882971764
57138,0.998606979847
57139,0.996048867702
57140,0.998407959938
57141,0.996138811111
57142,0.998606979847
57143,0.998606979847
57144,0.979502558708
57145,0.998606979847
57146,0.997900903225
57147,0.990987598896
57148,0.993048906326
57149,0.971126198769
57150,0.997783958912
57151,0.99848139286
57152,0.998606979847
57153,0.995004355907
57154,0.992631018162
57155,0.998364388943
57156,0.998606979847
57157,0.996848404408
57158,0.998184978962
57159,0.993688821793
57160,0.998606979847
57161,0.994371831417
57162,0.998606979847
57163,0.998428761959
57164,0.99838078022
57165,0.949176311493
57166,0.997172415257
57167,0.998606979847
57168,0.998013615608
57169,0.997396945953
57170,0.994021356106
57171,0.989789009094
57172,0.997473359108
57173,0.940436303616
57174,0.998606979847
57175,0.9927688241
57176,0.976714074612
57177,0.998606979847
57178,0.998606979847
57179,0.996698200703
57180,0.998022079468
57181,0.998406648636
57182,0.997889041901
57183,0.994834959507
57184,0.966897845268
57185,0.99829441309
57186,0.955995559692
57187,0.997850000858
57188,0.99554425478
57189,0.998606979847
57190,0.99793946743
57191,0.985988080502
57192,0.978644490242
57193,0.996586322784
57194,0.998606979847
57195,0.936056494713
57196,0.998243689537
57197,0.998606979847
57198,0.994286775589
57199,0.992787539959
57200,0.945280015469
57201,0.990088403225
57202,0.931580364704
57203,0.998276054859
57204,0.993096470833
57205,0.998606979847
57206,0.998406648636
57207,0.998483419418
57208,0.993603289127
57209,0.997708141804
57210,0.998606979847
57211,0.997788965702
57212,0.938953578472
57213,0.998022079468
57214,0.998276054859
57215,0.996842384338
57216,0.998606979847
57217,0.998153328896
57218,0.994841814041
57219,0.99838078022
57220,0.998606979847
57221,0.998022079468
57222,0.99346101284
57223,0.998606979847
57224,0.99848139286
57225,0.99403578043
57226,0.994348168373
57227,0.99838078022
57228,0.998606979847
57229,0.998606979847
57230,0.997685015202
57231,0.98745071888
57232,0.998606979847
57233,0.992249429226
57234,0.997620403767
57235,0.99848139286
57236,0.99848139286
57237,0.998606979847
57238,0.995367050171
57239,0.99848139286
57240,0.991586685181
57241,0.998606979847
57242,0.992499649525
57243,0.994743466377
57244,0.998260438442
57245,0.994551360607
57246,0.99554425478
57247,0.992950260639
57248,0.99848139286
57249,0.93203163147
57250,0.997989296913
57251,0.99793946743
57252,0.998200178146
57253,0.992947757244
57254,0.998153328896
57255,0.988488018513
57256,0.997951805592
57257,0.98606055975
57258,0.998276054859
57259,0.998606979847
57260,0.998606979847
57261,0.998606979847
57262,0.998013615608
57263,0.994758427143
57264,0.998081982136
57265,0.998606979847
57266,0.998368620872
57267,0.99848139286
57268,0.998368620872
57269,0.998606979847
57270,0.997889041901
57271,0.998153328896
57272,0.997807383537
57273,0.998606979847
57274,0.997852921486
57275,0.976132392883
57276,0.99644446373
57277,0.99838078022
57278,0.989418268204
57279,0.997866868973
57280,0.993814945221
57281,0.998153328896
57282,0.998606979847
57283,0.991630613804
57284,0.998606979847
57285,0.997367501259
57286,0.998260438442
57287,0.998406648636
57288,0.998483419418
57289,0.984204769135
57290,0.992716789246
57291,0.998606979847
57292,0.991945624352
57293,0.998606979847
57294,0.99848139286
57295,0.995464742184
57296,0.998184978962
57297,0.998606979847
57298,0.998606979847
57299,0.991197407246
57300,0.996062517166
57301,0.9892578125
57302,0.998606979847
57303,0.998606979847
57304,0.968829631805
57305,0.997949123383
57306,0.988592088223
57307,0.997301340103
57308,0.997951805592
57309,0.998606979847
57310,0.998153328896
57311,0.99477314949
57312,0.995757579803
57313,0.993471384048
57314,0.984077990055
57315,0.974489629269
57316,0.997571587563
57317,0.996027112007
57318,0.996334016323
57319,0.998406648636
57320,0.998606979847
57321,0.998606979847
57322,0.998031020164
57323,0.9642111063
57324,0.987536966801
57325,0.996027112007
57326,0.899639248848
57327,0.998606979847
57328,0.996027112007
57329,0.998606979847
57330,0.998606979847
57331,0.99848139286
57332,0.996162116528
57333,0.994685232639
57334,0.998181462288
57335,0.998606979847
57336,0.997828781605
57337,0.985764682293
57338,0.972878932953
57339,0.998606979847
57340,0.998606979847
57341,0.993603289127
57342,0.998606979847
57343,0.99848139286
57344,0.99263459444
57345,0.992883503437
57346,0.998094499111
57347,0.998406648636
57348,0.998606979847
57349,0.99793946743
57350,0.99793946743
57351,0.997599542141
57352,0.988022327423
57353,0.99838078022
57354,0.998606979847
57355,0.99848139286
57356,0.992016673088
57357,0.990381121635
57358,0.996842384338
57359,0.997525453568
57360,0.998606979847
57361,0.998200654984
57362,0.992947757244
57363,0.997783958912
57364,0.998606979847
57365,0.997745871544
57366,0.991633951664
57367,0.998606979847
57368,0.993163049221
57369,0.99848139286
57370,0.998606979847
57371,0.995985627174
57372,0.996027112007
57373,0.998606979847
57374,0.995117902756
57375,0.994000613689
57376,0.974759936333
57377,0.998606979847
57378,0.988119602203
57379,0.99406003952
57380,0.991899847984
57381,0.990267395973
57382,0.998147010803
57383,0.880369663239
57384,0.982459783554
57385,0.992193579674
57386,0.997745871544
57387,0.99848139286
57388,0.992883503437
57389,0.998113453388
57390,0.897410750389
57391,0.998606979847
57392,0.992829561234
57393,0.996292173862
57394,0.998606979847
57395,0.996146798134
57396,0.998606979847
57397,0.981030642986
57398,0.997889041901
57399,0.992829561234
57400,0.998606979847
57401,0.991891384125
57402,0.998606979847
57403,0.998606979847
57404,0.993048906326
57405,0.990186929703
57406,0.997898757458
57407,0.997170507908
57408,0.987952828407
57409,0.983301401138
57410,0.991377651691
57411,0.997473359108
57412,0.998606979847
57413,0.972645044327
57414,0.988525748253
57415,0.992331624031
57416,0.981752574444
57417,0.994758427143
57418,0.99584710598
57419,0.996146798134
57420,0.998155415058
57421,0.992820560932
57422,0.998406648636
57423,0.997508645058
57424,0.994940757751
57425,0.996842384338
57426,0.998406648636
57427,0.973403453827
57428,0.998013615608
57429,0.992796242237
57430,0.998606979847
57431,0.975272059441
57432,0.99848139286
57433,0.998241424561
57434,0.998606979847
57435,0.997558534145
57436,0.990181863308
57437,0.997679948807
57438,0.998276054859
57439,0.997855246067
57440,0.99829441309
57441,0.991418480873
57442,0.998606979847
57443,0.998606979847
57444,0.990172147751
57445,0.998606979847
57446,0.998606979847
57447,0.99829441309
57448,0.998368620872
57449,0.998606979847
57450,0.998606979847
57451,0.997464060783
57452,0.992740154266
57453,0.989397764206
57454,0.998155415058
57455,0.997788965702
57456,0.998606979847
57457,0.99309784174
57458,0.998406648636
57459,0.997224986553
57460,0.998606979847
57461,0.998407959938
57462,0.993941962719
57463,0.958328604698
57464,0.994669616222
57465,0.996663451195
57466,0.998606979847
57467,0.998606979847
57468,0.997558534145
57469,0.998606979847
57470,0.97125941515
57471,0.995347619057
57472,0.973148167133
57473,0.90249311924
57474,0.998606979847
57475,0.99793946743
57476,0.979484796524
57477,0.998483419418
57478,0.974735498428
57479,0.964971423149
57480,0.984703123569
57481,0.996027112007
57482,0.989923715591
57483,0.998260438442
57484,0.98825019598
57485,0.99471116066
57486,0.99848139286
57487,0.996309936047
57488,0.99644446373
57489,0.997291088104
57490,0.998606979847
57491,0.997340321541
57492,0.995348930359
57493,0.998606979847
57494,0.99848139286
57495,0.994032859802
57496,0.998606979847
57497,0.997574031353
57498,0.95460909605
57499,0.998606979847
57500,0.998606979847
57501,0.99848139286
57502,0.996027112007
57503,0.99848139286
57504,0.998276054859
57505,0.991879403591
57506,0.995516598225
57507,0.992193579674
57508,0.997788965702
57509,0.998606979847
57510,0.996842384338
57511,0.99838078022
57512,0.998153328896
57513,0.998276054859
57514,0.995117902756
57515,0.997783958912
57516,0.995782911777
57517,0.997783958912
57518,0.992473721504
57519,0.975650429726
57520,0.950655579567
57521,0.998606979847
57522,0.993603289127
57523,0.998606979847
57524,0.995757579803
57525,0.989217340946
57526,0.994841814041
57527,0.982923924923
57528,0.998606979847
57529,0.994082391262
57530,0.990357577801
57531,0.998606979847
57532,0.99782294035
57533,0.991598546505
57534,0.998200178146
57535,0.998200654984
57536,0.998190522194
57537,0.998368620872
57538,0.995401382446
57539,0.9953815341
57540,0.996842384338
57541,0.99829441309
57542,0.998606979847
57543,0.998227238655
57544,0.998606979847
57545,0.99838078022
57546,0.998606979847
57547,0.996603786945
57548,0.989897727966
57549,0.99220085144
57550,0.986512959003
57551,0.998606979847
57552,0.998406648636
57553,0.99838078022
57554,0.987705290318
57555,0.994758427143
57556,0.99194663763
57557,0.996842384338
57558,0.998606979847
57559,0.900226950645
57560,0.998606979847
57561,0.997464060783
57562,0.993728041649
57563,0.998606979847
57564,0.990946650505
57565,0.99793112278
57566,0.99848139286
57567,0.966977596283
57568,0.998606979847
57569,0.986491858959
57570,0.995437681675
57571,0.993142783642
57572,0.998606979847
57573,0.998606979847
57574,0.998606979847
57575,0.998111128807
57576,0.998606979847
57577,0.994184076786
57578,0.99848139286
57579,0.998260438442
57580,0.994991064072
57581,0.998200654984
57582,0.991613149643
57583,0.998406648636
57584,0.990273296833
57585,0.963252782822
57586,0.992367565632
57587,0.989831209183
57588,0.995273649693
57589,0.998406648636
57590,0.993312358856
57591,0.995351314545
57592,0.998220264912
57593,0.998368620872
57594,0.998153328896
57595,0.998606979847
57596,0.996027112007
57597,0.997320711613
57598,0.997828781605
57599,0.996162116528
57600,0.998153328896
57601,0.993657529354
57602,0.998606979847
57603,0.997180044651
57604,0.991671204567
57605,0.949655234814
57606,0.998302519321
57607,0.99848139286
57608,0.994841814041
57609,0.998606979847
57610,0.998606979847
57611,0.998260438442
57612,0.998235344887
57613,0.99848139286
57614,0.99644446373
57615,0.996411442757
57616,0.998407959938
57617,0.99678838253
57618,0.974723756313
57619,0.995221972466
57620,0.993164896965
57621,0.997158646584
57622,0.992288827896
57623,0.99848139286
57624,0.983053326607
57625,0.998606979847
57626,0.997222423553
57627,0.998606979847
57628,0.925932526588
57629,0.981780767441
57630,0.998483419418
57631,0.91783618927
57632,0.982701480389
57633,0.998200654984
57634,0.998483419418
57635,0.995625913143
57636,0.99848139286
57637,0.998606979847
57638,0.995115101337
57639,0.996028125286
57640,0.993375957012
57641,0.99820047617
57642,0.998606979847
57643,0.993048906326
57644,0.983201086521
57645,0.998606979847
57646,0.998407959938
57647,0.99223446846
57648,0.998606979847
57649,0.998013615608
57650,0.998406648636
57651,0.995883405209
57652,0.997679948807
57653,0.996190965176
57654,0.998276054859
57655,0.998606979847
57656,0.980204045773
57657,0.995490729809
57658,0.993449747562
57659,0.99848139286
57660,0.997778236866
57661,0.99793946743
57662,0.997951805592
57663,0.99848139286
57664,0.998273909092
57665,0.99848139286
57666,0.998200654984
57667,0.998606979847
57668,0.99369096756
57669,0.991347789764
57670,0.998606979847
57671,0.998028457165
57672,0.998606979847
57673,0.998606979847
57674,0.976068258286
57675,0.998352825642
57676,0.97942584753
57677,0.987040817738
57678,0.996544718742
57679,0.990946650505
57680,0.992614209652
57681,0.99838078022
57682,0.998606979847
57683,0.931158304214
57684,0.988347649574
57685,0.990339994431
57686,0.998606979847
57687,0.965551972389
57688,0.997828781605
57689,0.99076706171
57690,0.99761903286
57691,0.99848139286
57692,0.99838078022
57693,0.998606979847
57694,0.991143465042
57695,0.992266952991
57696,0.998407959938
57697,0.998606979847
57698,0.998153328896
57699,0.998483419418
57700,0.998293995857
57701,0.998406648636
57702,0.991770744324
57703,0.998606979847
57704,0.998606979847
57705,0.992109358311
57706,0.982785642147
57707,0.99838078022
57708,0.989540159702
57709,0.989702701569
57710,0.960265636444
57711,0.995040535927
57712,0.998606979847
57713,0.998606979847
57714,0.998276054859
57715,0.995998978615
57716,0.996027112007
57717,0.986379086971
57718,0.941785931587
57719,0.984205365181
57720,0.997393488884
57721,0.991439640522
57722,0.993248820305
57723,0.993178665638
57724,0.96059513092
57725,0.992657363415
57726,0.993362486362
57727,0.998606979847
57728,0.99848139286
57729,0.99848139286
57730,0.991423606873
57731,0.99848139286
57732,0.998606979847
57733,0.99838078022
57734,0.998606979847
57735,0.997533380985
57736,0.998407959938
57737,0.998606979847
57738,0.998606979847
57739,0.998407959938
57740,0.99838078022
57741,0.994468808174
57742,0.998606979847
57743,0.984939515591
57744,0.990880608559
57745,0.991972327232
57746,0.995609223843
57747,0.996603786945
57748,0.995106577873
57749,0.994588434696
57750,0.998407959938
57751,0.99848139286
57752,0.998606979847
57753,0.997473359108
57754,0.998081326485
57755,0.998606979847
57756,0.998368620872
57757,0.998606979847
57758,0.993603289127
57759,0.968557298183
57760,0.995216012001
57761,0.998606979847
57762,0.998606979847
57763,0.99644446373
57764,0.998368620872
57765,0.99375975132
57766,0.993824005127
57767,0.986708760262
57768,0.972182512283
57769,0.998028457165
57770,0.995311737061
57771,0.994316160679
57772,0.98865801096
57773,0.997809827328
57774,0.99793946743
57775,0.99848139286
57776,0.998606979847
57777,0.988649070263
57778,0.998606979847
57779,0.99079144001
57780,0.998606979847
57781,0.998406648636
57782,0.998606979847
57783,0.997988402843
57784,0.988707661629
57785,0.971020579338
57786,0.997020184994
57787,0.998606979847
57788,0.993620932102
57789,0.996842384338
57790,0.99644446373
57791,0.998606979847
57792,0.997788965702
57793,0.998606979847
57794,0.998606979847
57795,0.99838078022
57796,0.997370123863
57797,0.998406648636
57798,0.998200654984
57799,0.998102426529
57800,0.981000781059
57801,0.994674742222
57802,0.990033626556
57803,0.991373479366
57804,0.998064756393
57805,0.998606979847
57806,0.998606979847
57807,0.995690584183
57808,0.9837667346
57809,0.991780042648
57810,0.998031020164
57811,0.99113380909
57812,0.998606979847
57813,0.998606979847
57814,0.998606979847
57815,0.995844423771
57816,0.998606979847
57817,0.998153328896
57818,0.998406648636
57819,0.99848139286
57820,0.998220264912
57821,0.988661110401
57822,0.990145027637
57823,0.99838078022
57824,0.995789766312
57825,0.994526684284
57826,0.992984592915
57827,0.977596580982
57828,0.991583406925
57829,0.986893355846
57830,0.998309850693
57831,0.995878458023
57832,0.941780269146
57833,0.998483419418
57834,0.995123207569
57835,0.998606979847
57836,0.994414925575
57837,0.997481524944
57838,0.998606979847
57839,0.997783958912
57840,0.993902385235
57841,0.998276054859
57842,0.998276054859
57843,0.997828781605
57844,0.997788965702
57845,0.994058012962
57846,0.991615355015
57847,0.998483419418
57848,0.99848139286
57849,0.994547963142
57850,0.99829441309
57851,0.998606979847
57852,0.992657363415
57853,0.998483419418
57854,0.998606979847
57855,0.99848139286
57856,0.997953295708
57857,0.990758180618
57858,0.998145222664
57859,0.985882401466
57860,0.998302519321
57861,0.99709379673
57862,0.995400428772
57863,0.998606979847
57864,0.996698200703
57865,0.988607406616
57866,0.991197407246
57867,0.99838078022
57868,0.998276054859
57869,0.994561851025
57870,0.998606979847
57871,0.998064756393
57872,0.993670046329
57873,0.984047055244
57874,0.997788965702
57875,0.987930893898
57876,0.997783958912
57877,0.970875680447
57878,0.967746078968
57879,0.998606979847
57880,0.984258174896
57881,0.997828781605
57882,0.988258063793
57883,0.99848139286
57884,0.998483419418
57885,0.971691668034
57886,0.998606979847
57887,0.990950703621
57888,0.957100749016
57889,0.99848139286
57890,0.982453048229
57891,0.987142324448
57892,0.996353328228
57893,0.998606979847
57894,0.998606979847
57895,0.998081326485
57896,0.998606979847
57897,0.986053347588
57898,0.998483419418
57899,0.998606979847
57900,0.995595633984
57901,0.997989296913
57902,0.984318375587
57903,0.997457504272
57904,0.997172415257
57905,0.880749046803
57906,0.998483419418
57907,0.990399479866
57908,0.998606979847
57909,0.994027853012
57910,0.998147547245
57911,0.994138598442
57912,0.992257118225
57913,0.996586322784
57914,0.998022079468
57915,0.996027112007
57916,0.99263459444
57917,0.996603786945
57918,0.993533909321
57919,0.998273909092
57920,0.979595422745
57921,0.998606979847
57922,0.995517611504
57923,0.997642576694
57924,0.998606979847
57925,0.993938148022
57926,0.993414878845
57927,0.99848139286
57928,0.99848139286
57929,0.99243170023
57930,0.997145712376
57931,0.998266220093
57932,0.998155415058
57933,0.99792098999
57934,0.998260438442
57935,0.997866868973
57936,0.99271351099
57937,0.989108920097
57938,0.993826210499
57939,0.99848139286
57940,0.998483419418
57941,0.998200654984
57942,0.997433483601
57943,0.992811620235
57944,0.955030560493
57945,0.995431363583
57946,0.940045297146
57947,0.975412428379
57948,0.997615814209
57949,0.992021083832
57950,0.998606979847
57951,0.998606979847
57952,0.99644446373
57953,0.993722617626
57954,0.993375957012
57955,0.99580514431
57956,0.998260438442
57957,0.987934887409
57958,0.995357811451
57959,0.985467076302
57960,0.99838078022
57961,0.998068809509
57962,0.974506735802
57963,0.991303324699
57964,0.998407959938
57965,0.998606979847
57966,0.99271351099
57967,0.99838078022
57968,0.988523006439
57969,0.996411442757
57970,0.99534124136
57971,0.998200654984
57972,0.99838078022
57973,0.998606979847
57974,0.998406648636
57975,0.996842384338
57976,0.991608858109
57977,0.99820047617
57978,0.998606979847
57979,0.998606979847
57980,0.996027112007
57981,0.99838078022
57982,0.995985627174
57983,0.99848139286
57984,0.998483419418
57985,0.998483419418
57986,0.979068696499
57987,0.998145222664
57988,0.993826210499
57989,0.993048906326
57990,0.998483419418
57991,0.996826887131
57992,0.996414005756
57993,0.99848139286
57994,0.994908452034
57995,0.998302519321
57996,0.99848139286
57997,0.99793946743
57998,0.993945300579
57999,0.997430801392
58000,0.99848139286
58001,0.998606979847
58002,0.998606979847
58003,0.991142272949
58004,0.998145222664
58005,0.99554425478
58006,0.952060639858
58007,0.996353328228
58008,0.990443527699
58009,0.994230985641
58010,0.998606979847
58011,0.985987663269
58012,0.968786358833
58013,0.997485339642
58014,0.997600913048
58015,0.996586322784
58016,0.988713085651
58017,0.99838078022
58018,0.99838078022
58019,0.998606979847
58020,0.989993453026
58021,0.998606979847
58022,0.998606979847
58023,0.998368620872
58024,0.960014462471
58025,0.998606979847
58026,0.998094499111
58027,0.992244899273
58028,0.99838078022
58029,0.99259531498
58030,0.994114398956
58031,0.998407959938
58032,0.998606979847
58033,0.998406648636
58034,0.99804186821
58035,0.967452287674
58036,0.998181462288
58037,0.99829441309
58038,0.99838078022
58039,0.992829561234
58040,0.996033132076
58041,0.992915928364
58042,0.952574431896
58043,0.998302519321
58044,0.998606979847
58045,0.998606979847
58046,0.990879654884
58047,0.966825664043
58048,0.99838078022
58049,0.988090932369
58050,0.998606979847
58051,0.992473721504
58052,0.996795237064
58053,0.997745871544
58054,0.99838078022
58055,0.998606979847
58056,0.996586322784
58057,0.998606979847
58058,0.992829561234
58059,0.997436404228
58060,0.998606979847
58061,0.998483419418
58062,0.99848139286
58063,0.99644446373
58064,0.998407959938
58065,0.961286783218
58066,0.996603786945
58067,0.998606979847
58068,0.995897114277
58069,0.998606979847
58070,0.991627812386
58071,0.975575864315
58072,0.997621715069
58073,0.998606979847
58074,0.998606979847
58075,0.998606979847
58076,0.998606979847
58077,0.995897948742
58078,0.998606979847
58079,0.99848139286
58080,0.974444270134
58081,0.99848139286
58082,0.994487464428
58083,0.983964502811
58084,0.998606979847
58085,0.991972327232
58086,0.998364388943
58087,0.993722617626
58088,0.995044231415
58089,0.998364388943
58090,0.954959511757
58091,0.988363444805
58092,0.992503225803
58093,0.843966960907
58094,0.998200654984
58095,0.992419838905
58096,0.998606979847
58097,0.997580945492
58098,0.996312081814
58099,0.998406648636
58100,0.985215187073
58101,0.99254989624
58102,0.99848139286
58103,0.998606979847
58104,0.998483419418
58105,0.997889041901
58106,0.99838078022
58107,0.992796242237
58108,0.998606979847
58109,0.99848139286
58110,0.983257055283
58111,0.989212453365
58112,0.998181462288
58113,0.989089071751
58114,0.994908452034
58115,0.977106809616
58116,0.961213171482
58117,0.940748989582
58118,0.99848139286
58119,0.998606979847
58120,0.997621715069
58121,0.99838078022
58122,0.997525453568
58123,0.998606979847
58124,0.99848139286
58125,0.998428761959
58126,0.99838078022
58127,0.998606979847
58128,0.998606979847
58129,0.998276054859
58130,0.99848139286
58131,0.998606979847
58132,0.994337797165
58133,0.998606979847
58134,0.986269116402
58135,0.998200654984
58136,0.99820047617
58137,0.998606979847
58138,0.994592428207
58139,0.998606979847
58140,0.998368620872
58141,0.998368620872
58142,0.996158838272
58143,0.99114638567
58144,0.935562491417
58145,0.992665469646
58146,0.989994108677
58147,0.972949683666
58148,0.994344055653
58149,0.996138811111
58150,0.998407959938
58151,0.997879803181
58152,0.997926771641
58153,0.982985973358
58154,0.994828939438
58155,0.998200654984
58156,0.998406648636
58157,0.996795237064
58158,0.998606979847
58159,0.991972327232
58160,0.998606979847
58161,0.99838078022
58162,0.982073426247
58163,0.998606979847
58164,0.998606979847
58165,0.997783958912
58166,0.998068809509
58167,0.99829441309
58168,0.980101406574
58169,0.998606979847
58170,0.998145222664
58171,0.998606979847
58172,0.859633505344
58173,0.998606979847
58174,0.998606979847
58175,0.977913558483
58176,0.990323722363
58177,0.998606979847
58178,0.989849209785
58179,0.99829441309
58180,0.991956293583
58181,0.998406648636
58182,0.994354784489
58183,0.993826210499
58184,0.99838078022
58185,0.985535264015
58186,0.99820047617
58187,0.997642576694
58188,0.998606979847
58189,0.99848139286
58190,0.998606979847
58191,0.992065429688
58192,0.998606979847
58193,0.998606979847
58194,0.99259531498
58195,0.990172147751
58196,0.990580916405
58197,0.991347789764
58198,0.991238355637
58199,0.99848139286
58200,0.991519153118
58201,0.998606979847
58202,0.992829561234
58203,0.998606979847
58204,0.998276054859
58205,0.991153717041
58206,0.997820913792
58207,0.99422031641
58208,0.997783958912
58209,0.996027112007
58210,0.998606979847
58211,0.997784256935
58212,0.99848139286
58213,0.992728173733
58214,0.982120990753
58215,0.993129372597
58216,0.998302519321
58217,0.991182327271
58218,0.946339964867
58219,0.998606979847
58220,0.998013615608
58221,0.992719531059
58222,0.998406648636
58223,0.99848139286
58224,0.964814841747
58225,0.99023270607
58226,0.985678911209
58227,0.976343810558
58228,0.998606979847
58229,0.998606979847
58230,0.99838078022
58231,0.998155415058
58232,0.980207324028
58233,0.996603786945
58234,0.983494222164
58235,0.981417417526
58236,0.988258063793
58237,0.996048867702
58238,0.998606979847
58239,0.997951805592
58240,0.992947757244
58241,0.998368620872
58242,0.964087426662
58243,0.992016136646
58244,0.997296869755
58245,0.996323168278
58246,0.992549002171
58247,0.992987334728
58248,0.98692047596
58249,0.984318971634
58250,0.998200654984
58251,0.997783958912
58252,0.998606979847
58253,0.997571706772
58254,0.99613493681
58255,0.97678399086
58256,0.998061478138
58257,0.993489563465
58258,0.979982495308
58259,0.976750850677
58260,0.998606979847
58261,0.998606979847
58262,0.997951805592
58263,0.977065563202
58264,0.99848139286
58265,0.996603786945
58266,0.988182961941
58267,0.997828781605
58268,0.998606979847
58269,0.991182327271
58270,0.99263459444
58271,0.996583282948
58272,0.998005568981
58273,0.99848139286
58274,0.998200654984
58275,0.997745871544
58276,0.998606979847
58277,0.998407959938
58278,0.988248348236
58279,0.988275647163
58280,0.997571587563
58281,0.99838078022
58282,0.96485966444
58283,0.995782911777
58284,0.998606979847
58285,0.997145712376
58286,0.998606979847
58287,0.998606979847
58288,0.996414005756
58289,0.998606979847
58290,0.998606979847
58291,0.994352757931
58292,0.986361563206
58293,0.985855698586
58294,0.997740864754
58295,0.998200654984
58296,0.994959771633
58297,0.998606979847
58298,0.998606979847
58299,0.989514410496
58300,0.988977015018
58301,0.996185719967
58302,0.954980194569
58303,0.997685015202
58304,0.997658252716
58305,0.998606979847
58306,0.992520272732
58307,0.970789968967
58308,0.998407959938
58309,0.998368620872
58310,0.996847510338
58311,0.992829561234
58312,0.980886816978
58313,0.995625913143
58314,0.998606979847
58315,0.995437681675
58316,0.99838078022
58317,0.993064284325
58318,0.998606979847
58319,0.998302519321
58320,0.997530579567
58321,0.984888076782
58322,0.998102426529
58323,0.997481524944
58324,0.998028457165
58325,0.993553578854
58326,0.998606979847
58327,0.960638344288
58328,0.993826210499
58329,0.995602190495
58330,0.998606979847
58331,0.998260438442
58332,0.998260438442
58333,0.960771620274
58334,0.990618288517
58335,0.998606979847
58336,0.99793946743
58337,0.998606979847
58338,0.996353328228
58339,0.998606979847
58340,0.99848139286
58341,0.993620932102
58342,0.973426580429
58343,0.992166101933
58344,0.984254479408
58345,0.993686556816
58346,0.99848139286
58347,0.992217004299
58348,0.99848139286
58349,0.992245495319
58350,0.975199818611
58351,0.998606979847
58352,0.998220264912
58353,0.994370102882
58354,0.893205881119
58355,0.998606979847
58356,0.995394945145
58357,0.996027112007
58358,0.996353328228
58359,0.992266952991
58360,0.971064686775
58361,0.998606979847
58362,0.995207667351
58363,0.998406648636
58364,0.997828781605
58365,0.998606979847
58366,0.99724894762
58367,0.998483419418
58368,0.992716789246
58369,0.993635296822
58370,0.99848139286
58371,0.993824005127
58372,0.996036946774
58373,0.99793946743
58374,0.998153328896
58375,0.99793946743
58376,0.991967439651
58377,0.998483419418
58378,0.99793946743
58379,0.996842384338
58380,0.99838078022
58381,0.977778613567
58382,0.991697609425
58383,0.984380185604
58384,0.995508730412
58385,0.99848139286
58386,0.998606979847
58387,0.997660696507
58388,0.958618283272
58389,0.99848139286
58390,0.998606979847
58391,0.99848139286
58392,0.996842384338
58393,0.971812069416
58394,0.99838078022
58395,0.986781895161
58396,0.99848139286
58397,0.887121796608
58398,0.99848139286
58399,0.998368620872
58400,0.997988402843
58401,0.998606979847
58402,0.996009171009
58403,0.989037632942
58404,0.994418382645
58405,0.99838078022
58406,0.997636258602
58407,0.998606979847
58408,0.998606979847
58409,0.998606979847
58410,0.991015315056
58411,0.987433135509
58412,0.992425143719
58413,0.996984064579
58414,0.998606979847
58415,0.99271351099
58416,0.998606979847
58417,0.996975183487
58418,0.992947757244
58419,0.99848139286
58420,0.998184978962
58421,0.998352825642
58422,0.998181462288
58423,0.992134392262
58424,0.993781507015
58425,0.998145222664
58426,0.998606979847
58427,0.997592926025
58428,0.991413116455
58429,0.992740154266
58430,0.998153328896
58431,0.998145222664
58432,0.99848139286
58433,0.998112678528
58434,0.99848139286
58435,0.998243689537
58436,0.998013615608
58437,0.998606979847
58438,0.997451007366
58439,0.991671204567
58440,0.996842384338
58441,0.990403592587
58442,0.998606979847
58443,0.99793946743
58444,0.996963560581
58445,0.992342591286
58446,0.99195086956
58447,0.998428761959
58448,0.996258080006
58449,0.99848139286
58450,0.998606979847
58451,0.998302519321
58452,0.998606979847
58453,0.969794034958
58454,0.99838078022
58455,0.998606979847
58456,0.983738958836
58457,0.998153328896
58458,0.990595400333
58459,0.993912994862
58460,0.99644446373
58461,0.992264389992
58462,0.998606979847
58463,0.948361814022
58464,0.966544389725
58465,0.998606979847
58466,0.997989296913
58467,0.998220264912
58468,0.954557061195
58469,0.996001303196
58470,0.998606979847
58471,0.998606979847
58472,0.998406648636
58473,0.998606979847
58474,0.996390998363
58475,0.99838078022
58476,0.99801248312
58477,0.995924890041
58478,0.996309936047
58479,0.998606979847
58480,0.998606979847
58481,0.998606979847
58482,0.99848139286
58483,0.998200654984
58484,0.998606979847
58485,0.99848139286
58486,0.966487526894
58487,0.961160898209
58488,0.997114419937
58489,0.944748938084
58490,0.991301476955
58491,0.992581546307
58492,0.998606979847
58493,0.997850000858
58494,0.998606979847
58495,0.996027112007
58496,0.99644446373
58497,0.994462072849
58498,0.996353328228
58499,0.99644613266
58500,0.997418224812
58501,0.862358689308
58502,0.996022224426
58503,0.992277145386
58504,0.998013615608
58505,0.992971420288
58506,0.998606979847
58507,0.98540520668
58508,0.99838078022
58509,0.99554425478
58510,0.99644446373
58511,0.998606979847
58512,0.996073663235
58513,0.998606979847
58514,0.998483419418
58515,0.998606979847
58516,0.991143465042
58517,0.998606979847
58518,0.99644446373
58519,0.998266220093
58520,0.996583402157
58521,0.993326723576
58522,0.998606979847
58523,0.994926929474
58524,0.99829441309
58525,0.993941962719
58526,0.998606979847
58527,0.99829441309
58528,0.998606979847
58529,0.995472192764
58530,0.994462072849
58531,0.996140956879
58532,0.99838078022
58533,0.982786655426
58534,0.998606979847
58535,0.998606979847
58536,0.998054504395
58537,0.99554425478
58538,0.997498333454
58539,0.996353328228
58540,0.992222309113
58541,0.998102426529
58542,0.99838078022
58543,0.994841814041
58544,0.998606979847
58545,0.996027112007
58546,0.984693408012
58547,0.998606979847
58548,0.998302519321
58549,0.976375520229
58550,0.997982680798
58551,0.992393434048
58552,0.99848139286
58553,0.994940757751
58554,0.997146785259
58555,0.996309936047
58556,0.924352824688
58557,0.990750730038
58558,0.998606979847
58559,0.998606979847
58560,0.998276054859
58561,0.991370618343
58562,0.972616136074
58563,0.905862629414
58564,0.934198260307
58565,0.998606979847
58566,0.998606979847
58567,0.998260438442
58568,0.962706983089
58569,0.996954917908
58570,0.998606979847
58571,0.98782736063
58572,0.997473359108
58573,0.99644446373
58574,0.988710284233
58575,0.996842384338
58576,0.992883503437
58577,0.998094499111
58578,0.99793946743
58579,0.995311737061
58580,0.998606979847
58581,0.998364388943
58582,0.990000069141
58583,0.995962321758
58584,0.990546107292
58585,0.997900903225
58586,0.996138811111
58587,0.998260438442
58588,0.997783958912
58589,0.998606979847
58590,0.993699193001
58591,0.998211562634
58592,0.997703015804
58593,0.997642576694
58594,0.993271529675
58595,0.998022079468
58596,0.997879803181
58597,0.98543202877
58598,0.998483419418
58599,0.998606979847
58600,0.993367493153
58601,0.998407959938
58602,0.998483419418
58603,0.998406648636
58604,0.998606979847
58605,0.994382977486
58606,0.994187355042
58607,0.974230468273
58608,0.998181462288
58609,0.997866868973
58610,0.99793946743
58611,0.994124412537
58612,0.985200285912
58613,0.99829441309
58614,0.998273909092
58615,0.994525492191
58616,0.993528723717
58617,0.995178937912
58618,0.997464060783
58619,0.995178937912
58620,0.996842384338
58621,0.998606979847
58622,0.992947757244
58623,0.991025149822
58624,0.998606979847
58625,0.992441296577
58626,0.998606979847
58627,0.991966426373
58628,0.975997924805
58629,0.99829441309
58630,0.991935968399
58631,0.99848139286
58632,0.998606979847
58633,0.997037529945
58634,0.998606979847
58635,0.985243439674
58636,0.998200178146
58637,0.998606979847
58638,0.991935968399
58639,0.998606979847
58640,0.998241424561
58641,0.998606979847
58642,0.996027112007
58643,0.99848139286
58644,0.99838078022
58645,0.998606979847
58646,0.997642576694
58647,0.86976224184
58648,0.998200654984
58649,0.998606979847
58650,0.979245245457
58651,0.995226442814
58652,0.997246146202
58653,0.998606979847
58654,0.995571017265
58655,0.994103848934
58656,0.99793946743
58657,0.996842384338
58658,0.997580945492
58659,0.99838078022
58660,0.990172147751
58661,0.998606979847
58662,0.982740819454
58663,0.998606979847
58664,0.993219554424
58665,0.998153328896
58666,0.996163904667
58667,0.933435618877
58668,0.993658542633
58669,0.99848139286
58670,0.99793946743
58671,0.998352825642
58672,0.995101749897
58673,0.998606979847
58674,0.990655779839
58675,0.965637624264
58676,0.984971702099
58677,0.993620932102
58678,0.993803679943
58679,0.99848139286
58680,0.998606979847
58681,0.99838078022
58682,0.993603289127
58683,0.998181462288
58684,0.973368048668
58685,0.998606979847
58686,0.992740154266
58687,0.996007800102
58688,0.99838078022
58689,0.996975183487
58690,0.995858848095
58691,0.997828781605
58692,0.997900903225
58693,0.987309217453
58694,0.998606979847
58695,0.99848139286
58696,0.998606979847
58697,0.998200654984
58698,0.970675230026
58699,0.99838078022
58700,0.998606979847
58701,0.997989296913
58702,0.991042971611
58703,0.99394762516
58704,0.994832515717
58705,0.998081028461
58706,0.998153328896
58707,0.993048906326
58708,0.985750436783
58709,0.997866868973
58710,0.998606979847
58711,0.998606979847
58712,0.99848139286
58713,0.998606979847
58714,0.995275914669
58715,0.990864813328
58716,0.997342705727
58717,0.998302519321
58718,0.996014237404
58719,0.991296231747
58720,0.991452395916
58721,0.992331385612
58722,0.998406648636
58723,0.998022079468
58724,0.996411442757
58725,0.974263012409
58726,0.9909953475
58727,0.998184978962
58728,0.998606979847
58729,0.996353328228
58730,0.998606979847
58731,0.998606979847
58732,0.998266220093
58733,0.998163342476
58734,0.99793946743
58735,0.991181254387
58736,0.992947757244
58737,0.996414005756
58738,0.993293881416
58739,0.994627535343
58740,0.997783958912
58741,0.998606979847
58742,0.993285596371
58743,0.996917426586
58744,0.998606979847
58745,0.997398436069
58746,0.998606979847
58747,0.992921948433
58748,0.985867857933
58749,0.995189249516
58750,0.998606979847
58751,0.993941962719
58752,0.99848139286
58753,0.996502220631
58754,0.997685015202
58755,0.99263459444
58756,0.997636258602
58757,0.998200654984
58758,0.99361628294
58759,0.998260438442
58760,0.998200654984
58761,0.994549274445
58762,0.998483419418
58763,0.99838078022
58764,0.98172557354
58765,0.973638117313
58766,0.998606979847
58767,0.995666623116
58768,0.995473742485
58769,0.996842384338
58770,0.992160916328
58771,0.99838078022
58772,0.973912060261
58773,0.995437681675
58774,0.994034290314
58775,0.979733169079
58776,0.998074531555
58777,0.99848139286
58778,0.908517718315
58779,0.998606979847
58780,0.998606979847
58781,0.998606979847
58782,0.996603786945
58783,0.99848139286
58784,0.991423726082
58785,0.99838078022
58786,0.992118895054
58787,0.995076417923
58788,0.998606979847
58789,0.99838078022
58790,0.992277145386
58791,0.998606979847
58792,0.985740184784
58793,0.998406648636
58794,0.986993670464
58795,0.99829441309
58796,0.99848139286
58797,0.998406648636
58798,0.998428761959
58799,0.990253567696
58800,0.995227217674
58801,0.99838078022
58802,0.994867861271
58803,0.99838078022
58804,0.99801248312
58805,0.998606979847
58806,0.994085252285
58807,0.998302519321
58808,0.998153328896
58809,0.998606979847
58810,0.99848139286
58811,0.919650793076
58812,0.996312081814
58813,0.99838078022
58814,0.99848139286
58815,0.987734735012
58816,0.998276054859
58817,0.994862854481
58818,0.996353328228
58819,0.998153328896
58820,0.998606979847
58821,0.998406648636
58822,0.998606979847
58823,0.998406648636
58824,0.884739637375
58825,0.98995167017
58826,0.993826210499
58827,0.998606979847
58828,0.997464060783
58829,0.998368620872
58830,0.99554425478
58831,0.989948570728
58832,0.998606979847
58833,0.949529826641
58834,0.99848139286
58835,0.98599088192
58836,0.995789766312
58837,0.997889041901
58838,0.991586685181
58839,0.99848139286
58840,0.992571413517
58841,0.99644446373
58842,0.984398365021
58843,0.995235025883
58844,0.962444901466
58845,0.998406648636
58846,0.995117902756
58847,0.99848139286
58848,0.977875828743
58849,0.992762625217
58850,0.998606979847
58851,0.990292906761
58852,0.987646758556
58853,0.998090028763
58854,0.98967808485
58855,0.997866868973
58856,0.998606979847
58857,0.99848139286
58858,0.993210673332
58859,0.998127579689
58860,0.99838078022
58861,0.99613493681
58862,0.987535715103
58863,0.998606979847
58864,0.996334016323
58865,0.998200654984
58866,0.994015753269
58867,0.96822655201
58868,0.990580916405
58869,0.998606979847
58870,0.994841814041
58871,0.99838078022
58872,0.959643363953
58873,0.995897948742
58874,0.998302519321
58875,0.998606979847
58876,0.993756115437
58877,0.998364388943
58878,0.992214441299
58879,0.998181462288
58880,0.99848139286
58881,0.993488907814
58882,0.998606979847
58883,0.99793946743
58884,0.998606979847
58885,0.998483419418
58886,0.97499614954
58887,0.991074025631
58888,0.986313223839
58889,0.994375705719
58890,0.995954453945
58891,0.998181462288
58892,0.998260438442
58893,0.99793946743
58894,0.998364388943
58895,0.919460952282
58896,0.998406648636
58897,0.995628535748
58898,0.95033288002
58899,0.992193877697
58900,0.997464060783
58901,0.997280418873
58902,0.993436634541
58903,0.958031952381
58904,0.992657363415
58905,0.99793946743
58906,0.982933342457
58907,0.998260438442
58908,0.998606979847
58909,0.998606979847
58910,0.998260438442
58911,0.995853245258
58912,0.998054504395
58913,0.998606979847
58914,0.996586322784
58915,0.998606979847
58916,0.997389912605
58917,0.992947757244
58918,0.998483419418
58919,0.998606979847
58920,0.997889041901
58921,0.977309763432
58922,0.996603786945
58923,0.992836773396
58924,0.996842384338
58925,0.998276054859
58926,0.99820047617
58927,0.968349635601
58928,0.994099259377
58929,0.994032859802
58930,0.997160553932
58931,0.996603786945
58932,0.939776718616
58933,0.998260438442
58934,0.998181462288
58935,0.987660467625
58936,0.997889041901
58937,0.99263459444
58938,0.996842384338
58939,0.998276054859
58940,0.993178665638
58941,0.992927014828
58942,0.998606979847
58943,0.998606979847
58944,0.992037057877
58945,0.970040500164
58946,0.997783958912
58947,0.981775164604
58948,0.987729728222
58949,0.998005568981
58950,0.989291846752
58951,0.99848139286
58952,0.994740903378
58953,0.972868561745
58954,0.998606979847
58955,0.998260438442
58956,0.998606979847
58957,0.998181462288
58958,0.99829441309
58959,0.998406648636
58960,0.993844211102
58961,0.996034264565
58962,0.997481524944
58963,0.989875018597
58964,0.992389976978
58965,0.941312134266
58966,0.998007357121
58967,0.99848139286
58968,0.932529509068
58969,0.998606979847
58970,0.99554425478
58971,0.994916439056
58972,0.995782911777
58973,0.998606979847
58974,0.993020772934
58975,0.993386030197
58976,0.987264871597
58977,0.998606979847
58978,0.989920198917
58979,0.998606979847
58980,0.997495949268
58981,0.993826210499
58982,0.979815423489
58983,0.998406648636
58984,0.99820047617
58985,0.997889041901
58986,0.984645068645
58987,0.998364388943
58988,0.997866868973
58989,0.99848139286
58990,0.997600913048
58991,0.99162375927
58992,0.992829561234
58993,0.99848139286
58994,0.998483419418
58995,0.991435945034
58996,0.998407959938
58997,0.99271351099
58998,0.998606979847
58999,0.97386187315
59000,0.995227217674
59001,0.935188531876
59002,0.998606979847
59003,0.998606979847
59004,0.99793946743
59005,0.998606979847
59006,0.98361325264
59007,0.992122888565
59008,0.994957923889
59009,0.998012661934
59010,0.980702459812
59011,0.95989972353
59012,0.997889041901
59013,0.990823686123
59014,0.913556873798
59015,0.992154538631
59016,0.993761003017
59017,0.998606979847
59018,0.987457513809
59019,0.99838078022
59020,0.996411442757
59021,0.986630380154
59022,0.998606979847
59023,0.996353328228
59024,0.993722617626
59025,0.997734487057
59026,0.990719854832
59027,0.998606979847
59028,0.998368620872
59029,0.998606979847
59030,0.998606979847
59031,0.99838078022
59032,0.998606979847
59033,0.994414925575
59034,0.998276054859
59035,0.998153328896
59036,0.925197064877
59037,0.993375957012
59038,0.997473359108
59039,0.99271351099
59040,0.998606979847
59041,0.998606979847
59042,0.998428761959
59043,0.989712059498
59044,0.996353328228
59045,0.998364388943
59046,0.998606979847
59047,0.998153328896
59048,0.955790162086
59049,0.99848139286
59050,0.99848139286
59051,0.994023382664
59052,0.99323707819
59053,0.998155415058
59054,0.934982001781
59055,0.995924890041
59056,0.99759221077
59057,0.998406648636
59058,0.997818112373
59059,0.99848139286
59060,0.998606979847
59061,0.998606979847
59062,0.998606979847
59063,0.994359195232
59064,0.99848139286
59065,0.993048906326
59066,0.997745871544
59067,0.998200654984
59068,0.918139338493
59069,0.997788965702
59070,0.997685015202
59071,0.992372989655
59072,0.998606979847
59073,0.994841814041
59074,0.946691989899
59075,0.998606979847
59076,0.997828781605
59077,0.998407959938
59078,0.987180113792
59079,0.993285596371
59080,0.996411442757
59081,0.998606979847
59082,0.998054504395
59083,0.992829561234
59084,0.993826210499
59085,0.997788965702
59086,0.994987726212
59087,0.949939668179
59088,0.997783958912
59089,0.99278396368
59090,0.997685015202
59091,0.993962705135
59092,0.998076677322
59093,0.998163342476
59094,0.995782911777
59095,0.998606979847
59096,0.993952155113
59097,0.998483419418
59098,0.997728407383
59099,0.998216986656
59100,0.903459489346
59101,0.99820047617
59102,0.998112678528
59103,0.998606979847
59104,0.998606979847
59105,0.998606979847
59106,0.998606979847
59107,0.998155415058
59108,0.994272470474
59109,0.998606979847
59110,0.989973843098
59111,0.998406648636
59112,0.99848139286
59113,0.941292762756
59114,0.966815710068
59115,0.994129180908
59116,0.998145222664
59117,0.995357811451
59118,0.993701279163
59119,0.996987342834
59120,0.998606979847
59121,0.99145758152
59122,0.998145222664
59123,0.994841814041
59124,0.998220264912
59125,0.99838078022
59126,0.998606979847
59127,0.992556631565
59128,0.998368620872
59129,0.998483419418
59130,0.991667091846
59131,0.995216012001
59132,0.993251800537
59133,0.992266952991
59134,0.998606979847
59135,0.998260438442
59136,0.998055100441
59137,0.991716384888
59138,0.998606979847
59139,0.998606979847
59140,0.998483419418
59141,0.998606979847
59142,0.990399479866
59143,0.995510816574
59144,0.975792109966
59145,0.997822642326
59146,0.998428761959
59147,0.994758427143
59148,0.992614209652
59149,0.997473359108
59150,0.99746888876
59151,0.998606979847
59152,0.99804186821
59153,0.997852921486
59154,0.998606979847
59155,0.998013615608
59156,0.998606979847
59157,0.998368620872
59158,0.980688273907
59159,0.998606979847
59160,0.998606979847
59161,0.996033489704
59162,0.998200654984
59163,0.998606979847
59164,0.997734487057
59165,0.993722617626
59166,0.991787135601
59167,0.998483419418
59168,0.998054504395
59169,0.997621715069
59170,0.990482807159
59171,0.998606979847
59172,0.997615814209
59173,0.990580916405
59174,0.99359691143
59175,0.99793946743
59176,0.950596213341
59177,0.992451786995
59178,0.998134315014
59179,0.984382510185
59180,0.99500387907
59181,0.998606979847
59182,0.959677636623
59183,0.996007800102
59184,0.992285251617
59185,0.992050349712
59186,0.998058021069
59187,0.992156684399
59188,0.993826210499
59189,0.995625913143
59190,0.998606979847
59191,0.989085018635
59192,0.997903585434
59193,0.99848139286
59194,0.998102426529
59195,0.998606979847
59196,0.99129897356
59197,0.998483419418
59198,0.985750436783
59199,0.998606979847
59200,0.998483419418
59201,0.943076908588
59202,0.99848139286
59203,0.977702021599
59204,0.998606979847
59205,0.998606979847
59206,0.99793946743
59207,0.996583402157
59208,0.988460898399
59209,0.995472192764
59210,0.992499291897
59211,0.998606979847
59212,0.993048906326
59213,0.992778658867
59214,0.993722617626
59215,0.998153328896
59216,0.998352825642
59217,0.995997309685
59218,0.993722617626
59219,0.995879232883
59220,0.991647601128
59221,0.991347789764
59222,0.99848139286
59223,0.994321525097
59224,0.93841201067
59225,0.997621715069
59226,0.995628535748
59227,0.991221010685
59228,0.969777584076
59229,0.971599876881
59230,0.998606979847
59231,0.99848139286
59232,0.996062338352
59233,0.995357811451
59234,0.990676641464
59235,0.992712974548
59236,0.994615912437
59237,0.998406648636
59238,0.957471072674
59239,0.963820755482
59240,0.991914868355
59241,0.92351347208
59242,0.997800707817
59243,0.984230577946
59244,0.978078842163
59245,0.99848139286
59246,0.990910947323
59247,0.997900903225
59248,0.993777573109
59249,0.997508645058
59250,0.977752685547
59251,0.994359433651
59252,0.981542825699
59253,0.997700989246
59254,0.998200654984
59255,0.998606979847
59256,0.973228812218
59257,0.997597813606
59258,0.997889041901
59259,0.992145001888
59260,0.998606979847
59261,0.991849601269
59262,0.991881370544
59263,0.998102426529
59264,0.998155415058
59265,0.998606979847
59266,0.993914842606
59267,0.998058021069
59268,0.998606979847
59269,0.998406648636
59270,0.996842384338
59271,0.998606979847
59272,0.998606979847
59273,0.998181462288
59274,0.998606979847
59275,0.99838078022
59276,0.998407959938
59277,0.998606979847
59278,0.998153328896
59279,0.998606979847
59280,0.998606979847
59281,0.996146798134
59282,0.998013615608
59283,0.998606979847
59284,0.99829441309
59285,0.998606979847
59286,0.996186554432
59287,0.993917584419
59288,0.986279666424
59289,0.998081326485
59290,0.998406648636
59291,0.998606979847
59292,0.99848139286
59293,0.994187355042
59294,0.990189015865
59295,0.998606979847
59296,0.997679948807
59297,0.997664868832
59298,0.998606979847
59299,0.998324692249
59300,0.993712246418
59301,0.998606979847
59302,0.995879232883
59303,0.992861926556
59304,0.97176015377
59305,0.995879232883
59306,0.998606979847
59307,0.990909516811
59308,0.981568932533
59309,0.990547895432
59310,0.995599865913
59311,0.986553907394
59312,0.998606979847
59313,0.998153328896
59314,0.996674835682
59315,0.997172415257
59316,0.998606979847
59317,0.998606979847
59318,0.99271351099
59319,0.998606979847
59320,0.998368620872
59321,0.998606979847
59322,0.937706649303
59323,0.997989296913
59324,0.99145758152
59325,0.988106846809
59326,0.997571706772
59327,0.99848139286
59328,0.993036985397
59329,0.998200654984
59330,0.998606979847
59331,0.997850000858
59332,0.998200654984
59333,0.99848139286
59334,0.998606979847
59335,0.99271351099
59336,0.99848139286
59337,0.99804186821
59338,0.988727748394
59339,0.99398702383
59340,0.994309306145
59341,0.997879803181
59342,0.99848139286
59343,0.997530579567
59344,0.997828781605
59345,0.996309936047
59346,0.998606979847
59347,0.998606979847
59348,0.998606979847
59349,0.998606979847
59350,0.930102169514
59351,0.996027112007
59352,0.998606979847
59353,0.998606979847
59354,0.99820047617
59355,0.998606979847
59356,0.978733301163
59357,0.99838078022
59358,0.99848139286
59359,0.998368620872
59360,0.991439640522
59361,0.992389976978
59362,0.998064756393
59363,0.998153328896
59364,0.998081326485
59365,0.998606979847
59366,0.958148241043
59367,0.993939101696
59368,0.998606979847
59369,0.995751619339
59370,0.994841814041
59371,0.998606979847
59372,0.998606979847
59373,0.99838078022
59374,0.998606979847
59375,0.998606979847
59376,0.998606979847
59377,0.998606979847
59378,0.998606979847
59379,0.990918040276
59380,0.998022079468
59381,0.990833997726
59382,0.998606979847
59383,0.998606979847
59384,0.998606979847
59385,0.99848139286
59386,0.962596416473
59387,0.998606979847
59388,0.991972327232
59389,0.997828781605
59390,0.998483419418
59391,0.998606979847
59392,0.99752175808
59393,0.962396800518
59394,0.990948498249
59395,0.993618905544
59396,0.998606979847
59397,0.99848139286
59398,0.998606979847
59399,0.99838078022
59400,0.99848139286
59401,0.998606979847
59402,0.998606979847
59403,0.99848139286
59404,0.997900903225
59405,0.99848139286
59406,0.960631787777
59407,0.998153328896
59408,0.985177099705
59409,0.998606979847
59410,0.997457504272
59411,0.998407959938
59412,0.99848139286
59413,0.95272642374
59414,0.997725665569
59415,0.973930597305
59416,0.996842384338
59417,0.991672158241
59418,0.991005063057
59419,0.99838078022
59420,0.998022079468
59421,0.990705966949
59422,0.995985627174
59423,0.969807744026
59424,0.997020184994
59425,0.991777837276
59426,0.994099259377
59427,0.993949949741
59428,0.998028457165
59429,0.998483419418
59430,0.998606979847
59431,0.952184557915
59432,0.992207288742
59433,0.99820047617
59434,0.99848139286
59435,0.993020772934
59436,0.995118200779
59437,0.99848139286
59438,0.998094499111
59439,0.937411427498
59440,0.998406648636
59441,0.99848139286
59442,0.998606979847
59443,0.97660022974
59444,0.997835695744
59445,0.99838078022
59446,0.998200654984
59447,0.991221010685
59448,0.980798602104
59449,0.998606979847
59450,0.998606979847
59451,0.998606979847
59452,0.993115186691
59453,0.998606979847
59454,0.984380185604
59455,0.994187355042
59456,0.995464742184
59457,0.993048906326
59458,0.997298836708
59459,0.998200654984
59460,0.993268668652
59461,0.99848139286
59462,0.997730672359
59463,0.997954785824
59464,0.996143162251
59465,0.998606979847
59466,0.992740154266
59467,0.995725572109
59468,0.996586322784
59469,0.979743182659
59470,0.998352825642
59471,0.991142272949
59472,0.997712135315
59473,0.998145222664
59474,0.991753101349
59475,0.993603289127
59476,0.998081982136
59477,0.997600913048
59478,0.99216067791
59479,0.998606979847
59480,0.996842384338
59481,0.998606979847
59482,0.992829561234
59483,0.998606979847
59484,0.998606979847
59485,0.994462072849
59486,0.99644446373
59487,0.995243728161
59488,0.998606979847
59489,0.998606979847
59490,0.998606979847
59491,0.983067035675
59492,0.9962053895
59493,0.992389976978
59494,0.955498933792
59495,0.997301340103
59496,0.997784733772
59497,0.99761903286
59498,0.99829441309
59499,0.977433741093
59500,0.996027112007
59501,0.983539700508
59502,0.998606979847
59503,0.932452976704
59504,0.990680336952
59505,0.996842384338
59506,0.994963526726
59507,0.998407959938
59508,0.943589985371
59509,0.997464060783
59510,0.998406648636
59511,0.998364388943
59512,0.996027112007
59513,0.997879803181
59514,0.991347789764
59515,0.998606979847
59516,0.985204398632
59517,0.998047590256
59518,0.998606979847
59519,0.998406648636
59520,0.99644446373
59521,0.998606979847
59522,0.992393434048
59523,0.997828781605
59524,0.996973454952
59525,0.998094499111
59526,0.990201413631
59527,0.998368620872
59528,0.992767930031
59529,0.998163342476
59530,0.991873264313
59531,0.993178009987
59532,0.995259404182
59533,0.988173127174
59534,0.977169275284
59535,0.99848139286
59536,0.99508947134
59537,0.998606979847
59538,0.99848139286
59539,0.993873655796
59540,0.998606979847
59541,0.993827462196
59542,0.998606979847
59543,0.996698200703
59544,0.99829441309
59545,0.998606979847
59546,0.981872677803
59547,0.997114419937
59548,0.998483419418
59549,0.968277573586
59550,0.965304076672
59551,0.986075997353
59552,0.998606979847
59553,0.978962481022
59554,0.974999785423
59555,0.996027112007
59556,0.998406648636
59557,0.998352825642
59558,0.998606979847
59559,0.99793946743
59560,0.994065344334
59561,0.992787539959
59562,0.996353328228
59563,0.998606979847
59564,0.998483419418
59565,0.987869918346
59566,0.992829561234
59567,0.998127579689
59568,0.989241242409
59569,0.862987101078
59570,0.983496487141
59571,0.99433028698
59572,0.998606979847
59573,0.998606979847
59574,0.995817005634
59575,0.998260438442
59576,0.95005351305
59577,0.996586322784
59578,0.997571706772
59579,0.99848139286
59580,0.998606979847
59581,0.965245306492
59582,0.998606979847
59583,0.996353328228
59584,0.997571587563
59585,0.998606979847
59586,0.998483419418
59587,0.997889041901
59588,0.998606979847
59589,0.993156135082
59590,0.995568335056
59591,0.996842384338
59592,0.995076417923
59593,0.998606979847
59594,0.99838078022
59595,0.997989296913
59596,0.99848139286
59597,0.927316308022
59598,0.998606979847
59599,0.99403578043
59600,0.98991984129
59601,0.997879803181
59602,0.99346101284
59603,0.97778737545
59604,0.986673951149
59605,0.997953295708
59606,0.998606979847
59607,0.998606979847
59608,0.995658397675
59609,0.996997714043
59610,0.998606979847
59611,0.998309850693
59612,0.993713498116
59613,0.998606979847
59614,0.998606979847
59615,0.984693408012
59616,0.994916439056
59617,0.991098284721
59618,0.997679948807
59619,0.990823745728
59620,0.977574467659
59621,0.998606979847
59622,0.992077231407
59623,0.998216986656
59624,0.998606979847
59625,0.996027112007
59626,0.995043575764
59627,0.997472524643
59628,0.998606979847
59629,0.99838078022
59630,0.998273909092
59631,0.998276054859
59632,0.987183868885
59633,0.99820047617
59634,0.998145222664
59635,0.99848139286
59636,0.985960125923
59637,0.998606979847
59638,0.998606979847
59639,0.998181462288
59640,0.996842384338
59641,0.993826210499
59642,0.99848139286
59643,0.950152277946
59644,0.990855336189
59645,0.99848139286
59646,0.998606979847
59647,0.998606979847
59648,0.992947757244
59649,0.995678424835
59650,0.99848139286
59651,0.994733273983
59652,0.993375957012
59653,0.992829561234
59654,0.997779428959
59655,0.99848139286
59656,0.995897948742
59657,0.994948387146
59658,0.997954785824
59659,0.991670906544
59660,0.99838078022
59661,0.974430918694
59662,0.998406648636
59663,0.991359651089
59664,0.998047590256
59665,0.973374426365
59666,0.99848139286
59667,0.98718136549
59668,0.99848139286
59669,0.985763192177
59670,0.998606979847
59671,0.993382811546
59672,0.993135392666
59673,0.980221509933
59674,0.994437336922
59675,0.996164977551
59676,0.990014493465
59677,0.996603786945
59678,0.997788965702
59679,0.998606979847
59680,0.998200654984
59681,0.998260438442
59682,0.998606979847
59683,0.998145222664
59684,0.994904756546
59685,0.993826210499
59686,0.997366845608
59687,0.998606979847
59688,0.978320777416
59689,0.994592428207
59690,0.993508994579
59691,0.998220264912
59692,0.980828762054
59693,0.992393434048
59694,0.99259775877
59695,0.993293046951
59696,0.997771561146
59697,0.961239755154
59698,0.938840568066
59699,0.998606979847
59700,0.997783958912
59701,0.993914842606
59702,0.99848139286
59703,0.998606979847
59704,0.998153328896
59705,0.995897948742
59706,0.994190216064
59707,0.99848139286
59708,0.994560837746
59709,0.995401382446
59710,0.998407959938
59711,0.98368448019
59712,0.996034264565
59713,0.998606979847
59714,0.998153328896
59715,0.997430801392
59716,0.99848139286
59717,0.765308141708
59718,0.992947757244
59719,0.992677569389
59720,0.994122922421
59721,0.998406648636
59722,0.998368620872
59723,0.99848139286
59724,0.998606979847
59725,0.998606979847
59726,0.998406648636
59727,0.998005568981
59728,0.99838078022
59729,0.973133206367
59730,0.998606979847
59731,0.99554425478
59732,0.990097999573
59733,0.995727002621
59734,0.993229389191
59735,0.997743785381
59736,0.998483419418
59737,0.990172147751
59738,0.998606979847
59739,0.914576768875
59740,0.993048906326
59741,0.98291349411
59742,0.998606979847
59743,0.997745871544
59744,0.99793946743
59745,0.996158778667
59746,0.997888922691
59747,0.998022079468
59748,0.998606979847
59749,0.998406648636
59750,0.998606979847
59751,0.992288827896
59752,0.998606979847
59753,0.997222304344
59754,0.998606979847
59755,0.983769178391
59756,0.998483419418
59757,0.998013615608
59758,0.970478832722
59759,0.998153328896
59760,0.997988402843
59761,0.99848139286
59762,0.998606979847
59763,0.997464060783
59764,0.972410082817
59765,0.994143724442
59766,0.998606979847
59767,0.997900903225
59768,0.992509663105
59769,0.985198795795
59770,0.992829561234
59771,0.995227754116
59772,0.998260438442
59773,0.993945300579
59774,0.993154346943
59775,0.99782294035
59776,0.997783958912
59777,0.990034103394
59778,0.998483419418
59779,0.980172634125
59780,0.99848139286
59781,0.997301340103
59782,0.99210113287
59783,0.998606979847
59784,0.998606979847
59785,0.998606979847
59786,0.995290398598
59787,0.997235000134
59788,0.996842384338
59789,0.998606979847
59790,0.99820369482
59791,0.99129897356
59792,0.992598772049
59793,0.995208263397
59794,0.998220264912
59795,0.99236625433
59796,0.998200654984
59797,0.99848139286
59798,0.997989296913
59799,0.996146798134
59800,0.990778982639
59801,0.966469228268
59802,0.99848139286
59803,0.985930144787
59804,0.991182029247
59805,0.998406648636
59806,0.998606979847
59807,0.998606979847
59808,0.997698545456
59809,0.987976908684
59810,0.99793946743
59811,0.996842384338
59812,0.991864085197
59813,0.993887245655
59814,0.99263459444
59815,0.990218877792
59816,0.995817005634
59817,0.997575700283
59818,0.996842384338
59819,0.995111644268
59820,0.991911172867
59821,0.998606979847
59822,0.997828781605
59823,0.996353328228
59824,0.998406648636
59825,0.998200654984
59826,0.998606979847
59827,0.99838078022
59828,0.998406648636
59829,0.99838078022
59830,0.998368620872
59831,0.99848139286
59832,0.981521487236
59833,0.997822642326
59834,0.987283289433
59835,0.998037517071
59836,0.906245172024
59837,0.998112678528
59838,0.990608990192
59839,0.998606979847
59840,0.997828781605
59841,0.991272270679
59842,0.998407959938
59843,0.998606979847
59844,0.993489563465
59845,0.989210903645
59846,0.99263459444
59847,0.995195269585
59848,0.998606979847
59849,0.997682273388
59850,0.966962635517
59851,0.995546400547
59852,0.998200178146
59853,0.998483419418
59854,0.997575700283
59855,0.997783958912
59856,0.993230998516
59857,0.991995751858
59858,0.993665218353
59859,0.956914186478
59860,0.998606979847
59861,0.994181513786
59862,0.998406648636
59863,0.998260438442
59864,0.981964349747
59865,0.998606979847
59866,0.998606979847
59867,0.998606979847
59868,0.983889579773
59869,0.998606979847
59870,0.928477406502
59871,0.998606979847
59872,0.996698200703
59873,0.996842384338
59874,0.997311890125
59875,0.99848139286
59876,0.996603786945
59877,0.99848139286
59878,0.97551125288
59879,0.998606979847
59880,0.998606979847
59881,0.99259775877
59882,0.99313634634
59883,0.883889019489
59884,0.998606979847
59885,0.998606979847
59886,0.968948662281
59887,0.99091219902
59888,0.991658806801
59889,0.998606979847
59890,0.998368620872
59891,0.991519153118
59892,0.998606979847
59893,0.991961598396
59894,0.997828781605
59895,0.99838078022
59896,0.992099106312
59897,0.987842917442
59898,0.887447178364
59899,0.99113380909
59900,0.99838078022
59901,0.998184978962
59902,0.991142272949
59903,0.991780817509
59904,0.997571587563
59905,0.993603289127
59906,0.961286306381
59907,0.993826210499
59908,0.993603289127
59909,0.993320047855
59910,0.99848139286
59911,0.998606979847
59912,0.998368620872
59913,0.998155415058
59914,0.89822614193
59915,0.998606979847
59916,0.986315906048
59917,0.994965314865
59918,0.992296934128
59919,0.99848139286
59920,0.997508645058
59921,0.998606979847
59922,0.998483419418
59923,0.998145222664
59924,0.993695139885
59925,0.991173744202
59926,0.99848139286
59927,0.99848139286
59928,0.99848139286
59929,0.998606979847
59930,0.990850687027
59931,0.989674389362
59932,0.993048906326
59933,0.998145222664
59934,0.995541870594
59935,0.991762518883
59936,0.959304630756
59937,0.989875435829
59938,0.991934776306
59939,0.998606979847
59940,0.99644446373
59941,0.99848139286
59942,0.99848139286
59943,0.994688689709
59944,0.99848139286
59945,0.998200654984
59946,0.958887577057
59947,0.996924340725
59948,0.992947757244
59949,0.991583764553
59950,0.993319034576
59951,0.99793946743
59952,0.997649550438
59953,0.99418336153
59954,0.997621715069
59955,0.99458527565
59956,0.92463850975
59957,0.998200654984
59958,0.996603786945
59959,0.994775950909
59960,0.946675598621
59961,0.941593825817
59962,0.997728407383
59963,0.994892537594
59964,0.998606979847
59965,0.998324692249
59966,0.99838078022
59967,0.954080164433
59968,0.998606979847
59969,0.946706295013
59970,0.997213959694
59971,0.998606979847
59972,0.998606979847
59973,0.998184978962
59974,0.98142439127
59975,0.99848139286
59976,0.992269158363
59977,0.997486829758
59978,0.998302519321
59979,0.998606979847
59980,0.998111128807
59981,0.998606979847
59982,0.997396945953
59983,0.998260438442
59984,0.998606979847
59985,0.98996424675
59986,0.998606979847
59987,0.972146630287
59988,0.995040535927
59989,0.998606979847
59990,0.997903585434
59991,0.998606979847
59992,0.990490376949
59993,0.997485339642
59994,0.998606979847
59995,0.993502557278
59996,0.998260438442
59997,0.99848139286
59998,0.991435945034
59999,0.997900903225
60000,0.998606979847
60001,0.975542664528
60002,0.998406648636
60003,0.99793946743
60004,0.998407959938
60005,0.995924890041
60006,0.998606979847
60007,0.981457650661
60008,0.998606979847
60009,0.99848139286
60010,0.99848139286
60011,0.990474522114
60012,0.996984064579
60013,0.995076417923
60014,0.988956689835
60015,0.990123748779
60016,0.996411442757
60017,0.991879403591
60018,0.963503241539
60019,0.994375705719
60020,0.997951805592
60021,0.998406648636
60022,0.998606979847
60023,0.998406648636
60024,0.990705966949
60025,0.998153328896
60026,0.99848139286
60027,0.993285596371
60028,0.998606979847
60029,0.996312081814
60030,0.994186758995
60031,0.997968196869
60032,0.998606979847
60033,0.998606979847
60034,0.998266220093
60035,0.995216012001
60036,0.997888922691
60037,0.995264708996
60038,0.990583717823
60039,0.998483419418
60040,0.998606979847
60041,0.99793946743
60042,0.994841814041
60043,0.993914842606
60044,0.945557236671
60045,0.994143724442
60046,0.96240234375
60047,0.996586322784
60048,0.998184978962
60049,0.977476358414
60050,0.998406648636
60051,0.99263459444
60052,0.998606979847
60053,0.99838078022
60054,0.996411442757
60055,0.997900903225
60056,0.986210823059
60057,0.93306428194
60058,0.998260438442
60059,0.992829561234
60060,0.993878245354
60061,0.997880876064
60062,0.994714915752
60063,0.998606979847
60064,0.997881054878
60065,0.994299650192
60066,0.99782294035
60067,0.99848139286
60068,0.998153328896
60069,0.998606979847
60070,0.997879803181
60071,0.995845198631
60072,0.959548532963
60073,0.998606979847
60074,0.998406648636
60075,0.973441004753
60076,0.998227238655
60077,0.996027112007
60078,0.993603289127
60079,0.972297072411
60080,0.99793946743
60081,0.998606979847
60082,0.99848139286
60083,0.997169315815
60084,0.989973247051
60085,0.998606979847
60086,0.995116233826
60087,0.998606979847
60088,0.998181462288
60089,0.998606979847
60090,0.99820047617
60091,0.997636258602
60092,0.987760066986
60093,0.992389976978
60094,0.998081326485
60095,0.995602190495
60096,0.998606979847
60097,0.998111128807
60098,0.996014237404
60099,0.998606979847
60100,0.998606979847
60101,0.997900903225
60102,0.99848139286
60103,0.997660696507
60104,0.998094499111
60105,0.998606979847
60106,0.99838078022
60107,0.994060635567
60108,0.997508645058
60109,0.998606979847
60110,0.992947757244
60111,0.998606979847
60112,0.998606979847
60113,0.993722617626
60114,0.997783958912
60115,0.996411442757
60116,0.99142241478
60117,0.994305551052
60118,0.998606979847
60119,0.998079001904
60120,0.99838078022
60121,0.993695139885
60122,0.993796646595
60123,0.995782911777
60124,0.998200654984
60125,0.998302519321
60126,0.998200654984
60127,0.99838078022
60128,0.998606979847
60129,0.984192192554
60130,0.99848139286
60131,0.939065039158
60132,0.990265846252
60133,0.989872574806
60134,0.997828781605
60135,0.989848852158
60136,0.997190058231
60137,0.912257254124
60138,0.997900903225
60139,0.998606979847
60140,0.998606979847
60141,0.9894734025
60142,0.998606979847
60143,0.995883405209
60144,0.993056416512
60145,0.996414005756
60146,0.998200654984
60147,0.995678424835
60148,0.991653442383
60149,0.998606979847
60150,0.998606979847
60151,0.931436240673
60152,0.99644446373
60153,0.99210113287
60154,0.998428761959
60155,0.967384278774
60156,0.998606979847
60157,0.998606979847
60158,0.975278496742
60159,0.998200654984
60160,0.998606979847
60161,0.997900903225
60162,0.987920582294
60163,0.973862111568
60164,0.993781507015
60165,0.998302519321
60166,0.994841814041
60167,0.998428761959
60168,0.99848139286
60169,0.99820047617
60170,0.998606979847
60171,0.99734556675
60172,0.998606979847
60173,0.993895411491
60174,0.99801248312
60175,0.993826210499
60176,0.991143465042
60177,0.937283456326
60178,0.985626518726
60179,0.998606979847
60180,0.998428761959
60181,0.998081028461
60182,0.998606979847
60183,0.998102426529
60184,0.998054504395
60185,0.998407959938
60186,0.998606979847
60187,0.998606979847
60188,0.998606979847
60189,0.99641007185
60190,0.991143465042
60191,0.99848139286
60192,0.996411442757
60193,0.970978856087
60194,0.998407959938
60195,0.998606979847
60196,0.998483419418
60197,0.99263459444
60198,0.998260438442
60199,0.998406648636
60200,0.980759382248
60201,0.998606979847
60202,0.998606979847
60203,0.997508645058
60204,0.998606979847
60205,0.99263894558
60206,0.998113453388
60207,0.996027112007
60208,0.99848139286
60209,0.988743245602
60210,0.974083483219
60211,0.998606979847
60212,0.99838078022
60213,0.980503261089
60214,0.993945300579
60215,0.993255913258
60216,0.993397891521
60217,0.99838078022
60218,0.997222304344
60219,0.992244899273
60220,0.993429899216
60221,0.975682318211
60222,0.991476595402
60223,0.99461555481
60224,0.996027112007
60225,0.974540472031
60226,0.998606979847
60227,0.96065980196
60228,0.998260438442
60229,0.99106836319
60230,0.998606979847
60231,0.997828781605
60232,0.998606979847
60233,0.998606979847
60234,0.994908452034
60235,0.971298396587
60236,0.998406648636
60237,0.99793946743
60238,0.99838078022
60239,0.998260438442
60240,0.992767930031
60241,0.998112678528
60242,0.994187355042
60243,0.996586322784
60244,0.994836211205
60245,0.993255913258
60246,0.998406648636
60247,0.99079144001
60248,0.994262695312
60249,0.998606979847
60250,0.998428761959
60251,0.998606979847
60252,0.998606979847
60253,0.998407959938
60254,0.99544864893
60255,0.995177447796
60256,0.993878781796
60257,0.998013615608
60258,0.99838078022
60259,0.998407959938
60260,0.995143890381
60261,0.992257833481
60262,0.995472192764
60263,0.996842384338
60264,0.998606979847
60265,0.992875635624
60266,0.976543068886
60267,0.943907022476
60268,0.944539070129
60269,0.989070355892
60270,0.997951805592
60271,0.99271351099
60272,0.991956293583
60273,0.996842384338
60274,0.997615814209
60275,0.998606979847
60276,0.956804513931
60277,0.99820047617
60278,0.991143465042
60279,0.9951171875
60280,0.998406648636
60281,0.99820047617
60282,0.99418836832
60283,0.997783958912
60284,0.998407959938
60285,0.99848139286
60286,0.934594511986
60287,0.997900903225
60288,0.99848139286
60289,0.991298079491
60290,0.994965314865
60291,0.998606979847
60292,0.998606979847
60293,0.99848139286
60294,0.996411442757
60295,0.997486829758
60296,0.998606979847
60297,0.993826210499
60298,0.965043008327
60299,0.995278120041
60300,0.99848139286
60301,0.998606979847
60302,0.973937749863
60303,0.998184978962
60304,0.997828781605
60305,0.991401433945
60306,0.99838078022
60307,0.991943776608
60308,0.989991307259
60309,0.997858762741
60310,0.996904432774
60311,0.998606979847
60312,0.998606979847
60313,0.998606979847
60314,0.998155415058
60315,0.998606979847
60316,0.998302519321
60317,0.998022079468
60318,0.998606979847
60319,0.992904424667
60320,0.997597813606
60321,0.998064756393
60322,0.993785381317
60323,0.998483419418
60324,0.998145222664
60325,0.991687476635
60326,0.996411442757
60327,0.998606979847
60328,0.970151245594
60329,0.998031020164
60330,0.998606979847
60331,0.998260438442
60332,0.998606979847
60333,0.998606979847
60334,0.933148741722
60335,0.990034103394
60336,0.99820047617
60337,0.998606979847
60338,0.998606979847
60339,0.953716754913
60340,0.953394889832
60341,0.935562968254
60342,0.998606979847
60343,0.986643314362
60344,0.993050813675
60345,0.997988402843
60346,0.998606979847
60347,0.991959631443
60348,0.996698200703
60349,0.994143724442
60350,0.997481524944
60351,0.992389976978
60352,0.998606979847
60353,0.998113453388
60354,0.998606979847
60355,0.99359691143
60356,0.997783958912
60357,0.998406648636
60358,0.998127579689
60359,0.994832515717
60360,0.998606979847
60361,0.996842384338
60362,0.997828781605
60363,0.995937466621
60364,0.998606979847
60365,0.984782993793
60366,0.998606979847
60367,0.998606979847
60368,0.99210113287
60369,0.998276054859
60370,0.998407959938
60371,0.998483419418
60372,0.997850000858
60373,0.998153328896
60374,0.998061478138
60375,0.997728407383
60376,0.962869107723
60377,0.99302303791
60378,0.99848139286
60379,0.908578157425
60380,0.99793946743
60381,0.998606979847
60382,0.998031020164
60383,0.99848139286
60384,0.979060292244
60385,0.99359691143
60386,0.997858762741
60387,0.99848139286
60388,0.993779540062
60389,0.972295165062
60390,0.998606979847
60391,0.997537434101
60392,0.995933830738
60393,0.997900903225
60394,0.998216986656
60395,0.992230951786
60396,0.997967541218
60397,0.998606979847
60398,0.99848139286
60399,0.992400109768
60400,0.998005568981
60401,0.975122988224
60402,0.997961580753
60403,0.961003959179
60404,0.997913062572
60405,0.99838078022
60406,0.998606979847
60407,0.99848139286
60408,0.992829561234
60409,0.998606979847
60410,0.983400166035
60411,0.995382726192
60412,0.998407959938
60413,0.990745544434
60414,0.984638988972
60415,0.998606979847
60416,0.984800338745
60417,0.996586322784
60418,0.998606979847
60419,0.99838078022
60420,0.997818350792
60421,0.994186758995
60422,0.99323707819
60423,0.996033132076
60424,0.998407959938
60425,0.998013615608
60426,0.998606979847
60427,0.99793946743
60428,0.992947757244
60429,0.998606979847
60430,0.994015753269
60431,0.978885531425
60432,0.997679948807
60433,0.989721357822
60434,0.993915557861
60435,0.998606979847
60436,0.998606979847
60437,0.993722617626
60438,0.995189249516
60439,0.989864826202
60440,0.988411426544
60441,0.998606979847
60442,0.99848139286
60443,0.982533216476
60444,0.998606979847
60445,0.998153328896
60446,0.996603786945
60447,0.980265140533
60448,0.997783958912
60449,0.981811285019
60450,0.998606979847
60451,0.992485404015
60452,0.997685015202
60453,0.964456439018
60454,0.987457513809
60455,0.992829561234
60456,0.991879403591
60457,0.998606979847
60458,0.966231703758
60459,0.989480495453
60460,0.99793946743
60461,0.994409918785
60462,0.992795109749
60463,0.996936738491
60464,0.99820047617
60465,0.996975183487
60466,0.99085265398
60467,0.998606979847
60468,0.998606979847
60469,0.998606979847
60470,0.998606979847
60471,0.972085475922
60472,0.998483419418
60473,0.917827367783
60474,0.992657363415
60475,0.995186090469
60476,0.998606979847
60477,0.996373713017
60478,0.998155415058
60479,0.998483419418
60480,0.998483419418
60481,0.998276054859
60482,0.99079144001
60483,0.992829561234
60484,0.998606979847
60485,0.996669888496
60486,0.998606979847
60487,0.984959661961
60488,0.998606979847
60489,0.992829561234
60490,0.993551790714
60491,0.953548967838
60492,0.984140753746
60493,0.998406648636
60494,0.998606979847
60495,0.993826210499
60496,0.996603786945
60497,0.99594938755
60498,0.984147489071
60499,0.997896194458
60500,0.993826210499
60501,0.990877568722
60502,0.986814260483
60503,0.998606979847
60504,0.998606979847
60505,0.996842384338
60506,0.998606979847
60507,0.997783958912
60508,0.99793946743
60509,0.998606979847
60510,0.998483419418
60511,0.99848139286
60512,0.968536376953
60513,0.998606979847
60514,0.998606979847
60515,0.997783958912
60516,0.998606979847
60517,0.995658397675
60518,0.997636258602
60519,0.99848139286
60520,0.996989548206
60521,0.990058302879
60522,0.998260438442
60523,0.97151529789
60524,0.991301476955
60525,0.963712573051
60526,0.994966566563
60527,0.998352825642
60528,0.998112678528
60529,0.995223939419
60530,0.998606979847
60531,0.99079144001
60532,0.997679948807
60533,0.993722617626
60534,0.923895478249
60535,0.90642619133
60536,0.998606979847
60537,0.991143465042
60538,0.995351314545
60539,0.99820047617
60540,0.918796777725
60541,0.99848139286
60542,0.991762518883
60543,0.998606979847
60544,0.998200654984
60545,0.997525453568
60546,0.890176475048
60547,0.998606979847
60548,0.989592850208
60549,0.998606979847
60550,0.99848139286
60551,0.969573557377
60552,0.996353328228
60553,0.990788698196
60554,0.986952781677
60555,0.991467416286
60556,0.998260438442
60557,0.995221018791
60558,0.96424382925
60559,0.995311737061
60560,0.997144877911
60561,0.99848139286
60562,0.998606979847
60563,0.996842384338
60564,0.997592926025
60565,0.997926533222
60566,0.993178665638
60567,0.996957659721
60568,0.954522371292
60569,0.998260438442
60570,0.994723320007
60571,0.990034103394
60572,0.99820047617
60573,0.998406648636
60574,0.998260438442
60575,0.998606979847
60576,0.995765805244
60577,0.996241211891
60578,0.98475086689
60579,0.989670753479
60580,0.998606979847
60581,0.992614209652
60582,0.998155415058
60583,0.9899533391
60584,0.995446383953
60585,0.998606979847
60586,0.997446119785
60587,0.996411442757
60588,0.993611514568
60589,0.997475743294
60590,0.997092247009
60591,0.962733328342
60592,0.997685015202
60593,0.918668448925
60594,0.998153328896
60595,0.978944480419
60596,0.992657363415
60597,0.980745792389
60598,0.998406648636
60599,0.998606979847
60600,0.998606979847
60601,0.998406648636
60602,0.958531677723
60603,0.998606979847
60604,0.994974136353
60605,0.99848139286
60606,0.987729728222
60607,0.99359691143
60608,0.982373297215
60609,0.998606979847
60610,0.995329856873
60611,0.995010972023
60612,0.99813079834
60613,0.996411442757
60614,0.997778236866
60615,0.996617734432
60616,0.993518650532
60617,0.996062338352
60618,0.956390380859
60619,0.993064284325
60620,0.998302519321
60621,0.996977567673
60622,0.987038254738
60623,0.993430197239
60624,0.997866868973
60625,0.994087517262
60626,0.998013615608
60627,0.997988402843
60628,0.953829407692
60629,0.993441998959
60630,0.99375975132
60631,0.99313634634
60632,0.994475126266
60633,0.99228066206
60634,0.998606979847
60635,0.988179206848
60636,0.993125021458
60637,0.998406648636
60638,0.99848139286
60639,0.948210716248
60640,0.996034264565
60641,0.998406648636
60642,0.998606979847
60643,0.99838078022
60644,0.998606979847
60645,0.998606979847
60646,0.997900903225
60647,0.992244899273
60648,0.998606979847
60649,0.958482205868
60650,0.998102426529
60651,0.998190522194
60652,0.970671534538
60653,0.969047546387
60654,0.977291941643
60655,0.987389147282
60656,0.993722617626
60657,0.998276054859
60658,0.987066149712
60659,0.99271351099
60660,0.99848139286
60661,0.991800963879
60662,0.998200654984
60663,0.99838078022
60664,0.998606979847
60665,0.980157971382
60666,0.99848139286
60667,0.997900903225
60668,0.998324692249
60669,0.997988402843
60670,0.996586322784
60671,0.998220264912
60672,0.996076047421
60673,0.99838078022
60674,0.998606979847
60675,0.996309936047
60676,0.99848139286
60677,0.998606979847
60678,0.991540431976
60679,0.995050549507
60680,0.992829561234
60681,0.99848139286
60682,0.991959631443
60683,0.99793946743
60684,0.995189845562
60685,0.992288827896
60686,0.991143465042
60687,0.998260438442
60688,0.987651348114
60689,0.975462555885
60690,0.998145222664
60691,0.998606979847
60692,0.997571706772
60693,0.998145222664
60694,0.997694373131
60695,0.997900903225
60696,0.998368620872
60697,0.99375975132
60698,0.99848139286
60699,0.998606979847
60700,0.998094499111
60701,0.997988402843
60702,0.995117902756
60703,0.908906340599
60704,0.998606979847
60705,0.997114419937
60706,0.998081982136
60707,0.998276054859
60708,0.963935613632
60709,0.996027112007
60710,0.993352353573
60711,0.996842384338
60712,0.994694232941
60713,0.998606979847
60714,0.998606979847
60715,0.980772972107
60716,0.998260438442
60717,0.937912642956
60718,0.998606979847
60719,0.993688821793
60720,0.996603786945
60721,0.99848139286
60722,0.99793946743
60723,0.998064756393
60724,0.99848139286
60725,0.99693018198
60726,0.989973843098
60727,0.990172147751
60728,0.994135975838
60729,0.998606979847
60730,0.996411442757
60731,0.997418701649
60732,0.994518756866
60733,0.998054504395
60734,0.993826210499
60735,0.991924643517
60736,0.998606979847
60737,0.998276054859
60738,0.9951415658
60739,0.998483419418
60740,0.998606979847
60741,0.998153328896
60742,0.998606979847
60743,0.998364388943
60744,0.99848139286
60745,0.987457513809
60746,0.974813401699
60747,0.990172147751
60748,0.992829561234
60749,0.99079144001
60750,0.998606979847
60751,0.998606979847
60752,0.989578545094
60753,0.985221862793
60754,0.994135975838
60755,0.991435945034
60756,0.994841814041
60757,0.998606979847
60758,0.998606979847
60759,0.961357235909
60760,0.997457504272
60761,0.871699154377
60762,0.997745871544
60763,0.982880353928
60764,0.99793946743
60765,0.99848139286
60766,0.98736935854
60767,0.998606979847
60768,0.998606979847
60769,0.998606979847
60770,0.99323707819
60771,0.996353328228
60772,0.997967541218
60773,0.996842384338
60774,0.995043575764
60775,0.99838078022
60776,0.99613493681
60777,0.99313634634
60778,0.99848139286
60779,0.994463682175
60780,0.994143724442
60781,0.99848139286
60782,0.998260438442
60783,0.99848139286
60784,0.998606979847
60785,0.993489563465
60786,0.997311890125
60787,0.998606979847
60788,0.994317531586
60789,0.998606979847
60790,0.99848139286
60791,0.98604208231
60792,0.993271529675
60793,0.998200654984
60794,0.99838078022
60795,0.998606979847
60796,0.998102426529
60797,0.998081326485
60798,0.99848139286
60799,0.993686556816
60800,0.990740776062
60801,0.997592926025
60802,0.994099259377
60803,0.997783958912
60804,0.996842384338
60805,0.998483419418
60806,0.98995167017
60807,0.99848139286
60808,0.998606979847
60809,0.99848139286
60810,0.996390998363
60811,0.993271529675
60812,0.992103219032
60813,0.994099259377
60814,0.992716789246
60815,0.995439469814
60816,0.998606979847
60817,0.992086648941
60818,0.99848139286
60819,0.99848139286
60820,0.99062204361
60821,0.970615744591
60822,0.993178665638
60823,0.998606979847
60824,0.99848139286
60825,0.994032859802
60826,0.998606979847
60827,0.998260438442
60828,0.985615670681
60829,0.993686556816
60830,0.998606979847
60831,0.995825171471
60832,0.97076010704
60833,0.997788965702
60834,0.998606979847
60835,0.993914842606
60836,0.998606979847
60837,0.961243093014
60838,0.998606979847
60839,0.995858848095
60840,0.998606979847
60841,0.99273699522
60842,0.998606979847
60843,0.998606979847
60844,0.998606979847
60845,0.998606979847
60846,0.991002976894
60847,0.994016587734
60848,0.968818306923
60849,0.998406648636
60850,0.998276054859
60851,0.998606979847
60852,0.99793946743
60853,0.99838078022
60854,0.998606979847
60855,0.991540431976
60856,0.993496954441
60857,0.990561902523
60858,0.995141208172
60859,0.99848139286
60860,0.992883503437
60861,0.998368620872
60862,0.992400109768
60863,0.997903585434
60864,0.992016136646
60865,0.997464060783
60866,0.998200654984
60867,0.998606979847
60868,0.99263459444
60869,0.997900903225
60870,0.998368620872
60871,0.998606979847
60872,0.991579294205
60873,0.994436562061
60874,0.998606979847
60875,0.996027112007
60876,0.998606979847
60877,0.835861563683
60878,0.998606979847
60879,0.998606979847
60880,0.997783958912
60881,0.998324692249
60882,0.996842384338
60883,0.998483419418
60884,0.985911011696
60885,0.99313634634
60886,0.903058707714
60887,0.990669906139
60888,0.998606979847
60889,0.99759221077
60890,0.994143724442
60891,0.967272818089
60892,0.997679948807
60893,0.994841814041
60894,0.991210520267
60895,0.990819871426
60896,0.993722617626
60897,0.99848139286
60898,0.998406648636
60899,0.901281356812
60900,0.998407959938
60901,0.998606979847
60902,0.996603786945
60903,0.994300663471
60904,0.958665251732
60905,0.998606979847
60906,0.993533909321
60907,0.993914842606
60908,0.967289149761
60909,0.987317323685
60910,0.993722617626
60911,0.99394762516
60912,0.998606979847
60913,0.998368620872
60914,0.998606979847
60915,0.881147623062
60916,0.992400109768
60917,0.996842384338
60918,0.998606979847
60919,0.994498968124
60920,0.866602957249
60921,0.991799712181
60922,0.832901299
60923,0.997713565826
60924,0.933255732059
60925,0.998013615608
60926,0.998145222664
60927,0.998079001904
60928,0.998606979847
60929,0.998606979847
60930,0.99554425478
60931,0.938755512238
60932,0.998428761959
60933,0.997900903225
60934,0.97408926487
60935,0.99848139286
60936,0.998606979847
60937,0.997745871544
60938,0.995743513107
60939,0.898776710033
60940,0.998022854328
60941,0.99848139286
60942,0.99848139286
60943,0.996353328228
60944,0.996904432774
60945,0.99848139286
60946,0.912102341652
60947,0.997783958912
60948,0.994467556477
60949,0.998145222664
60950,0.992875635624
60951,0.998028457165
60952,0.985629796982
60953,0.99848139286
60954,0.988235294819
60955,0.998606979847
60956,0.992657363415
60957,0.949533522129
60958,0.998606979847
60959,0.943054378033
60960,0.988388180733
60961,0.99838078022
60962,0.983280956745
60963,0.961031496525
60964,0.995143890381
60965,0.997636258602
60966,0.998606979847
60967,0.998606979847
60968,0.998276054859
60969,0.992829561234
60970,0.998293995857
60971,0.99263459444
60972,0.998606979847
60973,0.998606979847
60974,0.994262695312
60975,0.998606979847
60976,0.998216986656
60977,0.990042090416
60978,0.991143465042
60979,0.99554425478
60980,0.998406648636
60981,0.998606979847
60982,0.994300961494
60983,0.99829441309
60984,0.98925447464
60985,0.997788965702
60986,0.99263459444
60987,0.998273909092
60988,0.98142439127
60989,0.998094499111
60990,0.996027112007
60991,0.998606979847
60992,0.998406648636
60993,0.99644446373
60994,0.998606979847
60995,0.998606979847
60996,0.998241424561
60997,0.981191813946
60998,0.997788965702
60999,0.994841814041
61000,0.993914842606
61001,0.99829441309
61002,0.972486674786
61003,0.998606979847
61004,0.998606979847
61005,0.997533380985
61006,0.994712889194
61007,0.991842567921
61008,0.992657363415
61009,0.993826210499
61010,0.922692000866
61011,0.995594859123
61012,0.992778658867
61013,0.991230905056
61014,0.997783958912
61015,0.998407959938
61016,0.997272670269
61017,0.991144180298
61018,0.99848139286
61019,0.994836211205
61020,0.986637234688
61021,0.99801248312
61022,0.996917426586
61023,0.994758427143
61024,0.997828781605
61025,0.993338823318
61026,0.994572103024
61027,0.987535119057
61028,0.994574666023
61029,0.998606979847
61030,0.99793946743
61031,0.99848139286
61032,0.991934776306
61033,0.992244899273
61034,0.993271529675
61035,0.908019959927
61036,0.987180709839
61037,0.99848139286
61038,0.997960448265
61039,0.990854620934
61040,0.99848139286
61041,0.89220893383
61042,0.990100085735
61043,0.995570838451
61044,0.997788965702
61045,0.998213946819
61046,0.998302519321
61047,0.994432091713
61048,0.998606979847
61049,0.991787135601
61050,0.998483419418
61051,0.998606979847
61052,0.998407959938
61053,0.998276054859
61054,0.964636921883
61055,0.996353328228
61056,0.99848139286
61057,0.994536519051
61058,0.973469555378
61059,0.99848139286
61060,0.946272373199
61061,0.998606979847
61062,0.995760500431
61063,0.994135975838
61064,0.998606979847
61065,0.968310892582
61066,0.99838078022
61067,0.996390998363
61068,0.998606979847
61069,0.989558577538
61070,0.997763693333
61071,0.995226442814
61072,0.949970841408
61073,0.98383128643
61074,0.992778658867
61075,0.995886027813
61076,0.947473227978
61077,0.987287223339
61078,0.998606979847
61079,0.998302519321
61080,0.998200654984
61081,0.99829441309
61082,0.990947902203
61083,0.998483419418
61084,0.993945300579
61085,0.97700458765
61086,0.990613996983
61087,0.99838078022
61088,0.854147553444
61089,0.998606979847
61090,0.975349962711
61091,0.998276054859
61092,0.998406648636
61093,0.991710305214
61094,0.998406648636
61095,0.997866868973
61096,0.99838078022
61097,0.998606979847
61098,0.996849656105
61099,0.977285027504
61100,0.998606979847
61101,0.986643314362
61102,0.996842384338
61103,0.992151200771
61104,0.996603786945
61105,0.997118115425
61106,0.990176558495
61107,0.998606979847
61108,0.998153328896
61109,0.99580514431
61110,0.998606979847
61111,0.99848139286
61112,0.998606979847
61113,0.998606979847
61114,0.99848139286
61115,0.998406648636
61116,0.998181462288
61117,0.997866868973
61118,0.986119449139
61119,0.998407959938
61120,0.994172096252
61121,0.996138811111
61122,0.986487209797
61123,0.99848139286
61124,0.997866868973
61125,0.998606979847
61126,0.996984064579
61127,0.995518863201
61128,0.998220264912
61129,0.998406648636
61130,0.99848139286
61131,0.998153328896
61132,0.991849601269
61133,0.995437681675
61134,0.992829561234
61135,0.998606979847
61136,0.998406648636
61137,0.997464060783
61138,0.998606979847
61139,0.96781539917
61140,0.944685697556
61141,0.99848139286
61142,0.969191491604
61143,0.998063981533
61144,0.99848139286
61145,0.978791892529
61146,0.998606979847
61147,0.993212997913
61148,0.998606979847
61149,0.998606979847
61150,0.988490998745
61151,0.992740154266
61152,0.997841417789
61153,0.997251152992
61154,0.998606979847
61155,0.992947757244
61156,0.98666882515
61157,0.996842384338
61158,0.985855519772
61159,0.993989229202
61160,0.972109556198
61161,0.998406648636
61162,0.993110239506
61163,0.99838078022
61164,0.991500258446
61165,0.996353328228
61166,0.99760556221
61167,0.993826210499
61168,0.998606979847
61169,0.996027112007
61170,0.998606979847
61171,0.991871297359
61172,0.998134315014
61173,0.993236601353
61174,0.989676952362
61175,0.998606979847
61176,0.989076435566
61177,0.99793946743
61178,0.998606979847
61179,0.98963278532
61180,0.998606979847
61181,0.998406648636
61182,0.998276054859
61183,0.991799712181
61184,0.998352825642
61185,0.998606979847
61186,0.9909953475
61187,0.992716789246
61188,0.990791141987
61189,0.972201406956
61190,0.99838078022
61191,0.998606979847
61192,0.995997309685
61193,0.923643112183
61194,0.997858762741
61195,0.99848139286
61196,0.993301331997
61197,0.99848139286
61198,0.998276054859
61199,0.998606979847
61200,0.998406648636
61201,0.994541347027
61202,0.998606979847
61203,0.995081305504
61204,0.99820047617
61205,0.998606979847
61206,0.993545532227
61207,0.99848139286
61208,0.985569596291
61209,0.994509637356
61210,0.997508645058
61211,0.915791273117
61212,0.998606979847
61213,0.997901082039
61214,0.992829561234
61215,0.997473359108
61216,0.961522340775
61217,0.998606979847
61218,0.990176737309
61219,0.998153328896
61220,0.99848139286
61221,0.998200654984
61222,0.998407959938
61223,0.998606979847
61224,0.994836211205
61225,0.99838078022
61226,0.998406648636
61227,0.977956175804
61228,0.998276054859
61229,0.998181462288
61230,0.90001219511
61231,0.998606979847
61232,0.998111128807
61233,0.998606979847
61234,0.99679017067
61235,0.997457504272
61236,0.998606979847
61237,0.995678424835
61238,0.990490376949
61239,0.998054504395
61240,0.997464060783
61241,0.998606979847
61242,0.99607437849
61243,0.996573746204
61244,0.959544181824
61245,0.998153328896
61246,0.998483419418
61247,0.996842384338
61248,0.998483419418
61249,0.9974411726
61250,0.995874881744
61251,0.996315896511
61252,0.998181462288
61253,0.994155466557
61254,0.998406648636
61255,0.998606979847
61256,0.998368620872
61257,0.979806661606
61258,0.993048906326
61259,0.997485339642
61260,0.99633949995
61261,0.998022079468
61262,0.998606979847
61263,0.993287026882
61264,0.996954917908
61265,0.99793946743
61266,0.97448605299
61267,0.998013615608
61268,0.991033136845
61269,0.99848139286
61270,0.998606979847
61271,0.998606979847
61272,0.998606979847
61273,0.993991434574
61274,0.998606979847
61275,0.998155415058
61276,0.997685015202
61277,0.965347766876
61278,0.998606979847
61279,0.991934776306
61280,0.996603786945
61281,0.988758802414
61282,0.998483419418
61283,0.99506509304
61284,0.961784482002
61285,0.995348930359
61286,0.998031020164
61287,0.998118519783
61288,0.998211562634
61289,0.998606979847
61290,0.998606979847
61291,0.998606979847
61292,0.989578545094
61293,0.998200654984
61294,0.998368620872
61295,0.99848139286
61296,0.998606979847
61297,0.998606979847
61298,0.995526850224
61299,0.99554425478
61300,0.998606979847
61301,0.997708141804
61302,0.997900903225
61303,0.997900903225
61304,0.995782911777
61305,0.998352825642
61306,0.993156135082
61307,0.998606979847
61308,0.99838078022
61309,0.992702722549
61310,0.996586322784
61311,0.998047590256
61312,0.997937142849
61313,0.99848139286
61314,0.991777837276
61315,0.998606979847
61316,0.998606979847
61317,0.991347789764
61318,0.998606979847
61319,0.991972327232
61320,0.998324692249
61321,0.998606979847
61322,0.998094499111
61323,0.985201776028
61324,0.998606979847
61325,0.998260438442
61326,0.987503707409
61327,0.995844423771
61328,0.998606979847
61329,0.996146798134
61330,0.998606979847
61331,0.985407412052
61332,0.998200654984
61333,0.998606979847
61334,0.950639128685
61335,0.994481861591
61336,0.992257833481
61337,0.99848139286
61338,0.995472192764
61339,0.998213946819
61340,0.998364388943
61341,0.995240449905
61342,0.997703015804
61343,0.998606979847
61344,0.995459735394
61345,0.967880368233
61346,0.995853245258
61347,0.994436562061
61348,0.998606979847
61349,0.985262095928
61350,0.998606979847
61351,0.982120096684
61352,0.996586322784
61353,0.994885921478
61354,0.998606979847
61355,0.985923647881
61356,0.98748087883
61357,0.961572885513
61358,0.993784725666
61359,0.997828781605
61360,0.990350246429
61361,0.997532427311
61362,0.998293995857
61363,0.990653336048
61364,0.998606979847
61365,0.990880727768
61366,0.998606979847
61367,0.998606979847
61368,0.998606979847
61369,0.99793946743
61370,0.889249920845
61371,0.996586322784
61372,0.995439469814
61373,0.998200654984
61374,0.996607661247
61375,0.991903722286
61376,0.99788749218
61377,0.995874881744
61378,0.998606979847
61379,0.996073663235
61380,0.998407959938
61381,0.998102426529
61382,0.996411442757
61383,0.994187355042
61384,0.957528054714
61385,0.998606979847
61386,0.970203280449
61387,0.998606979847
61388,0.998606979847
61389,0.993130087852
61390,0.99271351099
61391,0.997889041901
61392,0.982147395611
61393,0.974973738194
61394,0.99793946743
61395,0.99848139286
61396,0.998606979847
61397,0.998407959938
61398,0.998606979847
61399,0.998606979847
61400,0.995216012001
61401,0.992597520351
61402,0.993414878845
61403,0.998260438442
61404,0.99848139286
61405,0.99633949995
61406,0.966902732849
61407,0.99838078022
61408,0.996586322784
61409,0.99359691143
61410,0.998606979847
61411,0.995464742184
61412,0.996586322784
61413,0.998606979847
61414,0.992379903793
61415,0.998606979847
61416,0.998220264912
61417,0.996027112007
61418,0.995496213436
61419,0.998406648636
61420,0.998483419418
61421,0.997788965702
61422,0.928899288177
61423,0.998368620872
61424,0.998606979847
61425,0.995782911777
61426,0.998102426529
61427,0.993496000767
61428,0.995595633984
61429,0.945443749428
61430,0.995782911777
61431,0.998606979847
61432,0.998260438442
61433,0.99644446373
61434,0.998483419418
61435,0.997988402843
61436,0.99255746603
61437,0.998606979847
61438,0.992038905621
61439,0.991401731968
61440,0.998155415058
61441,0.99232250452
61442,0.997317194939
61443,0.998368620872
61444,0.993760168552
61445,0.998220264912
61446,0.99848139286
61447,0.983169734478
61448,0.998606979847
61449,0.997685015202
61450,0.998153328896
61451,0.924778342247
61452,0.99838078022
61453,0.993826210499
61454,0.997888922691
61455,0.981010913849
61456,0.991740107536
61457,0.993945300579
61458,0.998606979847
61459,0.991807222366
61460,0.997023105621
61461,0.937081575394
61462,0.99263459444
61463,0.998606979847
61464,0.997900903225
61465,0.998428761959
61466,0.995104491711
61467,0.997783958912
61468,0.994143724442
61469,0.997866868973
61470,0.989057958126
61471,0.998606979847
61472,0.998606979847
61473,0.979177296162
61474,0.99793946743
61475,0.996842384338
61476,0.975572049618
61477,0.998606979847
61478,0.993169188499
61479,0.998606979847
61480,0.887758553028
61481,0.979659020901
61482,0.99793946743
61483,0.99271351099
61484,0.997734487057
61485,0.99820047617
61486,0.995117902756
61487,0.998606979847
61488,0.998606979847
61489,0.998606979847
61490,0.998406648636
61491,0.992933571339
61492,0.998606979847
61493,0.998483419418
61494,0.998606979847
61495,0.995243728161
61496,0.998606979847
61497,0.998606979847
61498,0.998606979847
61499,0.998483419418
61500,0.997558534145
61501,0.98164087534
61502,0.998243689537
61503,0.997926175594
61504,0.991439640522
61505,0.99848139286
61506,0.998406648636
61507,0.997020184994
61508,0.99838078022
61509,0.991605639458
61510,0.996339023113
61511,0.998235344887
61512,0.989503204823
61513,0.998606979847
61514,0.998606979847
61515,0.998276054859
61516,0.989010691643
61517,0.998364388943
61518,0.99829441309
61519,0.998606979847
61520,0.998406648636
61521,0.988054394722
61522,0.998483419418
61523,0.99793946743
61524,0.997783362865
61525,0.996551156044
61526,0.990474700928
61527,0.998260438442
61528,0.995751619339
61529,0.998606979847
61530,0.99848139286
61531,0.997464060783
61532,0.998606979847
61533,0.938745260239
61534,0.993256747723
61535,0.99848139286
61536,0.998606979847
61537,0.990806818008
61538,0.979595422745
61539,0.998181462288
61540,0.970233976841
61541,0.998606979847
61542,0.995595633984
61543,0.99838078022
61544,0.991143465042
61545,0.998606979847
61546,0.997713565826
61547,0.987764835358
61548,0.99848139286
61549,0.998606979847
61550,0.998606979847
61551,0.910047233105
61552,0.998406648636
61553,0.993722617626
61554,0.998606979847
61555,0.96183526516
61556,0.99838078022
61557,0.998483419418
61558,0.998606979847
61559,0.869953989983
61560,0.998022079468
61561,0.992939531803
61562,0.998407959938
61563,0.998606979847
61564,0.99838078022
61565,0.993722617626
61566,0.998368620872
61567,0.998276054859
61568,0.99165982008
61569,0.99793946743
61570,0.998028457165
61571,0.982157886028
61572,0.998483419418
61573,0.995456814766
61574,0.99793946743
61575,0.998606979847
61576,0.998406648636
61577,0.997486829758
61578,0.99113380909
61579,0.99848139286
61580,0.995141208172
61581,0.928334951401
61582,0.994503319263
61583,0.988448917866
61584,0.996146798134
61585,0.998158633709
61586,0.974442243576
61587,0.998606979847
61588,0.993826210499
61589,0.998606979847
61590,0.990060389042
61591,0.99848139286
61592,0.995467782021
61593,0.965579748154
61594,0.992947757244
61595,0.99793946743
61596,0.998483419418
61597,0.998606979847
61598,0.99829441309
61599,0.991488039494
61600,0.998406648636
61601,0.998606979847
61602,0.990940213203
61603,0.994371831417
61604,0.978311419487
61605,0.990088284016
61606,0.926855623722
61607,0.99838078022
61608,0.994187355042
61609,0.998081982136
61610,0.996146798134
61611,0.995496869087
61612,0.997533380985
61613,0.998200654984
61614,0.998483419418
61615,0.994262695312
61616,0.993826210499
61617,0.998606979847
61618,0.998260438442
61619,0.99848139286
61620,0.998606979847
61621,0.992109954357
61622,0.998220264912
61623,0.997642576694
61624,0.992489814758
61625,0.998606979847
61626,0.997745871544
61627,0.991487383842
61628,0.99263459444
61629,0.997430801392
61630,0.998220264912
61631,0.998428761959
61632,0.993826210499
61633,0.998352825642
61634,0.998428761959
61635,0.99100959301
61636,0.986893355846
61637,0.998606979847
61638,0.997988402843
61639,0.993826210499
61640,0.998606979847
61641,0.998407959938
61642,0.998606979847
61643,0.998606979847
61644,0.99263459444
61645,0.998606979847
61646,0.945831298828
61647,0.998483419418
61648,0.998606979847
61649,0.988592088223
61650,0.997954785824
61651,0.992785990238
61652,0.996312081814
61653,0.99848139286
61654,0.998606979847
61655,0.998606979847
61656,0.997826635838
61657,0.992614209652
61658,0.998220264912
61659,0.99477314949
61660,0.986288368702
61661,0.998235344887
61662,0.998112678528
61663,0.99829441309
61664,0.99838078022
61665,0.985467076302
61666,0.992657363415
61667,0.998406648636
61668,0.99838078022
61669,0.993128478527
61670,0.986288368702
61671,0.99014800787
61672,0.992193579674
61673,0.998606979847
61674,0.995117902756
61675,0.997901082039
61676,0.989712178707
61677,0.98081612587
61678,0.993985831738
61679,0.998606979847
61680,0.99804186821
61681,0.998190522194
61682,0.991519153118
61683,0.99838078022
61684,0.985761225224
61685,0.996116995811
61686,0.993014156818
61687,0.993836045265
61688,0.99848139286
61689,0.998606979847
61690,0.998483419418
61691,0.993533909321
61692,0.997642576694
61693,0.998153328896
61694,0.998606979847
61695,0.98142439127
61696,0.998483419418
61697,0.996586322784
61698,0.998606979847
61699,0.998028457165
61700,0.997783958912
61701,0.993516802788
61702,0.99120259285
61703,0.998606979847
61704,0.998606979847
61705,0.994145750999
61706,0.949075639248
61707,0.993285596371
61708,0.998606979847
61709,0.998606979847
61710,0.99829441309
61711,0.998606979847
61712,0.993826210499
61713,0.998606979847
61714,0.998606979847
61715,0.996262788773
61716,0.970362901688
61717,0.998606979847
61718,0.998368620872
61719,0.99263459444
61720,0.99848139286
61721,0.998606979847
61722,0.996842384338
61723,0.99793946743
61724,0.981542825699
61725,0.998293995857
61726,0.99793946743
61727,0.996586322784
61728,0.998606979847
61729,0.99848139286
61730,0.990599751472
61731,0.995490729809
61732,0.998260438442
61733,0.998081326485
61734,0.998606979847
61735,0.998172521591
61736,0.993826210499
61737,0.963637053967
61738,0.995117902756
61739,0.99848139286
61740,0.996842384338
61741,0.991347789764
61742,0.986509144306
61743,0.993048906326
61744,0.994266033173
61745,0.998606979847
61746,0.989848852158
61747,0.998276054859
61748,0.99848139286
61749,0.994877338409
61750,0.998266220093
61751,0.968082308769
61752,0.994206309319
61753,0.99820369482
61754,0.992389976978
61755,0.992912769318
61756,0.998028457165
61757,0.997783958912
61758,0.993483781815
61759,0.965766310692
61760,0.997778236866
61761,0.997342884541
61762,0.992829561234
61763,0.998102426529
61764,0.997852921486
61765,0.998406648636
61766,0.986877501011
61767,0.998606979847
61768,0.99829441309
61769,0.99838078022
61770,0.96591591835
61771,0.998606979847
61772,0.99644446373
61773,0.991255879402
61774,0.995924890041
61775,0.940550208092
61776,0.997888922691
61777,0.997126221657
61778,0.971911430359
61779,0.998407959938
61780,0.973120450974
61781,0.99793946743
61782,0.998406648636
61783,0.99848139286
61784,0.998606979847
61785,0.998606979847
61786,0.973588883877
61787,0.997988402843
61788,0.997889041901
61789,0.954037666321
61790,0.990958929062
61791,0.983512103558
61792,0.981627583504
61793,0.998606979847
61794,0.998094499111
61795,0.98644554615
61796,0.987353026867
61797,0.995985627174
61798,0.998606979847
61799,0.998483419418
61800,0.998606979847
61801,0.988971889019
61802,0.997464060783
61803,0.99848139286
61804,0.975160956383
61805,0.998368620872
61806,0.991946041584
61807,0.97728908062
61808,0.998606979847
61809,0.989661455154
61810,0.990778207779
61811,0.996007800102
61812,0.993174910545
61813,0.998606979847
61814,0.862395048141
61815,0.989113092422
61816,0.998606979847
61817,0.998606979847
61818,0.992076456547
61819,0.998063981533
61820,0.998184978962
61821,0.998606979847
61822,0.998153328896
61823,0.99829441309
61824,0.998606979847
61825,0.998406648636
61826,0.998606979847
61827,0.998013615608
61828,0.998606979847
61829,0.998153328896
61830,0.998606979847
61831,0.998606979847
61832,0.997637212276
61833,0.998155415058
61834,0.998200654984
61835,0.940987944603
61836,0.970982432365
61837,0.99848139286
61838,0.990172147751
61839,0.988022327423
61840,0.997685015202
61841,0.994758427143
61842,0.992829561234
61843,0.998606979847
61844,0.991799712181
61845,0.99263459444
61846,0.990172147751
61847,0.995730161667
61848,0.993266820908
61849,0.965669870377
61850,0.996842384338
61851,0.998302519321
61852,0.993880689144
61853,0.998606979847
61854,0.992716789246
61855,0.998181462288
61856,0.998606979847
61857,0.954628109932
61858,0.993876159191
61859,0.945335745811
61860,0.892957925797
61861,0.995125234127
61862,0.998094499111
61863,0.99848139286
61864,0.998102426529
61865,0.997473359108
61866,0.998606979847
61867,0.998606979847
61868,0.998606979847
61869,0.99478751421
61870,0.990350246429
61871,0.993463277817
61872,0.998153328896
61873,0.99079144001
61874,0.996847510338
61875,0.993603289127
61876,0.998200654984
61877,0.998606979847
61878,0.997725665569
61879,0.998013615608
61880,0.992389976978
61881,0.998606979847
61882,0.991142272949
61883,0.985243439674
61884,0.996143162251
61885,0.998606979847
61886,0.98627692461
61887,0.996027112007
61888,0.993285596371
61889,0.965777039528
61890,0.998273909092
61891,0.997967541218
61892,0.996586322784
61893,0.99829441309
61894,0.992023169994
61895,0.998153328896
61896,0.998606979847
61897,0.99838078022
61898,0.992657363415
61899,0.993960618973
61900,0.995402812958
61901,0.998606979847
61902,0.984675645828
61903,0.998606979847
61904,0.998606979847
61905,0.998606979847
61906,0.996390998363
61907,0.995725095272
61908,0.99838078022
61909,0.996663451195
61910,0.99633949995
61911,0.998606979847
61912,0.990042924881
61913,0.963213503361
61914,0.998606979847
61915,0.978096187115
61916,0.997393488884
61917,0.997464060783
61918,0.997172415257
61919,0.998407959938
61920,0.99838078022
61921,0.997986018658
61922,0.9809705019
61923,0.990906238556
61924,0.996842384338
61925,0.998606979847
61926,0.998606979847
61927,0.992266714573
61928,0.99073857069
61929,0.986577153206
61930,0.993914842606
61931,0.944244146347
61932,0.998260438442
61933,0.997685015202
61934,0.998606979847
61935,0.995671868324
61936,0.998406648636
61937,0.998302519321
61938,0.998606979847
61939,0.990490376949
61940,0.997679948807
61941,0.992614209652
61942,0.997222304344
61943,0.976172626019
61944,0.995048761368
61945,0.993952155113
61946,0.99804186821
61947,0.99848139286
61948,0.998606979847
61949,0.99820047617
61950,0.988388180733
61951,0.960686981678
61952,0.998266220093
61953,0.998606979847
61954,0.996842384338
61955,0.99848139286
61956,0.998200654984
61957,0.991182327271
61958,0.992614209652
61959,0.998406648636
61960,0.996146798134
61961,0.998606979847
61962,0.998260438442
61963,0.9974411726
61964,0.99848139286
61965,0.989117741585
61966,0.998155415058
61967,0.998606979847
61968,0.994758427143
61969,0.987060189247
61970,0.990919053555
61971,0.99848139286
61972,0.998606979847
61973,0.998606979847
61974,0.993784785271
61975,0.99793946743
61976,0.99838078022
61977,0.944540202618
61978,0.998200654984
61979,0.998606979847
61980,0.998483419418
61981,0.997203886509
61982,0.982950329781
61983,0.997730672359
61984,0.998606979847
61985,0.986074209213
61986,0.991142272949
61987,0.993770599365
61988,0.987535715103
61989,0.998407959938
61990,0.983413517475
61991,0.998606979847
61992,0.998216986656
61993,0.99838078022
61994,0.998368620872
61995,0.99848139286
61996,0.998606979847
61997,0.998606979847
61998,0.997558534145
61999,0.99820047617
62000,0.971906304359
62001,0.992392659187
62002,0.998081982136
62003,0.997778773308
62004,0.998606979847
62005,0.99848139286
62006,0.992829561234
62007,0.998606979847
62008,0.966542959213
62009,0.99848139286
62010,0.99848139286
62011,0.998606979847
62012,0.99829441309
62013,0.933074891567
62014,0.996667027473
62015,0.995922982693
62016,0.99275124073
62017,0.99256426096
62018,0.998406648636
62019,0.985750436783
62020,0.986630380154
62021,0.998324692249
62022,0.995216012001
62023,0.99848139286
62024,0.9974411726
62025,0.696837186813
62026,0.998606979847
62027,0.996842384338
62028,0.99435710907
62029,0.998483419418
62030,0.99848139286
62031,0.964998841286
62032,0.998276054859
62033,0.986513197422
62034,0.863357365131
62035,0.992871642113
62036,0.998102426529
62037,0.998606979847
62038,0.992110729218
62039,0.998606979847
62040,0.997446119785
62041,0.99793946743
62042,0.998606979847
62043,0.998606979847
62044,0.98535078764
62045,0.994472026825
62046,0.993110835552
62047,0.993826210499
62048,0.998606979847
62049,0.99793946743
62050,0.996603786945
62051,0.987147629261
62052,0.992282032967
62053,0.998483419418
62054,0.99820047617
62055,0.996014237404
62056,0.996353328228
62057,0.991972327232
62058,0.998407959938
62059,0.964899122715
62060,0.995028078556
62061,0.99644446373
62062,0.996027112007
62063,0.987535715103
62064,0.991540431976
62065,0.99644446373
62066,0.995272696018
62067,0.994410336018
62068,0.994095146656
62069,0.993489563465
62070,0.998145222664
62071,0.980979144573
62072,0.956056118011
62073,0.992947757244
62074,0.998606979847
62075,0.99838078022
62076,0.998606979847
62077,0.99829441309
62078,0.998406648636
62079,0.992897689342
62080,0.990619659424
62081,0.903473556042
62082,0.990637719631
62083,0.99848139286
62084,0.991338849068
62085,0.998606979847
62086,0.998606979847
62087,0.998155415058
62088,0.998220264912
62089,0.998606979847
62090,0.998406648636
62091,0.998606979847
62092,0.954420089722
62093,0.998606979847
62094,0.984955430031
62095,0.936236858368
62096,0.998276054859
62097,0.986394643784
62098,0.985501408577
62099,0.998153328896
62100,0.998606979847
62101,0.998079001904
62102,0.9909953475
62103,0.998606979847
62104,0.998153328896
62105,0.993918120861
62106,0.943084537983
62107,0.99313634634
62108,0.998606979847
62109,0.996045529842
62110,0.992829561234
62111,0.998606979847
62112,0.956524193287
62113,0.998406648636
62114,0.994509875774
62115,0.993826210499
62116,0.997525453568
62117,0.996842384338
62118,0.992947757244
62119,0.986831963062
62120,0.992856860161
62121,0.990806818008
62122,0.99793946743
62123,0.991246461868
62124,0.99848139286
62125,0.998276054859
62126,0.993699669838
62127,0.996390998363
62128,0.99848139286
62129,0.994818508625
62130,0.969506621361
62131,0.994886219501
62132,0.994655191898
62133,0.994375705719
62134,0.998606979847
62135,0.99263459444
62136,0.992855966091
62137,0.992716789246
62138,0.998483419418
62139,0.997783958912
62140,0.992947757244
62141,0.99848139286
62142,0.998606979847
62143,0.992941856384
62144,0.998606979847
62145,0.992740154266
62146,0.998606979847
62147,0.993826210499
62148,0.998368620872
62149,0.994612157345
62150,0.995624482632
62151,0.998606979847
62152,0.998606979847
62153,0.991144180298
62154,0.998200178146
62155,0.998606979847
62156,0.996194720268
62157,0.983156204224
62158,0.997393488884
62159,0.99644446373
62160,0.996603786945
62161,0.998155415058
62162,0.998276054859
62163,0.998606979847
62164,0.998606979847
62165,0.987389147282
62166,0.996146798134
62167,0.994906306267
62168,0.998606979847
62169,0.993959248066
62170,0.943743824959
62171,0.995388090611
62172,0.998606979847
62173,0.997903585434
62174,0.998606979847
62175,0.998184978962
62176,0.998606979847
62177,0.991439640522
62178,0.973840773106
62179,0.996027112007
62180,0.935860991478
62181,0.993817746639
62182,0.99838078022
62183,0.991946041584
62184,0.998606979847
62185,0.998606979847
62186,0.987782657146
62187,0.998606979847
62188,0.998260438442
62189,0.996533513069
62190,0.961724281311
62191,0.996583402157
62192,0.980582356453
62193,0.990871369839
62194,0.986299455166
62195,0.992947757244
62196,0.998153328896
62197,0.998483419418
62198,0.998293995857
62199,0.990806818008
62200,0.992767930031
62201,0.99820047617
62202,0.996603786945
62203,0.99848139286
62204,0.99848139286
62205,0.997900903225
62206,0.998606979847
62207,0.998606979847
62208,0.997203886509
62209,0.994344830513
62210,0.993276536465
62211,0.99848139286
62212,0.998045504093
62213,0.992159307003
62214,0.998606979847
62215,0.998220264912
62216,0.99364823103
62217,0.998606979847
62218,0.996842384338
62219,0.998172521591
62220,0.996146798134
62221,0.998606979847
62222,0.997982680798
62223,0.978306770325
62224,0.998606979847
62225,0.998606979847
62226,0.998606979847
62227,0.994099259377
62228,0.957314074039
62229,0.998606979847
62230,0.997783958912
62231,0.973376631737
62232,0.99838078022
62233,0.970663607121
62234,0.997763693333
62235,0.998273909092
62236,0.995609223843
62237,0.998606979847
62238,0.976295650005
62239,0.992448925972
62240,0.99838078022
62241,0.998200654984
62242,0.995765805244
62243,0.948758423328
62244,0.997898757458
62245,0.985737204552
62246,0.977806448936
62247,0.993353128433
62248,0.986181616783
62249,0.996136546135
62250,0.994327306747
62251,0.998200654984
62252,0.998153328896
62253,0.982632994652
62254,0.877919197083
62255,0.99782294035
62256,0.99838078022
62257,0.998606979847
62258,0.99838078022
62259,0.998153328896
62260,0.996842384338
62261,0.976761043072
62262,0.987651348114
62263,0.998181462288
62264,0.998606979847
62265,0.996334016323
62266,0.997788965702
62267,0.994132876396
62268,0.993637144566
62269,0.994897544384
62270,0.99838078022
62271,0.998606979847
62272,0.968332588673
62273,0.991377651691
62274,0.991934776306
62275,0.993826210499
62276,0.996185719967
62277,0.976284384727
62278,0.998606979847
62279,0.993826210499
62280,0.99250125885
62281,0.998406648636
62282,0.99613493681
62283,0.997700989246
62284,0.994767487049
62285,0.993131637573
62286,0.988106846809
62287,0.997745871544
62288,0.99801248312
62289,0.997976005077
62290,0.8311419487
62291,0.969892859459
62292,0.998407959938
62293,0.992947757244
62294,0.998273909092
62295,0.991286754608
62296,0.998606979847
62297,0.989619135857
62298,0.978636980057
62299,0.998606979847
62300,0.998260438442
62301,0.993826210499
62302,0.998606979847
62303,0.998406648636
62304,0.998606979847
62305,0.989225029945
62306,0.998324692249
62307,0.998428761959
62308,0.998260438442
62309,0.991945624352
62310,0.994977116585
62311,0.998606979847
62312,0.994401276112
62313,0.998155415058
62314,0.998407959938
62315,0.996842384338
62316,0.991879403591
62317,0.992355406284
62318,0.998606979847
62319,0.998606979847
62320,0.985286176205
62321,0.995655536652
62322,0.998606979847
62323,0.99838078022
62324,0.992716789246
62325,0.996842384338
62326,0.99848139286
62327,0.99359691143
62328,0.998364388943
62329,0.99848139286
62330,0.99403578043
62331,0.998606979847
62332,0.998606979847
62333,0.997988402843
62334,0.951633155346
62335,0.997804522514
62336,0.998606979847
62337,0.996676027775
62338,0.922356903553
62339,0.993097007275
62340,0.998241424561
62341,0.99838078022
62342,0.998606979847
62343,0.995189845562
62344,0.968717575073
62345,0.99820047617
62346,0.997866868973
62347,0.988647460938
62348,0.990948081017
62349,0.998407959938
62350,0.995518863201
62351,0.981193602085
62352,0.997989296913
62353,0.998606979847
62354,0.998606979847
62355,0.99271351099
62356,0.985965788364
62357,0.969105005264
62358,0.99838078022
62359,0.997783958912
62360,0.992457211018
62361,0.998606979847
62362,0.998153328896
62363,0.998606979847
62364,0.960178613663
62365,0.993485808372
62366,0.990880608559
62367,0.998606979847
62368,0.995488643646
62369,0.997621715069
62370,0.998606979847
62371,0.99848139286
62372,0.998606979847
62373,0.998606979847
62374,0.998406648636
62375,0.99554425478
62376,0.998606979847
62377,0.998483419418
62378,0.998406648636
62379,0.990301132202
62380,0.997889041901
62381,0.989323139191
62382,0.998606979847
62383,0.99793946743
62384,0.998606979847
62385,0.980541348457
62386,0.996027112007
62387,0.992396235466
62388,0.998483419418
62389,0.97801810503
62390,0.998606979847
62391,0.996795237064
62392,0.998406648636
62393,0.994300663471
62394,0.998606979847
62395,0.998606979847
62396,0.9953815341
62397,0.96144592762
62398,0.998406648636
62399,0.998153328896
62400,0.998606979847
62401,0.994148433208
62402,0.99359691143
62403,0.998606979847
62404,0.979920864105
62405,0.987938463688
62406,0.984675645828
62407,0.995879232883
62408,0.998606979847
62409,0.99079144001
62410,0.993064284325
62411,0.998606979847
62412,0.99848139286
62413,0.957954883575
62414,0.99271351099
62415,0.998406648636
62416,0.998022079468
62417,0.990669906139
62418,0.991488695145
62419,0.998153328896
62420,0.996194720268
62421,0.998606979847
62422,0.99793946743
62423,0.982914030552
62424,0.998200178146
62425,0.994300663471
62426,0.998606979847
62427,0.998309850693
62428,0.997926175594
62429,0.99820047617
62430,0.990172147751
62431,0.998606979847
62432,0.991641402245
62433,0.99838078022
62434,0.995620787144
62435,0.993920683861
62436,0.998606979847
62437,0.998260438442
62438,0.997783958912
62439,0.997746109962
62440,0.997828781605
62441,0.991891384125
62442,0.991652965546
62443,0.983775734901
62444,0.975757241249
62445,0.998606979847
62446,0.998606979847
62447,0.991041004658
62448,0.998606979847
62449,0.997900903225
62450,0.998094499111
62451,0.998260438442
62452,0.995652854443
62453,0.995924890041
62454,0.99848139286
62455,0.996334016323
62456,0.995117902756
62457,0.996586322784
62458,0.991533517838
62459,0.970983743668
62460,0.991939663887
62461,0.99838078022
62462,0.991800963879
62463,0.993849337101
62464,0.998406648636
62465,0.994187355042
62466,0.925915718079
62467,0.996586322784
62468,0.99848139286
62469,0.998606979847
62470,0.998406648636
62471,0.997828781605
62472,0.997961580753
62473,0.998606979847
62474,0.986313223839
62475,0.998324692249
62476,0.99848139286
62477,0.998200654984
62478,0.998483419418
62479,0.998606979847
62480,0.998101830482
62481,0.993048906326
62482,0.995216012001
62483,0.99848139286
62484,0.998606979847
62485,0.995278120041
62486,0.99724894762
62487,0.99250125885
62488,0.997889041901
62489,0.992947757244
62490,0.998606979847
62491,0.998606979847
62492,0.998606979847
62493,0.995358109474
62494,0.99848139286
62495,0.996667027473
62496,0.993225693703
62497,0.997592926025
62498,0.99263894558
62499,0.943827211857
62500,0.99848139286
62501,0.995313107967
62502,0.996842384338
62503,0.997828781605
62504,0.813342094421
62505,0.998606979847
62506,0.996027112007
62507,0.99793946743
62508,0.991576969624
62509,0.998606979847
62510,0.997889041901
62511,0.997900903225
62512,0.993048906326
62513,0.992561161518
62514,0.998276054859
62515,0.99848139286
62516,0.980987548828
62517,0.901512205601
62518,0.998606979847
62519,0.99848139286
62520,0.996138811111
62521,0.997530579567
62522,0.887778162956
62523,0.985628426075
62524,0.992829561234
62525,0.984721779823
62526,0.998184978962
62527,0.998606979847
62528,0.99848139286
62529,0.998606979847
62530,0.99848139286
62531,0.994721114635
62532,0.998606979847
62533,0.997951805592
62534,0.985367357731
62535,0.998606979847
62536,0.998606979847
62537,0.991540431976
62538,0.976541519165
62539,0.998606979847
62540,0.995962321758
62541,0.998606979847
62542,0.998606979847
62543,0.99838078022
62544,0.998260438442
62545,0.995782911777
62546,0.99644446373
62547,0.998606979847
62548,0.997788965702
62549,0.993688821793
62550,0.985750436783
62551,0.997778773308
62552,0.998606979847
62553,0.997889041901
62554,0.998606979847
62555,0.974035084248
62556,0.996027112007
62557,0.998606979847
62558,0.99838078022
62559,0.991488039494
62560,0.998606979847
62561,0.990312755108
62562,0.99829441309
62563,0.997926175594
62564,0.991800963879
62565,0.981712520123
62566,0.998606979847
62567,0.980161130428
62568,0.997768104076
62569,0.99554425478
62570,0.990934252739
62571,0.998406648636
62572,0.998606979847
62573,0.99848139286
62574,0.990239500999
62575,0.998606979847
62576,0.998606979847
62577,0.984545469284
62578,0.983809411526
62579,0.995432853699
62580,0.998606979847
62581,0.993644297123
62582,0.998483419418
62583,0.998483419418
62584,0.99848139286
62585,0.989212453365
62586,0.998606979847
62587,0.986662685871
62588,0.992243826389
62589,0.998606979847
62590,0.950656354427
62591,0.998606979847
62592,0.994960904121
62593,0.994916439056
62594,0.986075997353
62595,0.99848139286
62596,0.998406648636
62597,0.986553907394
62598,0.990120768547
62599,0.959793031216
62600,0.975712478161
62601,0.998606979847
62602,0.998407959938
62603,0.998606979847
62604,0.926031053066
62605,0.998013615608
62606,0.997525453568
62607,0.997900903225
62608,0.998145222664
62609,0.99829441309
62610,0.998406648636
62611,0.99848139286
62612,0.998081326485
62613,0.993826210499
62614,0.99848139286
62615,0.991715908051
62616,0.998407959938
62617,0.997170507908
62618,0.991418480873
62619,0.996842384338
62620,0.990409076214
62621,0.995115101337
62622,0.998606979847
62623,0.998220264912
62624,0.991088092327
62625,0.99848139286
62626,0.996414005756
62627,0.992796242237
62628,0.993048906326
62629,0.987142324448
62630,0.998606979847
62631,0.997783958912
62632,0.99793946743
62633,0.95090585947
62634,0.922173202038
62635,0.997615814209
62636,0.998606979847
62637,0.998606979847
62638,0.998606979847
62639,0.996842384338
62640,0.994758427143
62641,0.99848139286
62642,0.993941962719
62643,0.996842384338
62644,0.998606979847
62645,0.934761703014
62646,0.998428761959
62647,0.99793946743
62648,0.998606979847
62649,0.998606979847
62650,0.971635103226
62651,0.998606979847
62652,0.997988402843
62653,0.99259775877
62654,0.998606979847
62655,0.99848139286
62656,0.986981034279
62657,0.995278179646
62658,0.997713565826
62659,0.957852363586
62660,0.997683346272
62661,0.998368620872
62662,0.974737763405
62663,0.99848139286
62664,0.99848139286
62665,0.993990778923
62666,0.998200654984
62667,0.995879232883
62668,0.998606979847
62669,0.991540431976
62670,0.998200654984
62671,0.99398458004
62672,0.996583402157
62673,0.991965353489
62674,0.987089157104
62675,0.99644613266
62676,0.973869383335
62677,0.998606979847
62678,0.997953295708
62679,0.992829561234
62680,0.992657661438
62681,0.998407959938
62682,0.985653877258
62683,0.991221010685
62684,0.998483419418
62685,0.997745871544
62686,0.998606979847
62687,0.995073437691
62688,0.998407959938
62689,0.981715977192
62690,0.959168493748
62691,0.99838078022
62692,0.998167812824
62693,0.971035659313
62694,0.997900903225
62695,0.998606979847
62696,0.99848139286
62697,0.998606979847
62698,0.996262788773
62699,0.990034937859
62700,0.995568573475
62701,0.99263459444
62702,0.971814453602
62703,0.989791691303
62704,0.993119776249
62705,0.996501505375
62706,0.99848139286
62707,0.998406648636
62708,0.983586907387
62709,0.997464060783
62710,0.991418480873
62711,0.997224986553
62712,0.990791141987
62713,0.998606979847
62714,0.99770206213
62715,0.992796242237
62716,0.990759253502
62717,0.99848139286
62718,0.997783958912
62719,0.998606979847
62720,0.998102426529
62721,0.998606979847
62722,0.997636258602
62723,0.995372712612
62724,0.930006623268
62725,0.99829441309
62726,0.998606979847
62727,0.998606979847
62728,0.998606979847
62729,0.997063219547
62730,0.99848139286
62731,0.998606979847
62732,0.998606979847
62733,0.996586322784
62734,0.99644446373
62735,0.998200178146
62736,0.998364388943
62737,0.99848139286
62738,0.993048906326
62739,0.99838078022
62740,0.998606979847
62741,0.99641007185
62742,0.997565746307
62743,0.993036985397
62744,0.996411442757
62745,0.971231043339
62746,0.996842384338
62747,0.99644446373
62748,0.991759240627
62749,0.987645685673
62750,0.969151258469
62751,0.992473959923
62752,0.996573746204
62753,0.993826210499
62754,0.998606979847
62755,0.998276054859
62756,0.99838078022
62757,0.99848139286
62758,0.998606979847
62759,0.992787539959
62760,0.998606979847
62761,0.994505047798
62762,0.998005568981
62763,0.993851184845
62764,0.996586322784
62765,0.990598380566
62766,0.99263459444
62767,0.997224986553
62768,0.991490125656
62769,0.99561804533
62770,0.992398381233
62771,0.991670906544
62772,0.996842384338
62773,0.998606979847
62774,0.994841814041
62775,0.998606979847
62776,0.99793946743
62777,0.956401467323
62778,0.993085682392
62779,0.99838078022
62780,0.948996901512
62781,0.998606979847
62782,0.997600913048
62783,0.998302519321
62784,0.99848139286
62785,0.694688081741
62786,0.995839357376
62787,0.99838078022
62788,0.998606979847
62789,0.998606979847
62790,0.982762157917
62791,0.998145222664
62792,0.998368620872
62793,0.991281032562
62794,0.996603786945
62795,0.993722617626
62796,0.998606979847
62797,0.997713565826
62798,0.998606979847
62799,0.998606979847
62800,0.998153328896
62801,0.998428761959
62802,0.996309936047
62803,0.998406648636
62804,0.998606979847
62805,0.99848139286
62806,0.998606979847
62807,0.99848139286
62808,0.998260438442
62809,0.996414005756
62810,0.998406648636
62811,0.998055100441
62812,0.99838078022
62813,0.919321060181
62814,0.998407959938
62815,0.998606979847
62816,0.998606979847
62817,0.998606979847
62818,0.992829561234
62819,0.998606979847
62820,0.998606979847
62821,0.994987726212
62822,0.99848139286
62823,0.99793946743
62824,0.993064284325
62825,0.952626347542
62826,0.998606979847
62827,0.991992235184
62828,0.998293995857
62829,0.991148769855
62830,0.998406648636
62831,0.993688821793
62832,0.994462072849
62833,0.99263459444
62834,0.994462072849
62835,0.994620501995
62836,0.998606979847
62837,0.99848139286
62838,0.997685015202
62839,0.978308439255
62840,0.992716789246
62841,0.998079001904
62842,0.97129034996
62843,0.998606979847
62844,0.995472192764
62845,0.991672039032
62846,0.994847416878
62847,0.993131518364
62848,0.998606979847
62849,0.997373878956
62850,0.996698200703
62851,0.977653384209
62852,0.998606979847
62853,0.994034290314
62854,0.998094499111
62855,0.997246146202
62856,0.986981511116
62857,0.998606979847
62858,0.99838078022
62859,0.8830909729
62860,0.99271351099
62861,0.99829441309
62862,0.997140228748
62863,0.998606979847
62864,0.998606979847
62865,0.998153328896
62866,0.998407959938
62867,0.998606979847
62868,0.993826210499
62869,0.998606979847
62870,0.998606979847
62871,0.998606979847
62872,0.972016215324
62873,0.998606979847
62874,0.998406648636
62875,0.99848139286
62876,0.99644446373
62877,0.99848139286
62878,0.996842384338
62879,0.997037529945
62880,0.998606979847
62881,0.998102426529
62882,0.970158040524
62883,0.99838078022
62884,0.986288368702
62885,0.981543123722
62886,0.996140956879
62887,0.994841814041
62888,0.992400109768
62889,0.99829441309
62890,0.998606979847
62891,0.99848139286
62892,0.991604208946
62893,0.997828781605
62894,0.955399572849
62895,0.998407959938
62896,0.998200654984
62897,0.995620429516
62898,0.958328604698
62899,0.984069168568
62900,0.996842384338
62901,0.962141156197
62902,0.994099259377
62903,0.99848139286
62904,0.998606979847
62905,0.989501595497
62906,0.998606979847
62907,0.998606979847
62908,0.998606979847
62909,0.992716789246
62910,0.998606979847
62911,0.998606979847
62912,0.983698189259
62913,0.993351221085
62914,0.996027112007
62915,0.998606979847
62916,0.994099259377
62917,0.998606979847
62918,0.993483781815
62919,0.99848139286
62920,0.99829441309
62921,0.99820047617
62922,0.997866868973
62923,0.99554425478
62924,0.993285596371
62925,0.99848139286
62926,0.975808799267
62927,0.99359691143
62928,0.998302519321
62929,0.998606979847
62930,0.991068720818
62931,0.998220264912
62932,0.998054504395
62933,0.998606979847
62934,0.992050349712
62935,0.978804171085
62936,0.992980122566
62937,0.99829441309
62938,0.998155415058
62939,0.998483419418
62940,0.961631238461
62941,0.998406648636
62942,0.994758427143
62943,0.992438733578
62944,0.998606979847
62945,0.995782911777
62946,0.998606979847
62947,0.998606979847
62948,0.998037517071
62949,0.998606979847
62950,0.995817005634
62951,0.964115023613
62952,0.998483419418
62953,0.998606979847
62954,0.998102426529
62955,0.998428761959
62956,0.991799712181
62957,0.99838078022
62958,0.99848139286
62959,0.998606979847
62960,0.995472192764
62961,0.99793946743
62962,0.998227238655
62963,0.998047590256
62964,0.984583079815
62965,0.99820047617
62966,0.998428761959
62967,0.98836094141
62968,0.95518553257
62969,0.998309850693
62970,0.998606979847
62971,0.990239500999
62972,0.992400109768
62973,0.998483419418
62974,0.977696061134
62975,0.998606979847
62976,0.998153328896
62977,0.998364388943
62978,0.995257675648
62979,0.996027112007
62980,0.998606979847
62981,0.998606979847
62982,0.998606979847
62983,0.981301128864
62984,0.998220264912
62985,0.98672914505
62986,0.998606979847
62987,0.995076417923
62988,0.998220264912
62989,0.997855246067
62990,0.995897114277
62991,0.997783958912
62992,0.998606979847
62993,0.998606979847
62994,0.998276054859
62995,0.998153328896
62996,0.998260438442
62997,0.998013615608
62998,0.991990208626
62999,0.998606979847
63000,0.988982260227
63001,0.998260438442
63002,0.993123650551
63003,0.998260438442
63004,0.894048750401
63005,0.991670906544
63006,0.997373878956
63007,0.998606979847
63008,0.998013615608
63009,0.99838078022
63010,0.998200654984
63011,0.987837016582
63012,0.990871369839
63013,0.996136546135
63014,0.911121666431
63015,0.906970322132
63016,0.99848139286
63017,0.920489609241
63018,0.997682273388
63019,0.998606979847
63020,0.956619203091
63021,0.997472524643
63022,0.998184978962
63023,0.982478439808
63024,0.998055100441
63025,0.991934776306
63026,0.991210520267
63027,0.991413116455
63028,0.995645999908
63029,0.991011202335
63030,0.998606979847
63031,0.997828781605
63032,0.993945300579
63033,0.998153328896
63034,0.926431715488
63035,0.998606979847
63036,0.998606979847
63037,0.99848139286
63038,0.998364388943
63039,0.910724639893
63040,0.998606979847
63041,0.998606979847
63042,0.998606979847
63043,0.99838078022
63044,0.998606979847
63045,0.964061141014
63046,0.977072119713
63047,0.99848139286
63048,0.998153328896
63049,0.992161750793
63050,0.991785347462
63051,0.998606979847
63052,0.998606979847
63053,0.994906306267
63054,0.998013615608
63055,0.984284043312
63056,0.997783958912
63057,0.997988402843
63058,0.998606979847
63059,0.998406648636
63060,0.998022079468
63061,0.991413116455
63062,0.997728407383
63063,0.994124412537
63064,0.99848139286
63065,0.994916439056
63066,0.992716789246
63067,0.998606979847
63068,0.998606979847
63069,0.997783958912
63070,0.976613163948
63071,0.995507776737
63072,0.963499903679
63073,0.980821371078
63074,0.980376183987
63075,0.99346101284
63076,0.994547963142
63077,0.995760500431
63078,0.998606979847
63079,0.998406648636
63080,0.988599956036
63081,0.998243689537
63082,0.991435945034
63083,0.993722617626
63084,0.998606979847
63085,0.998606979847
63086,0.998606979847
63087,0.991347789764
63088,0.998606979847
63089,0.993551790714
63090,0.99838078022
63091,0.990680336952
63092,0.993914842606
63093,0.998606979847
63094,0.998606979847
63095,0.998606979847
63096,0.997788965702
63097,0.998606979847
63098,0.998406648636
63099,0.998606979847
63100,0.998606979847
63101,0.995257675648
63102,0.966869354248
63103,0.998606979847
63104,0.991800963879
63105,0.991934776306
63106,0.998276054859
63107,0.998184978962
63108,0.938658595085
63109,0.998211979866
63110,0.997788965702
63111,0.998606979847
63112,0.993164479733
63113,0.983326613903
63114,0.965319633484
63115,0.996390998363
63116,0.99848139286
63117,0.937735378742
63118,0.992829561234
63119,0.99793946743
63120,0.99848139286
63121,0.998273909092
63122,0.993620932102
63123,0.975011527538
63124,0.99717271328
63125,0.998606979847
63126,0.99793946743
63127,0.998606979847
63128,0.998407959938
63129,0.99848139286
63130,0.998606979847
63131,0.990315914154
63132,0.955874562263
63133,0.995228469372
63134,0.994958817959
63135,0.998606979847
63136,0.997481524944
63137,0.99838078022
63138,0.994812428951
63139,0.993142783642
63140,0.998153328896
63141,0.992436170578
63142,0.998606979847
63143,0.993178665638
63144,0.992947757244
63145,0.998606979847
63146,0.996842384338
63147,0.997430801392
63148,0.994486451149
63149,0.998260438442
63150,0.997804522514
63151,0.8688352108
63152,0.988758802414
63153,0.994841814041
63154,0.998293995857
63155,0.996292173862
63156,0.99596709013
63157,0.991405010223
63158,0.998428761959
63159,0.995782911777
63160,0.992245495319
63161,0.997180044651
63162,0.998406648636
63163,0.99848139286
63164,0.997828781605
63165,0.988380491734
63166,0.997783958912
63167,0.992829561234
63168,0.997783958912
63169,0.998606979847
63170,0.988323032856
63171,0.998606979847
63172,0.998606979847
63173,0.996334016323
63174,0.998483419418
63175,0.991143703461
63176,0.998606979847
63177,0.998606979847
63178,0.998094499111
63179,0.99848139286
63180,0.998483419418
63181,0.992244899273
63182,0.994827210903
63183,0.998054504395
63184,0.99793946743
63185,0.998606979847
63186,0.998153328896
63187,0.992257118225
63188,0.98936188221
63189,0.998606979847
63190,0.998407959938
63191,0.977622449398
63192,0.998153328896
63193,0.996027112007
63194,0.998606979847
63195,0.99100959301
63196,0.998606979847
63197,0.998276054859
63198,0.998606979847
63199,0.998364388943
63200,0.996097564697
63201,0.998407959938
63202,0.99263459444
63203,0.997725665569
63204,0.99323707819
63205,0.99848139286
63206,0.998606979847
63207,0.994376420975
63208,0.994673907757
63209,0.99644446373
63210,0.998260438442
63211,0.992050349712
63212,0.997743785381
63213,0.955544471741
63214,0.998606979847
63215,0.977284014225
63216,0.998606979847
63217,0.994620501995
63218,0.998606979847
63219,0.997658252716
63220,0.998606979847
63221,0.99148786068
63222,0.997926533222
63223,0.996411442757
63224,0.991737723351
63225,0.992947757244
63226,0.998428761959
63227,0.992716789246
63228,0.998606979847
63229,0.974994599819
63230,0.989002943039
63231,0.977284014225
63232,0.998243689537
63233,0.99848139286
63234,0.997783958912
63235,0.996842384338
63236,0.993826210499
63237,0.998606979847
63238,0.998200178146
63239,0.994563996792
63240,0.998260438442
63241,0.992695271969
63242,0.997951805592
63243,0.991784334183
63244,0.981296956539
63245,0.991142272949
63246,0.998081982136
63247,0.998260438442
63248,0.997685015202
63249,0.977749586105
63250,0.998606979847
63251,0.991347789764
63252,0.992985069752
63253,0.99848139286
63254,0.998606979847
63255,0.991934776306
63256,0.998022854328
63257,0.996390998363
63258,0.998606979847
63259,0.995849609375
63260,0.998260438442
63261,0.990606427193
63262,0.998606979847
63263,0.99359691143
63264,0.99375975132
63265,0.997713565826
63266,0.969561755657
63267,0.874362468719
63268,0.975938916206
63269,0.994248747826
63270,0.992288827896
63271,0.99829441309
63272,0.936268031597
63273,0.998606979847
63274,0.99820047617
63275,0.998606979847
63276,0.986356914043
63277,0.995079517365
63278,0.99848139286
63279,0.998153328896
63280,0.998483419418
63281,0.997658252716
63282,0.97409594059
63283,0.998606979847
63284,0.997615814209
63285,0.99848139286
63286,0.984903097153
63287,0.939708828926
63288,0.989925086498
63289,0.998081743717
63290,0.960111856461
63291,0.99848139286
63292,0.992425978184
63293,0.995924890041
63294,0.99554425478
63295,0.991972327232
63296,0.994828939438
63297,0.998606979847
63298,0.998606979847
63299,0.993826210499
63300,0.995010972023
63301,0.99263459444
63302,0.996146798134
63303,0.997679948807
63304,0.998606979847
63305,0.998181462288
63306,0.997393488884
63307,0.992393434048
63308,0.998153328896
63309,0.987233757973
63310,0.998606979847
63311,0.998606979847
63312,0.985536754131
63313,0.996411442757
63314,0.987700998783
63315,0.99848139286
63316,0.997889041901
63317,0.99848139286
63318,0.998606979847
63319,0.994572103024
63320,0.998606979847
63321,0.998220264912
63322,0.998606979847
63323,0.998606979847
63324,0.962468206882
63325,0.99145758152
63326,0.994492769241
63327,0.997464060783
63328,0.998200654984
63329,0.996698200703
63330,0.998606979847
63331,0.99263459444
63332,0.995832204819
63333,0.996143162251
63334,0.998606979847
63335,0.99222689867
63336,0.983839094639
63337,0.998129248619
63338,0.994154810905
63339,0.975580990314
63340,0.998606979847
63341,0.998606979847
63342,0.997866868973
63343,0.998153328896
63344,0.986443042755
63345,0.998483419418
63346,0.99848139286
63347,0.998606979847
63348,0.997781097889
63349,0.99776917696
63350,0.998606979847
63351,0.998406648636
63352,0.993722617626
63353,0.99793946743
63354,0.997828781605
63355,0.998606979847
63356,0.993826210499
63357,0.99752175808
63358,0.998606979847
63359,0.980666995049
63360,0.998028457165
63361,0.998606979847
63362,0.998606979847
63363,0.998606979847
63364,0.998368620872
63365,0.994841814041
63366,0.998483419418
63367,0.998352825642
63368,0.997224986553
63369,0.998220264912
63370,0.998606979847
63371,0.998406648636
63372,0.996842384338
63373,0.997145712376
63374,0.998368620872
63375,0.990884780884
63376,0.970014572144
63377,0.978640675545
63378,0.998200178146
63379,0.987700998783
63380,0.998606979847
63381,0.992331385612
63382,0.991797566414
63383,0.998324692249
63384,0.998483419418
63385,0.994841814041
63386,0.998606979847
63387,0.99838078022
63388,0.99794703722
63389,0.99820047617
63390,0.990013182163
63391,0.995044291019
63392,0.998155415058
63393,0.99838078022
63394,0.992947757244
63395,0.99838078022
63396,0.998260438442
63397,0.991864025593
63398,0.99848139286
63399,0.998368620872
63400,0.979652941227
63401,0.998606979847
63402,0.958807051182
63403,0.998606979847
63404,0.996027112007
63405,0.99848139286
63406,0.975914537907
63407,0.990705966949
63408,0.993077516556
63409,0.998406648636
63410,0.99359691143
63411,0.998090028763
63412,0.99838078022
63413,0.998606979847
63414,0.989197134972
63415,0.998606979847
63416,0.998606979847
63417,0.998606979847
63418,0.998005568981
63419,0.99848139286
63420,0.99848139286
63421,0.998606979847
63422,0.998606979847
63423,0.998406648636
63424,0.994786262512
63425,0.997196435928
63426,0.941984176636
63427,0.998153328896
63428,0.998483419418
63429,0.996842384338
63430,0.998276054859
63431,0.960167050362
63432,0.994989395142
63433,0.993603289127
63434,0.998606979847
63435,0.99793946743
63436,0.998243689537
63437,0.984131097794
63438,0.993967413902
63439,0.959881842136
63440,0.995897114277
63441,0.996842384338
63442,0.99848139286
63443,0.995883405209
63444,0.997745871544
63445,0.99359691143
63446,0.995464742184
63447,0.99838078022
63448,0.99793946743
63449,0.99010181427
63450,0.998606979847
63451,0.991733014584
63452,0.988033592701
63453,0.96333360672
63454,0.971564352512
63455,0.992939531803
63456,0.997828781605
63457,0.994187355042
63458,0.988422691822
63459,0.996411442757
63460,0.998606979847
63461,0.998153328896
63462,0.997475922108
63463,0.998606979847
63464,0.998407959938
63465,0.993319034576
63466,0.998200654984
63467,0.998606979847
63468,0.998406648636
63469,0.997196435928
63470,0.983041167259
63471,0.981703102589
63472,0.998606979847
63473,0.990304112434
63474,0.98825019598
63475,0.992939531803
63476,0.983380675316
63477,0.997835695744
63478,0.998606979847
63479,0.990485548973
63480,0.998606979847
63481,0.989255905151
63482,0.998181462288
63483,0.998606979847
63484,0.998606979847
63485,0.97830915451
63486,0.99486798048
63487,0.998606979847
63488,0.994860112667
63489,0.994996786118
63490,0.992829561234
63491,0.997783958912
63492,0.993533909321
63493,0.962339222431
63494,0.998153328896
63495,0.993496000767
63496,0.998081326485
63497,0.997889041901
63498,0.993826210499
63499,0.960366606712
63500,0.995709359646
63501,0.998200654984
63502,0.998406648636
63503,0.994040966034
63504,0.990920603275
63505,0.979354023933
63506,0.992251396179
63507,0.991934776306
63508,0.998153328896
63509,0.997841417789
63510,0.99644446373
63511,0.995467782021
63512,0.996146798134
63513,0.992110729218
63514,0.991579949856
63515,0.998606979847
63516,0.998407959938
63517,0.998606979847
63518,0.945489525795
63519,0.995466172695
63520,0.998200654984
63521,0.998606979847
63522,0.992614209652
63523,0.998606979847
63524,0.998276054859
63525,0.99838078022
63526,0.998079001904
63527,0.99263459444
63528,0.998127579689
63529,0.986299455166
63530,0.998407959938
63531,0.998127579689
63532,0.998406648636
63533,0.998606979847
63534,0.987502515316
63535,0.994099259377
63536,0.998094499111
63537,0.998005568981
63538,0.997446119785
63539,0.998606979847
63540,0.998260438442
63541,0.967229068279
63542,0.998407959938
63543,0.998606979847
63544,0.998407959938
63545,0.998260438442
63546,0.95002001524
63547,0.996027112007
63548,0.978987276554
63549,0.993899703026
63550,0.992829561234
63551,0.993271529675
63552,0.997783958912
63553,0.998606979847
63554,0.996353328228
63555,0.99838078022
63556,0.997621715069
63557,0.998483419418
63558,0.997713565826
63559,0.998483419418
63560,0.953248977661
63561,0.99804186821
63562,0.998407959938
63563,0.998084068298
63564,0.993810892105
63565,0.998606979847
63566,0.998606979847
63567,0.997225165367
63568,0.9909953475
63569,0.980417788029
63570,0.998606979847
63571,0.998606979847
63572,0.996842384338
63573,0.997664451599
63574,0.994213104248
63575,0.997642397881
63576,0.998406648636
63577,0.998606979847
63578,0.99848139286
63579,0.997740864754
63580,0.998276054859
63581,0.998606979847
63582,0.99271351099
63583,0.995403885841
63584,0.994542121887
63585,0.99554425478
63586,0.959828257561
63587,0.992296695709
63588,0.992829561234
63589,0.998483419418
63590,0.998606979847
63591,0.992296695709
63592,0.998606979847
63593,0.998606979847
63594,0.99259531498
63595,0.960910081863
63596,0.998260438442
63597,0.995200932026
63598,0.997850000858
63599,0.995437204838
63600,0.992933571339
63601,0.997926175594
63602,0.997464060783
63603,0.998606979847
63604,0.994643688202
63605,0.996842384338
63606,0.987550258636
63607,0.992614209652
63608,0.998606979847
63609,0.931743502617
63610,0.998606979847
63611,0.998606979847
63612,0.998324692249
63613,0.998606979847
63614,0.998606979847
63615,0.954538285732
63616,0.976194441319
63617,0.99848139286
63618,0.99848139286
63619,0.993502557278
63620,0.99838078022
63621,0.99793946743
63622,0.998260438442
63623,0.994850456715
63624,0.997615814209
63625,0.998606979847
63626,0.995878458023
63627,0.998606979847
63628,0.998606979847
63629,0.911107003689
63630,0.996027112007
63631,0.996842384338
63632,0.996201694012
63633,0.995055854321
63634,0.997045040131
63635,0.998606979847
63636,0.998483419418
63637,0.998047590256
63638,0.99838078022
63639,0.998606979847
63640,0.98470389843
63641,0.994979798794
63642,0.998606979847
63643,0.991377651691
63644,0.998606979847
63645,0.970515489578
63646,0.998606979847
63647,0.995466172695
63648,0.994841814041
63649,0.998606979847
63650,0.993826210499
63651,0.988717913628
63652,0.99848139286
63653,0.987398326397
63654,0.993255913258
63655,0.986486434937
63656,0.99848139286
63657,0.997889041901
63658,0.99759221077
63659,0.903902232647
63660,0.995046913624
63661,0.996544718742
63662,0.998483419418
63663,0.991182327271
63664,0.998606979847
63665,0.998406648636
63666,0.991623282433
63667,0.994908452034
63668,0.998235344887
63669,0.994841814041
63670,0.998406648636
63671,0.963358104229
63672,0.990745544434
63673,0.998606979847
63674,0.98499250412
63675,0.998606979847
63676,0.998606979847
63677,0.998606979847
63678,0.990034103394
63679,0.998606979847
63680,0.998606979847
63681,0.994597136974
63682,0.996842384338
63683,0.99578422308
63684,0.998181462288
63685,0.996411442757
63686,0.998606979847
63687,0.998606979847
63688,0.997989296913
63689,0.987688064575
63690,0.957860469818
63691,0.998606979847
63692,0.994989216328
63693,0.998606979847
63694,0.997989296913
63695,0.990507125854
63696,0.992167890072
63697,0.995845198631
63698,0.993826210499
63699,0.962200760841
63700,0.991812348366
63701,0.978984355927
63702,0.99848139286
63703,0.995663285255
63704,0.996390998363
63705,0.99804186821
63706,0.992829561234
63707,0.983145296574
63708,0.970990180969
63709,0.99848139286
63710,0.998153328896
63711,0.991777837276
63712,0.982163906097
63713,0.998483419418
63714,0.99467253685
63715,0.997703015804
63716,0.998260438442
63717,0.984584271908
63718,0.984651386738
63719,0.998606979847
63720,0.980602681637
63721,0.989950299263
63722,0.99644446373
63723,0.99296605587
63724,0.998241424561
63725,0.995076417923
63726,0.998606979847
63727,0.998606979847
63728,0.928674042225
63729,0.996842384338
63730,0.992947757244
63731,0.997889041901
63732,0.99361628294
63733,0.991797029972
63734,0.998368620872
63735,0.972073197365
63736,0.998364388943
63737,0.998606979847
63738,0.926952004433
63739,0.998406648636
63740,0.99829441309
63741,0.99848139286
63742,0.949771046638
63743,0.99838078022
63744,0.990328669548
63745,0.974723756313
63746,0.998483419418
63747,0.998293995857
63748,0.99829441309
63749,0.990181863308
63750,0.998407959938
63751,0.998220264912
63752,0.99848139286
63753,0.99359691143
63754,0.99494355917
63755,0.997788965702
63756,0.98833578825
63757,0.932673692703
63758,0.991269767284
63759,0.998407959938
63760,0.998483419418
63761,0.998606979847
63762,0.998606979847
63763,0.987793266773
63764,0.99848139286
63765,0.998028457165
63766,0.996603786945
63767,0.998153328896
63768,0.961837410927
63769,0.996757149696
63770,0.996842384338
63771,0.990474700928
63772,0.992336511612
63773,0.991347789764
63774,0.998606979847
63775,0.981272995472
63776,0.997636258602
63777,0.989600419998
63778,0.985614836216
63779,0.912946581841
63780,0.99838078022
63781,0.995360195637
63782,0.998606979847
63783,0.998352825642
63784,0.99838078022
63785,0.998606979847
63786,0.998606979847
63787,0.998260438442
63788,0.998200654984
63789,0.990350246429
63790,0.994199931622
63791,0.99838078022
63792,0.998606979847
63793,0.998606979847
63794,0.998606979847
63795,0.998606979847
63796,0.99848139286
63797,0.998606979847
63798,0.898575127125
63799,0.986981451511
63800,0.998606979847
63801,0.995985627174
63802,0.995439469814
63803,0.998606979847
63804,0.993826210499
63805,0.998606979847
63806,0.998276054859
63807,0.997615814209
63808,0.998200654984
63809,0.99848139286
63810,0.946836173534
63811,0.992829561234
63812,0.929720699787
63813,0.995325446129
63814,0.993492782116
63815,0.998606979847
63816,0.997621715069
63817,0.99838078022
63818,0.998606979847
63819,0.994151473045
63820,0.997988402843
63821,0.998606979847
63822,0.989167630672
63823,0.992829561234
63824,0.99848139286
63825,0.99848139286
63826,0.998606979847
63827,0.992740154266
63828,0.998406648636
63829,0.992921948433
63830,0.996842384338
63831,0.994254350662
63832,0.99580514431
63833,0.998368620872
63834,0.998045861721
63835,0.998147010803
63836,0.998606979847
63837,0.99829441309
63838,0.98712426424
63839,0.99848139286
63840,0.98986941576
63841,0.998081326485
63842,0.998273909092
63843,0.993612885475
63844,0.998606979847
63845,0.998606979847
63846,0.916538357735
63847,0.99848139286
63848,0.998220264912
63849,0.99793946743
63850,0.998606979847
63851,0.997804522514
63852,0.994099259377
63853,0.995265305042
63854,0.99848139286
63855,0.997329175472
63856,0.992179334164
63857,0.998047590256
63858,0.967180371284
63859,0.996583282948
63860,0.998606979847
63861,0.98365676403
63862,0.99087625742
63863,0.998606979847
63864,0.997753620148
63865,0.998606979847
63866,0.998606979847
63867,0.993826210499
63868,0.99793946743
63869,0.99848139286
63870,0.990172147751
63871,0.997121989727
63872,0.993826210499
63873,0.998606979847
63874,0.998428761959
63875,0.963745474815
63876,0.997418224812
63877,0.996842384338
63878,0.997481524944
63879,0.996414005756
63880,0.995189845562
63881,0.99107426405
63882,0.998406648636
63883,0.998606979847
63884,0.96085691452
63885,0.996146798134
63886,0.998406648636
63887,0.998606979847
63888,0.997446119785
63889,0.998200654984
63890,0.998606979847
63891,0.998483419418
63892,0.998606979847
63893,0.990645110607
63894,0.994377851486
63895,0.991405665874
63896,0.97862559557
63897,0.998606979847
63898,0.998260438442
63899,0.993918120861
63900,0.991142272949
63901,0.997224986553
63902,0.998054504395
63903,0.884682476521
63904,0.99838078022
63905,0.998606979847
63906,0.99838078022
63907,0.997788965702
63908,0.998606979847
63909,0.996458351612
63910,0.99793946743
63911,0.998606979847
63912,0.998606979847
63913,0.99820369482
63914,0.998273909092
63915,0.973343491554
63916,0.994348883629
63917,0.998483419418
63918,0.99848139286
63919,0.998406648636
63920,0.998606979847
63921,0.998013615608
63922,0.99838078022
63923,0.998606979847
63924,0.996334016323
63925,0.993826210499
63926,0.998606979847
63927,0.998606979847
63928,0.997879803181
63929,0.992511987686
63930,0.974251508713
63931,0.998606979847
63932,0.998406648636
63933,0.990014493465
63934,0.990395545959
63935,0.991879403591
63936,0.995464742184
63937,0.99793946743
63938,0.993603289127
63939,0.996185719967
63940,0.998181462288
63941,0.996353328228
63942,0.976596474648
63943,0.998606979847
63944,0.99848139286
63945,0.997889041901
63946,0.99528747797
63947,0.935686886311
63948,0.998406648636
63949,0.997311890125
63950,0.993826210499
63951,0.998606979847
63952,0.996411442757
63953,0.99587225914
63954,0.998606979847
63955,0.92833584547
63956,0.99848139286
63957,0.980885803699
63958,0.998022079468
63959,0.998606979847
63960,0.993826210499
63961,0.97221660614
63962,0.998606979847
63963,0.9909953475
63964,0.99848139286
63965,0.998606979847
63966,0.95645236969
63967,0.992829561234
63968,0.99848139286
63969,0.990013182163
63970,0.996027112007
63971,0.99848139286
63972,0.99848139286
63973,0.998220264912
63974,0.998606979847
63975,0.99508947134
63976,0.99848139286
63977,0.998368620872
63978,0.998483419418
63979,0.992478847504
63980,0.996842384338
63981,0.998153328896
63982,0.983326017857
63983,0.989276587963
63984,0.998606979847
63985,0.99848139286
63986,0.996842384338
63987,0.931490957737
63988,0.996722102165
63989,0.99145758152
63990,0.998606979847
63991,0.998606979847
63992,0.996603786945
63993,0.998606979847
63994,0.998606979847
63995,0.99793946743
63996,0.98991984129
63997,0.99838078022
63998,0.995849609375
63999,0.993483781815
64000,0.998606979847
64001,0.998406648636
64002,0.998606979847
64003,0.998364388943
64004,0.998235344887
64005,0.99848139286
64006,0.997464060783
64007,0.994781494141
64008,0.998483419418
64009,0.995374858379
64010,0.994841814041
64011,0.992389976978
64012,0.998606979847
64013,0.99848139286
64014,0.997464060783
64015,0.986189842224
64016,0.998324692249
64017,0.983000576496
64018,0.992614209652
64019,0.988867402077
64020,0.99848139286
64021,0.998054504395
64022,0.996842384338
64023,0.998606979847
64024,0.985536754131
64025,0.99793946743
64026,0.998606979847
64027,0.998606979847
64028,0.998483419418
64029,0.990934252739
64030,0.99848139286
64031,0.988592088223
64032,0.998153328896
64033,0.997597873211
64034,0.998606979847
64035,0.998606979847
64036,0.906539976597
64037,0.930370867252
64038,0.993276536465
64039,0.995924770832
64040,0.99273699522
64041,0.994940757751
64042,0.998606979847
64043,0.998606979847
64044,0.99848139286
64045,0.998606979847
64046,0.99375975132
64047,0.998406648636
64048,0.998606979847
64049,0.998181462288
64050,0.986632108688
64051,0.992019057274
64052,0.994960904121
64053,0.979682803154
64054,0.993319034576
64055,0.983066439629
64056,0.991249144077
64057,0.998606979847
64058,0.998200654984
64059,0.998406648636
64060,0.998606979847
64061,0.992098152637
64062,0.99829441309
64063,0.99628162384
64064,0.998606979847
64065,0.994143724442
64066,0.992829561234
64067,0.998606979847
64068,0.992515981197
64069,0.994078040123
64070,0.998606979847
64071,0.99848139286
64072,0.99801248312
64073,0.998606979847
64074,0.998606979847
64075,0.998406648636
64076,0.99570608139
64077,0.998606979847
64078,0.998368620872
64079,0.99403578043
64080,0.998606979847
64081,0.992507100105
64082,0.993964195251
64083,0.997745871544
64084,0.998407959938
64085,0.970233380795
64086,0.997457504272
64087,0.998606979847
64088,0.996842384338
64089,0.995757579803
64090,0.998606979847
64091,0.998606979847
64092,0.998606979847
64093,0.998220264912
64094,0.997642397881
64095,0.99848139286
64096,0.99848139286
64097,0.97310513258
64098,0.99793946743
64099,0.997430801392
64100,0.99644446373
64101,0.998606979847
64102,0.997783958912
64103,0.998606979847
64104,0.998181462288
64105,0.99804186821
64106,0.99323707819
64107,0.998406648636
64108,0.998606979847
64109,0.995717763901
64110,0.994394302368
64111,0.99263459444
64112,0.99838078022
64113,0.995227754116
64114,0.995591044426
64115,0.989723682404
64116,0.975381016731
64117,0.992947757244
64118,0.998606979847
64119,0.998031020164
64120,0.995853245258
64121,0.998606979847
64122,0.963093876839
64123,0.998606979847
64124,0.998606979847
64125,0.998606979847
64126,0.998153328896
64127,0.995472192764
64128,0.998606979847
64129,0.998406648636
64130,0.99231505394
64131,0.998606979847
64132,0.998606979847
64133,0.994930326939
64134,0.998127579689
64135,0.997828781605
64136,0.972493290901
64137,0.998606979847
64138,0.998406648636
64139,0.998606979847
64140,0.998606979847
64141,0.998606979847
64142,0.998273909092
64143,0.991143465042
64144,0.987830817699
64145,0.996027112007
64146,0.996009111404
64147,0.992844939232
64148,0.99848139286
64149,0.996977567673
64150,0.993354976177
64151,0.998606979847
64152,0.998406648636
64153,0.994841814041
64154,0.99848139286
64155,0.993688821793
64156,0.992702722549
64157,0.998483419418
64158,0.993392407894
64159,0.998606979847
64160,0.998606979847
64161,0.998606979847
64162,0.985614836216
64163,0.998276054859
64164,0.998407959938
64165,0.992244780064
64166,0.983192265034
64167,0.99838078022
64168,0.998483419418
64169,0.991182327271
64170,0.993914842606
64171,0.997393488884
64172,0.998153328896
64173,0.997788965702
64174,0.997745871544
64175,0.998606979847
64176,0.997679948807
64177,0.998606979847
64178,0.994262695312
64179,0.989167571068
64180,0.991347789764
64181,0.998407959938
64182,0.99210113287
64183,0.998606979847
64184,0.998407959938
64185,0.986082851887
64186,0.996842384338
64187,0.995921373367
64188,0.997508645058
64189,0.998606979847
64190,0.867142736912
64191,0.99848139286
64192,0.998606979847
64193,0.993375957012
64194,0.994841814041
64195,0.998094499111
64196,0.996586322784
64197,0.950745761395
64198,0.98638099432
64199,0.990266919136
64200,0.99838078022
64201,0.994847655296
64202,0.972430348396
64203,0.997486829758
64204,0.997558534145
64205,0.997783958912
64206,0.945424079895
64207,0.990826129913
64208,0.99259775877
64209,0.995985627174
64210,0.998406648636
64211,0.99838078022
64212,0.993375957012
64213,0.991452395916
64214,0.998406648636
64215,0.998606979847
64216,0.995879232883
64217,0.992762625217
64218,0.99848139286
64219,0.998364388943
64220,0.963183879852
64221,0.99848139286
64222,0.991576969624
64223,0.995040535927
64224,0.998606979847
64225,0.997900903225
64226,0.995518863201
64227,0.998606979847
64228,0.992269158363
64229,0.998606979847
64230,0.992614209652
64231,0.998220264912
64232,0.997828781605
64233,0.998031020164
64234,0.997679948807
64235,0.998081326485
64236,0.998606979847
64237,0.97528642416
64238,0.998606979847
64239,0.983932077885
64240,0.991281867027
64241,0.98480784893
64242,0.998406648636
64243,0.998606979847
64244,0.994841814041
64245,0.998273909092
64246,0.99793946743
64247,0.998406648636
64248,0.987281322479
64249,0.998276054859
64250,0.99838078022
64251,0.991418123245
64252,0.992947757244
64253,0.99848139286
64254,0.997508645058
64255,0.998005568981
64256,0.998406648636
64257,0.998302519321
64258,0.998606979847
64259,0.995519697666
64260,0.998483419418
64261,0.996027112007
64262,0.998606979847
64263,0.998007357121
64264,0.997851252556
64265,0.983120620251
64266,0.99838078022
64267,0.998155415058
64268,0.99263459444
64269,0.996411442757
64270,0.998483419418
64271,0.99403578043
64272,0.998606979847
64273,0.993826210499
64274,0.998606979847
64275,0.998606979847
64276,0.995333552361
64277,0.998013615608
64278,0.996603786945
64279,0.997749149799
64280,0.995717763901
64281,0.997888922691
64282,0.998606979847
64283,0.994429826736
64284,0.998606979847
64285,0.998606979847
64286,0.998054504395
64287,0.991667091846
64288,0.996544718742
64289,0.998111128807
64290,0.984132409096
64291,0.993551790714
64292,0.939644634724
64293,0.998606979847
64294,0.993952155113
64295,0.95833915472
64296,0.986381411552
64297,0.998606979847
64298,0.99313634634
64299,0.992266714573
64300,0.998606979847
64301,0.995275914669
64302,0.998483419418
64303,0.995265305042
64304,0.991576969624
64305,0.998102426529
64306,0.998606979847
64307,0.997889041901
64308,0.99801248312
64309,0.998428761959
64310,0.995939612389
64311,0.989255905151
64312,0.99838078022
64313,0.99848139286
64314,0.996698200703
64315,0.99829441309
64316,0.99820047617
64317,0.998407959938
64318,0.994311511517
64319,0.99829441309
64320,0.998606979847
64321,0.966291546822
64322,0.994000613689
64323,0.990768313408
64324,0.995044291019
64325,0.960306227207
64326,0.990412354469
64327,0.998266220093
64328,0.996842384338
64329,0.996449172497
64330,0.998054504395
64331,0.991576969624
64332,0.99838078022
64333,0.998606979847
64334,0.996146798134
64335,0.998606979847
64336,0.99838078022
64337,0.99848139286
64338,0.998606979847
64339,0.995487034321
64340,0.992987334728
64341,0.99848139286
64342,0.998101770878
64343,0.998200654984
64344,0.998129248619
64345,0.987476468086
64346,0.993826210499
64347,0.997243046761
64348,0.994034290314
64349,0.99263459444
64350,0.998368620872
64351,0.99801248312
64352,0.99838078022
64353,0.998606979847
64354,0.991219997406
64355,0.991540431976
64356,0.998606979847
64357,0.994162201881
64358,0.998606979847
64359,0.998406648636
64360,0.996962308884
64361,0.995388090611
64362,0.998428761959
64363,0.998606979847
64364,0.99848139286
64365,0.993427217007
64366,0.996612668037
64367,0.992947757244
64368,0.99259531498
64369,0.991583406925
64370,0.991959631443
64371,0.998606979847
64372,0.832395851612
64373,0.997858762741
64374,0.964364945889
64375,0.997988402843
64376,0.992829561234
64377,0.995100319386
64378,0.997889041901
64379,0.998606979847
64380,0.996411442757
64381,0.99838078022
64382,0.998200654984
64383,0.998181462288
64384,0.998606979847
64385,0.998407959938
64386,0.998407959938
64387,0.991142272949
64388,0.998606979847
64389,0.99644446373
64390,0.982746303082
64391,0.992712318897
64392,0.900950551033
64393,0.998606979847
64394,0.995467782021
64395,0.998606979847
64396,0.99820047617
64397,0.998364388943
64398,0.986313223839
64399,0.998079001904
64400,0.997988402843
64401,0.998220264912
64402,0.99263459444
64403,0.998606979847
64404,0.998606979847
64405,0.993826210499
64406,0.997251152992
64407,0.990965366364
64408,0.981448352337
64409,0.997621715069
64410,0.997828781605
64411,0.980385601521
64412,0.964777767658
64413,0.998606979847
64414,0.991694569588
64415,0.994803130627
64416,0.998364388943
64417,0.998145222664
64418,0.997745871544
64419,0.998606979847
64420,0.991036295891
64421,0.99263459444
64422,0.993689358234
64423,0.998364388943
64424,0.996603786945
64425,0.996528804302
64426,0.997574031353
64427,0.998260438442
64428,0.997571706772
64429,0.993736326694
64430,0.998606979847
64431,0.99644446373
64432,0.997783958912
64433,0.998406648636
64434,0.991140246391
64435,0.993019402027
64436,0.998606979847
64437,0.99848139286
64438,0.99120259285
64439,0.998022079468
64440,0.998606979847
64441,0.996586322784
64442,0.993686556816
64443,0.964130759239
64444,0.99848139286
64445,0.998606979847
64446,0.99848139286
64447,0.997262656689
64448,0.99848139286
64449,0.997190058231
64450,0.998606979847
64451,0.996140956879
64452,0.989473700523
64453,0.995490729809
64454,0.992755174637
64455,0.998227238655
64456,0.987667500973
64457,0.99584710598
64458,0.993164479733
64459,0.998406648636
64460,0.994028806686
64461,0.99848139286
64462,0.994841814041
64463,0.99848139286
64464,0.998606979847
64465,0.998606979847
64466,0.99848139286
64467,0.998606979847
64468,0.993478834629
64469,0.998606979847
64470,0.998045504093
64471,0.99848139286
64472,0.995508730412
64473,0.997783958912
64474,0.995394945145
64475,0.998153328896
64476,0.998606979847
64477,0.99848139286
64478,0.992288827896
64479,0.992947757244
64480,0.957167685032
64481,0.992657363415
64482,0.995143890381
64483,0.989357888699
64484,0.995075404644
64485,0.99263459444
64486,0.990604281425
64487,0.998606979847
64488,0.992719531059
64489,0.99540412426
64490,0.992971420288
64491,0.995878458023
64492,0.998153328896
64493,0.987322866917
64494,0.997828781605
64495,0.993914306164
64496,0.996586322784
64497,0.995585262775
64498,0.997976005077
64499,0.99848139286
64500,0.997679948807
64501,0.997114419937
64502,0.990126252174
64503,0.989398181438
64504,0.982070505619
64505,0.99848139286
64506,0.998606979847
64507,0.99594938755
64508,0.998606979847
64509,0.995774447918
64510,0.995678424835
64511,0.944669485092
64512,0.998606979847
64513,0.987089455128
64514,0.998276054859
64515,0.997828781605
64516,0.998407959938
64517,0.981448352337
64518,0.998606979847
64519,0.902909755707
64520,0.998129248619
64521,0.998155415058
64522,0.998031020164
64523,0.983562648296
64524,0.984882235527
64525,0.994701504707
64526,0.997888922691
64527,0.998606979847
64528,0.99848139286
64529,0.989633858204
64530,0.961167037487
64531,0.998364388943
64532,0.965298056602
64533,0.998606979847
64534,0.994376420975
64535,0.993826210499
64536,0.992829561234
64537,0.998606979847
64538,0.982201576233
64539,0.998200654984
64540,0.994463682175
64541,0.99838078022
64542,0.986300587654
64543,0.998220264912
64544,0.995125234127
64545,0.99728757143
64546,0.997828781605
64547,0.998606979847
64548,0.997783958912
64549,0.99848139286
64550,0.99359691143
64551,0.991272866726
64552,0.998606979847
64553,0.995117902756
64554,0.998172521591
64555,0.995186090469
64556,0.993467569351
64557,0.926845252514
64558,0.996795237064
64559,0.990943312645
64560,0.998606979847
64561,0.998606979847
64562,0.998153328896
64563,0.990551590919
64564,0.995924770832
64565,0.997953295708
64566,0.998606979847
64567,0.997778236866
64568,0.991817116737
64569,0.998606979847
64570,0.998406648636
64571,0.992549002171
64572,0.99793946743
64573,0.97563803196
64574,0.99271351099
64575,0.992770791054
64576,0.997574031353
64577,0.998178064823
64578,0.971789896488
64579,0.998606979847
64580,0.989771842957
64581,0.991576969624
64582,0.998145222664
64583,0.996698200703
64584,0.998309850693
64585,0.998200654984
64586,0.998113453388
64587,0.982039153576
64588,0.995897114277
64589,0.997783958912
64590,0.998606979847
64591,0.99793946743
64592,0.998406648636
64593,0.998260438442
64594,0.996842384338
64595,0.995874881744
64596,0.997433483601
64597,0.99848139286
64598,0.998483419418
64599,0.99527746439
64600,0.998227238655
64601,0.991934776306
64602,0.992409706116
64603,0.998022854328
64604,0.99848139286
64605,0.998153328896
64606,0.998428761959
64607,0.997881770134
64608,0.993255794048
64609,0.995278120041
64610,0.990869939327
64611,0.997889041901
64612,0.992657363415
64613,0.992595016956
64614,0.997272670269
64615,0.996201694012
64616,0.96152305603
64617,0.998200654984
64618,0.995153963566
64619,0.997291088104
64620,0.998606979847
64621,0.996586322784
64622,0.998145222664
64623,0.989434182644
64624,0.998260438442
64625,0.998606979847
64626,0.998606979847
64627,0.99848139286
64628,0.994436562061
64629,0.994468808174
64630,0.9909953475
64631,0.99838078022
64632,0.998606979847
64633,0.991787135601
64634,0.986513197422
64635,0.998406648636
64636,0.998101830482
64637,0.99210113287
64638,0.997988402843
64639,0.992075681686
64640,0.990958929062
64641,0.997977256775
64642,0.998064756393
64643,0.993048906326
64644,0.997636258602
64645,0.998606979847
64646,0.997866868973
64647,0.995117902756
64648,0.998220264912
64649,0.972912192345
64650,0.996411442757
64651,0.962050378323
64652,0.993826210499
64653,0.998606979847
64654,0.998606979847
64655,0.98807156086
64656,0.996603786945
64657,0.995774447918
64658,0.998606979847
64659,0.998606979847
64660,0.992277145386
64661,0.975290119648
64662,0.988308310509
64663,0.998302519321
64664,0.992393434048
64665,0.931636214256
64666,0.99848139286
64667,0.998407959938
64668,0.998606979847
64669,0.990278244019
64670,0.991272270679
64671,0.993240177631
64672,0.994908452034
64673,0.996573030949
64674,0.991762518883
64675,0.991171240807
64676,0.99100202322
64677,0.99793946743
64678,0.998606979847
64679,0.998184978962
64680,0.994621634483
64681,0.998606979847
64682,0.998606979847
64683,0.96834218502
64684,0.998064756393
64685,0.998606979847
64686,0.965048849583
64687,0.995757579803
64688,0.9909953475
64689,0.998606979847
64690,0.994841814041
64691,0.993480682373
64692,0.998606979847
64693,0.998220264912
64694,0.997222304344
64695,0.998155415058
64696,0.99838078022
64697,0.988529503345
64698,0.998483419418
64699,0.990604460239
64700,0.988087058067
64701,0.998483419418
64702,0.99628162384
64703,0.991327881813
64704,0.998153328896
64705,0.997988402843
64706,0.997953295708
64707,0.965081632137
64708,0.943589806557
64709,0.996975183487
64710,0.997926175594
64711,0.988258063793
64712,0.998606979847
64713,0.992193579674
64714,0.840018868446
64715,0.990705966949
64716,0.991583406925
64717,0.998606979847
64718,0.998606979847
64719,0.989461660385
64720,0.996353328228
64721,0.995879232883
64722,0.991266787052
64723,0.995668113232
64724,0.984230160713
64725,0.923037528992
64726,0.99594938755
64727,0.998606979847
64728,0.992525339127
64729,0.99359691143
64730,0.998606979847
64731,0.983623087406
64732,0.99793946743
64733,0.998606979847
64734,0.998606979847
64735,0.998606979847
64736,0.998153328896
64737,0.998273909092
64738,0.99507856369
64739,0.998606979847
64740,0.998606979847
64741,0.996586322784
64742,0.998260438442
64743,0.996027112007
64744,0.99261456728
64745,0.998606979847
64746,0.998190522194
64747,0.99848139286
64748,0.942426800728
64749,0.99848139286
64750,0.99848139286
64751,0.981203734875
64752,0.998407959938
64753,0.993962287903
64754,0.934476673603
64755,0.998407959938
64756,0.99848139286
64757,0.996309936047
64758,0.998406648636
64759,0.997600913048
64760,0.998483419418
64761,0.93722140789
64762,0.993040800095
64763,0.946126997471
64764,0.996847510338
64765,0.993945300579
64766,0.998606979847
64767,0.995751619339
64768,0.991301476955
64769,0.998606979847
64770,0.99848139286
64771,0.929271221161
64772,0.993048906326
64773,0.99439316988
64774,0.991926014423
64775,0.982262134552
64776,0.998407959938
64777,0.998606979847
64778,0.998153328896
64779,0.987842917442
64780,0.998081326485
64781,0.975182712078
64782,0.997037529945
64783,0.998276054859
64784,0.998606979847
64785,0.987550258636
64786,0.993955254555
64787,0.998407959938
64788,0.979599714279
64789,0.998606979847
64790,0.952925503254
64791,0.998606979847
64792,0.997642576694
64793,0.991340696812
64794,0.995401382446
64795,0.998260438442
64796,0.998606979847
64797,0.998406648636
64798,0.99458527565
64799,0.997900903225
64800,0.998606979847
64801,0.998606979847
64802,0.998606979847
64803,0.99820047617
64804,0.998302519321
64805,0.998606979847
64806,0.997910499573
64807,0.994135975838
64808,0.998407959938
64809,0.994916439056
64810,0.917841374874
64811,0.99204403162
64812,0.99838078022
64813,0.998145222664
64814,0.996842384338
64815,0.997889041901
64816,0.998368620872
64817,0.995215773582
64818,0.982167601585
64819,0.982149660587
64820,0.993095159531
64821,0.99848139286
64822,0.99820047617
64823,0.991005063057
64824,0.99848139286
64825,0.979297697544
64826,0.998606979847
64827,0.992508590221
64828,0.997464060783
64829,0.993826210499
64830,0.998606979847
64831,0.994554698467
64832,0.992243826389
64833,0.975580990314
64834,0.990880608559
64835,0.998606979847
64836,0.997900903225
64837,0.991422832012
64838,0.995401382446
64839,0.997258484364
64840,0.998302519321
64841,0.992425143719
64842,0.994061410427
64843,0.998606979847
64844,0.997889041901
64845,0.899716258049
64846,0.997271239758
64847,0.992288827896
64848,0.998406648636
64849,0.998606979847
64850,0.995464742184
64851,0.993074417114
64852,0.992829561234
64853,0.998606979847
64854,0.992389976978
64855,0.99838078022
64856,0.994841814041
64857,0.770675897598
64858,0.997574031353
64859,0.989770114422
64860,0.998606979847
64861,0.99848139286
64862,0.998606979847
64863,0.998606979847
64864,0.989103555679
64865,0.997954130173
64866,0.998606979847
64867,0.99644446373
64868,0.996904432774
64869,0.735532939434
64870,0.998606979847
64871,0.998606979847
64872,0.957672536373
64873,0.997850000858
64874,0.998302519321
64875,0.99838078022
64876,0.998047590256
64877,0.990448892117
64878,0.998606979847
64879,0.997783958912
64880,0.989137291908
64881,0.99848139286
64882,0.998407959938
64883,0.998155415058
64884,0.958857059479
64885,0.991779208183
64886,0.995936155319
64887,0.966306865215
64888,0.994438052177
64889,0.996607661247
64890,0.997988402843
64891,0.997889041901
64892,0.993690252304
64893,0.942293584347
64894,0.998428761959
64895,0.997575700283
64896,0.977690696716
64897,0.968432426453
64898,0.99848139286
64899,0.995779871941
64900,0.998227238655
64901,0.997700989246
64902,0.998606979847
64903,0.994402945042
64904,0.998064756393
64905,0.998129248619
64906,0.998606979847
64907,0.995849609375
64908,0.998606979847
64909,0.978067338467
64910,0.982958436012
64911,0.993048906326
64912,0.998276054859
64913,0.997900903225
64914,0.99848139286
64915,0.998606979847
64916,0.998606979847
64917,0.987032532692
64918,0.991787135601
64919,0.998606979847
64920,0.997486829758
64921,0.99820047617
64922,0.998302519321
64923,0.992687880993
64924,0.997713565826
64925,0.998406648636
64926,0.998407959938
64927,0.964331805706
64928,0.998483419418
64929,0.996438026428
64930,0.972318053246
64931,0.848440051079
64932,0.998368620872
64933,0.983932495117
64934,0.989927530289
64935,0.99848139286
64936,0.994805753231
64937,0.891325235367
64938,0.998606979847
64939,0.998606979847
64940,0.995883405209
64941,0.998352825642
64942,0.992829561234
64943,0.99848139286
64944,0.994989395142
64945,0.995990753174
64946,0.99415397644
64947,0.989592850208
64948,0.996009171009
64949,0.998406648636
64950,0.997900903225
64951,0.99848139286
64952,0.998483419418
64953,0.997852921486
64954,0.998606979847
64955,0.997783958912
64956,0.99829441309
64957,0.998302519321
64958,0.99820047617
64959,0.99793946743
64960,0.998606979847
64961,0.998407959938
64962,0.998428761959
64963,0.998606979847
64964,0.951428711414
64965,0.993263065815
64966,0.998606979847
64967,0.9713960886
64968,0.997464060783
64969,0.99848139286
64970,0.992933571339
64971,0.969837069511
64972,0.992947757244
64973,0.996573746204
64974,0.998606979847
64975,0.99848139286
64976,0.998200654984
64977,0.985054373741
64978,0.998606979847
64979,0.996842384338
64980,0.998153328896
64981,0.99838078022
64982,0.97817158699
64983,0.994462072849
64984,0.962107658386
64985,0.994542181492
64986,0.992553949356
64987,0.990129888058
64988,0.998606979847
64989,0.998606979847
64990,0.989409804344
64991,0.997889041901
64992,0.998483419418
64993,0.980292260647
64994,0.995117902756
64995,0.998606979847
64996,0.99848139286
64997,0.998606979847
64998,0.998606979847
64999,0.997658252716
65000,0.997244119644
65001,0.998606979847
65002,0.99838078022
65003,0.981430888176
65004,0.998606979847
65005,0.998606979847
65006,0.997558534145
65007,0.99848139286
65008,0.995801389217
65009,0.982859790325
65010,0.99793946743
65011,0.998606979847
65012,0.997486829758
65013,0.992384076118
65014,0.996586322784
65015,0.998606979847
65016,0.961237728596
65017,0.99838078022
65018,0.997828781605
65019,0.998606979847
65020,0.99076706171
65021,0.979165375233
65022,0.998200654984
65023,0.99838078022
65024,0.992947757244
65025,0.997717440128
65026,0.998102426529
65027,0.998606979847
65028,0.99848139286
65029,0.99848139286
65030,0.995084881783
65031,0.995879232883
65032,0.998606979847
65033,0.989872574806
65034,0.998606979847
65035,0.99323707819
65036,0.996603786945
65037,0.975465774536
65038,0.993906497955
65039,0.990893602371
65040,0.997703015804
65041,0.988617479801
65042,0.997464060783
65043,0.99838078022
65044,0.998260438442
65045,0.998606979847
65046,0.99838078022
65047,0.99848139286
65048,0.998219430447
65049,0.991912841797
65050,0.995609223843
65051,0.996353328228
65052,0.998606979847
65053,0.939378798008
65054,0.998090028763
65055,0.998153328896
65056,0.97237598896
65057,0.998406648636
65058,0.996353328228
65059,0.993826210499
65060,0.997121989727
65061,0.987457513809
65062,0.916897535324
65063,0.998606979847
65064,0.998102426529
65065,0.931386590004
65066,0.998483419418
65067,0.998606979847
65068,0.997828781605
65069,0.992296934128
65070,0.998606979847
65071,0.990337014198
65072,0.998483419418
65073,0.99481344223
65074,0.996027112007
65075,0.998606979847
65076,0.99848139286
65077,0.995235025883
65078,0.998368620872
65079,0.962518930435
65080,0.998606979847
65081,0.99838078022
65082,0.998013615608
65083,0.998407959938
65084,0.998606979847
65085,0.998606979847
65086,0.995393335819
65087,0.985952675343
65088,0.99761903286
65089,0.99848139286
65090,0.997855246067
65091,0.998013615608
65092,0.998406648636
65093,0.991972327232
65094,0.998606979847
65095,0.998606979847
65096,0.991799712181
65097,0.991033136845
65098,0.998606979847
65099,0.98314499855
65100,0.998606979847
65101,0.991710305214
65102,0.997580945492
65103,0.998028457165
65104,0.992244899273
65105,0.989893317223
65106,0.998200654984
65107,0.997879803181
65108,0.997243046761
65109,0.998153328896
65110,0.998606979847
65111,0.998606979847
65112,0.997464060783
65113,0.99793946743
65114,0.996353328228
65115,0.998276054859
65116,0.998606979847
65117,0.991327881813
65118,0.998606979847
65119,0.936602592468
65120,0.998606979847
65121,0.998407959938
65122,0.939155399799
65123,0.99848139286
65124,0.990018904209
65125,0.992767930031
65126,0.998606979847
65127,0.992884814739
65128,0.99359691143
65129,0.99793946743
65130,0.996201694012
65131,0.998606979847
65132,0.994034290314
65133,0.986199915409
65134,0.996027112007
65135,0.992145001888
65136,0.99793946743
65137,0.99400395155
65138,0.997900903225
65139,0.978155553341
65140,0.994518518448
65141,0.997900903225
65142,0.99838078022
65143,0.99838078022
65144,0.998276054859
65145,0.997937142849
65146,0.998606979847
65147,0.998606979847
65148,0.998606979847
65149,0.99633949995
65150,0.998302519321
65151,0.997196435928
65152,0.997850000858
65153,0.998606979847
65154,0.998606979847
65155,0.995464742184
65156,0.99848139286
65157,0.998407959938
65158,0.998220264912
65159,0.998102426529
65160,0.997961580753
65161,0.998606979847
65162,0.99848139286
65163,0.963890910149
65164,0.998606979847
65165,0.99263459444
65166,0.997685015202
65167,0.99848139286
65168,0.998606979847
65169,0.957807838917
65170,0.998302519321
65171,0.998406648636
65172,0.99848139286
65173,0.998200654984
65174,0.998406648636
65175,0.998606979847
65176,0.998181462288
65177,0.99838078022
65178,0.998606979847
65179,0.995183110237
65180,0.994627535343
65181,0.99394339323
65182,0.99263459444
65183,0.988136768341
65184,0.973179638386
65185,0.997508645058
65186,0.998407959938
65187,0.998606979847
65188,0.991347789764
65189,0.990580916405
65190,0.997900903225
65191,0.998200654984
65192,0.959607124329
65193,0.992624163628
65194,0.992596030235
65195,0.998260438442
65196,0.992883503437
65197,0.996033132076
65198,0.982938289642
65199,0.993703067303
65200,0.993137836456
65201,0.995318233967
65202,0.998606979847
65203,0.998200654984
65204,0.99263459444
65205,0.996411442757
65206,0.997828781605
65207,0.99848139286
65208,0.960502266884
65209,0.996116995811
65210,0.99804186821
65211,0.994966566563
65212,0.998200654984
65213,0.998406648636
65214,0.99325889349
65215,0.998606979847
65216,0.997508645058
65217,0.998266220093
65218,0.998606979847
65219,0.99848139286
65220,0.998407959938
65221,0.998606979847
65222,0.997816681862
65223,0.991347789764
65224,0.985387146473
65225,0.960335254669
65226,0.998606979847
65227,0.998606979847
65228,0.991161644459
65229,0.998102426529
65230,0.99253475666
65231,0.998428761959
65232,0.995849609375
65233,0.996842384338
65234,0.99848139286
65235,0.998407959938
65236,0.998606979847
65237,0.984944880009
65238,0.976450443268
65239,0.998606979847
65240,0.996612906456
65241,0.998606979847
65242,0.998606979847
65243,0.99848139286
65244,0.998606979847
65245,0.99838078022
65246,0.997599542141
65247,0.986313223839
65248,0.99263459444
65249,0.99829441309
65250,0.997806429863
65251,0.99848139286
65252,0.998406648636
65253,0.998606979847
65254,0.998606979847
65255,0.980246424675
65256,0.998153328896
65257,0.997580945492
65258,0.993695139885
65259,0.990665793419
65260,0.991143465042
65261,0.998167812824
65262,0.990171551704
65263,0.994241952896
65264,0.998022079468
65265,0.998606979847
65266,0.994841814041
65267,0.998606979847
65268,0.995325446129
65269,0.99820047617
65270,0.998406648636
65271,0.989259958267
65272,0.996842384338
65273,0.990340471268
65274,0.998220264912
65275,0.998013615608
65276,0.995997309685
65277,0.948325574398
65278,0.975029110909
65279,0.998606979847
65280,0.998200654984
65281,0.997464060783
65282,0.973890304565
65283,0.970953524113
65284,0.998276054859
65285,0.995439469814
65286,0.997571706772
65287,0.998606979847
65288,0.943762362003
65289,0.992240428925
65290,0.958119690418
65291,0.989212453365
65292,0.986288368702
65293,0.997243046761
65294,0.99848139286
65295,0.998181462288
65296,0.996028125286
65297,0.997815132141
65298,0.992829561234
65299,0.998606979847
65300,0.998606979847
65301,0.998606979847
65302,0.992152631283
65303,0.998483419418
65304,0.997621715069
65305,0.998302519321
65306,0.997988402843
65307,0.991670906544
65308,0.998606979847
65309,0.99829441309
65310,0.982548475266
65311,0.993826210499
65312,0.989592850208
65313,0.99848139286
65314,0.994299650192
65315,0.998606979847
65316,0.997977256775
65317,0.996034264565
65318,0.993337392807
65319,0.997879803181
65320,0.998606979847
65321,0.987086832523
65322,0.952122271061
65323,0.992870509624
65324,0.991476595402
65325,0.99820047617
65326,0.990606427193
65327,0.994243264198
65328,0.997172415257
65329,0.998606979847
65330,0.973753988743
65331,0.984552383423
65332,0.997685015202
65333,0.998606979847
65334,0.998606979847
65335,0.997593820095
65336,0.992947757244
65337,0.985536754131
65338,0.994592428207
65339,0.998064756393
65340,0.993826210499
65341,0.998606979847
65342,0.998606979847
65343,0.998200654984
65344,0.998606979847
65345,0.998406648636
65346,0.998606979847
65347,0.998606979847
65348,0.998606979847
65349,0.998081326485
65350,0.983991861343
65351,0.998606979847
65352,0.997580945492
65353,0.996842384338
65354,0.998407959938
65355,0.996027112007
65356,0.993553578854
65357,0.99217581749
65358,0.987085819244
65359,0.998483419418
65360,0.998406648636
65361,0.955895781517
65362,0.998606979847
65363,0.982622206211
65364,0.991667509079
65365,0.994841814041
65366,0.998153328896
65367,0.99848139286
65368,0.991800963879
65369,0.998606979847
65370,0.996842384338
65371,0.996795237064
65372,0.998606979847
65373,0.993688821793
65374,0.981968462467
65375,0.998153328896
65376,0.97014093399
65377,0.998606979847
65378,0.993603289127
65379,0.994255423546
65380,0.998013615608
65381,0.990705966949
65382,0.997828781605
65383,0.993620932102
65384,0.998606979847
65385,0.992160916328
65386,0.991182327271
65387,0.994841814041
65388,0.938033938408
65389,0.996411442757
65390,0.998407959938
65391,0.991667091846
65392,0.979238510132
65393,0.998606979847
65394,0.953309416771
65395,0.99848139286
65396,0.998276054859
65397,0.989848852158
65398,0.994519114494
65399,0.993826210499
65400,0.993805885315
65401,0.99613493681
65402,0.994481861591
65403,0.992657363415
65404,0.998606979847
65405,0.998153328896
65406,0.988367080688
65407,0.980762481689
65408,0.99838078022
65409,0.99848139286
65410,0.996181607246
65411,0.998606979847
65412,0.997717618942
65413,0.993763446808
65414,0.997642576694
65415,0.998606979847
65416,0.998606979847
65417,0.998606979847
65418,0.950272679329
65419,0.99848139286
65420,0.996027112007
65421,0.98510992527
65422,0.98749512434
65423,0.961906731129
65424,0.998606979847
65425,0.99848139286
65426,0.988240003586
65427,0.707014739513
65428,0.998606979847
65429,0.979256510735
65430,0.998606979847
65431,0.996784746647
65432,0.998606979847
65433,0.99254989624
65434,0.998276054859
65435,0.996353328228
65436,0.997879803181
65437,0.981336891651
65438,0.938678562641
65439,0.99259531498
65440,0.998606979847
65441,0.998220264912
65442,0.934039533138
65443,0.972832977772
65444,0.994480848312
65445,0.998145222664
65446,0.99752175808
65447,0.998094499111
65448,0.996997117996
65449,0.993034183979
65450,0.998606979847
65451,0.988411426544
65452,0.99848139286
65453,0.99793946743
65454,0.99848139286
65455,0.992947757244
65456,0.996411442757
65457,0.998184978962
65458,0.99848139286
65459,0.998606979847
65460,0.997367501259
65461,0.985913336277
65462,0.998606979847
65463,0.99848139286
65464,0.996027112007
65465,0.99829441309
65466,0.998200654984
65467,0.998606979847
65468,0.998324692249
65469,0.993276536465
65470,0.993688821793
65471,0.943737566471
65472,0.960155665874
65473,0.99644446373
65474,0.998181462288
65475,0.99848139286
65476,0.98886346817
65477,0.994840085506
65478,0.998606979847
65479,0.997204363346
65480,0.998407959938
65481,0.998200654984
65482,0.998606979847
65483,0.998483419418
65484,0.992617964745
65485,0.990871369839
65486,0.996842384338
65487,0.998022079468
65488,0.99587225914
65489,0.992971420288
65490,0.998368620872
65491,0.997474551201
65492,0.998606979847
65493,0.980983138084
65494,0.993845880032
65495,0.985918045044
65496,0.986033797264
65497,0.997828781605
65498,0.991667091846
65499,0.998407959938
65500,0.998606979847
65501,0.998606979847
65502,0.993212997913
65503,0.998606979847
65504,0.994627535343
65505,0.993551790714
65506,0.998606979847
65507,0.993811905384
65508,0.998606979847
65509,0.993665218353
65510,0.992947757244
65511,0.993952155113
65512,0.99838078022
65513,0.985879421234
65514,0.997968196869
65515,0.998309850693
65516,0.998606979847
65517,0.991818010807
65518,0.998606979847
65519,0.962956666946
65520,0.997900903225
65521,0.998368620872
65522,0.993375957012
65523,0.997900903225
65524,0.99820047617
65525,0.998606979847
65526,0.997430801392
65527,0.99848139286
65528,0.994841814041
65529,0.998407959938
65530,0.998606979847
65531,0.992947757244
65532,0.998606979847
65533,0.997621715069
65534,0.997679948807
65535,0.99848139286
65536,0.998406648636
65537,0.998606979847
65538,0.99848139286
65539,0.998406648636
65540,0.992817759514
65541,0.99829441309
65542,0.998606979847
65543,0.991879403591
65544,0.998606979847
65545,0.998606979847
65546,0.99829441309
65547,0.995883405209
65548,0.979802429676
65549,0.996140956879
65550,0.998406648636
65551,0.991762518883
65552,0.998606979847
65553,0.998606979847
65554,0.994040966034
65555,0.997464060783
65556,0.967081606388
65557,0.992769837379
65558,0.998606979847
65559,0.997889041901
65560,0.998220264912
65561,0.998428761959
65562,0.998200654984
65563,0.970765531063
65564,0.998276054859
65565,0.983423888683
65566,0.99635130167
65567,0.953284144402
65568,0.998220264912
65569,0.996603786945
65570,0.998606979847
65571,0.994841814041
65572,0.950678050518
65573,0.997713565826
65574,0.998406648636
65575,0.998364388943
65576,0.992740154266
65577,0.995924770832
65578,0.993375957012
65579,0.997473359108
65580,0.998406648636
65581,0.99848139286
65582,0.99848139286
65583,0.995997309685
65584,0.996603786945
65585,0.996411442757
65586,0.867598295212
65587,0.998276054859
65588,0.994462072849
65589,0.998606979847
65590,0.99848139286
65591,0.993451237679
65592,0.996411442757
65593,0.998483419418
65594,0.994904756546
65595,0.979354023933
65596,0.994217097759
65597,0.998606979847
65598,0.998276054859
65599,0.981542825699
65600,0.99838078022
65601,0.993285596371
65602,0.998079001904
65603,0.989842951298
65604,0.998172521591
65605,0.993826210499
65606,0.99848139286
65607,0.978605806828
65608,0.998079001904
65609,0.998155415058
65610,0.998483419418
65611,0.998406648636
65612,0.993331491947
65613,0.996353328228
65614,0.998406648636
65615,0.997783958912
65616,0.990257620811
65617,0.994940757751
65618,0.99848139286
65619,0.99848139286
65620,0.99644446373
65621,0.998216986656
65622,0.998606979847
65623,0.998606979847
65624,0.998293995857
65625,0.993551790714
65626,0.987063109875
65627,0.998606979847
65628,0.99848139286
65629,0.996027112007
65630,0.992763221264
65631,0.990479052067
65632,0.995464742184
65633,0.989872574806
65634,0.99259531498
65635,0.99848139286
65636,0.998184978962
65637,0.998606979847
65638,0.992021083832
65639,0.996842384338
65640,0.997828781605
65641,0.998406648636
65642,0.99079144001
65643,0.995325446129
65644,0.997222304344
65645,0.998606979847
65646,0.99848139286
65647,0.998606979847
65648,0.995843172073
65649,0.997700989246
65650,0.961463689804
65651,0.99820047617
65652,0.950557112694
65653,0.998241424561
65654,0.998606979847
65655,0.998606979847
65656,0.998200654984
65657,0.998606979847
65658,0.99848139286
65659,0.996323168278
65660,0.997580945492
65661,0.992244899273
65662,0.959385156631
65663,0.998406648636
65664,0.998606979847
65665,0.998364388943
65666,0.992716789246
65667,0.856451332569
65668,0.997866868973
65669,0.998005568981
65670,0.992130577564
65671,0.976707100868
65672,0.991448760033
65673,0.986766755581
65674,0.998407959938
65675,0.99838078022
65676,0.99829441309
65677,0.99580514431
65678,0.99848139286
65679,0.997783958912
65680,0.965408563614
65681,0.901774406433
65682,0.998606979847
65683,0.998606979847
65684,0.99838078022
65685,0.995479524136
65686,0.99848139286
65687,0.998606979847
65688,0.989053785801
65689,0.981765627861
65690,0.993826210499
65691,0.998260438442
65692,0.996411442757
65693,0.998407959938
65694,0.998606979847
65695,0.994187355042
65696,0.992787539959
65697,0.998178064823
65698,0.998081326485
65699,0.998200654984
65700,0.99838078022
65701,0.998606979847
65702,0.998606979847
65703,0.990514099598
65704,0.995924890041
65705,0.991956293583
65706,0.960400283337
65707,0.980546057224
65708,0.994058012962
65709,0.998606979847
65710,0.997855246067
65711,0.994088828564
65712,0.99263459444
65713,0.998407959938
65714,0.992331385612
65715,0.996842384338
65716,0.998606979847
65717,0.993826210499
65718,0.991586685181
65719,0.995189845562
65720,0.985605597496
65721,0.997599542141
65722,0.991519153118
65723,0.943941950798
65724,0.995514810085
65725,0.954400062561
65726,0.99804186821
65727,0.975804507732
65728,0.99848139286
65729,0.992947757244
65730,0.944023787975
65731,0.998606979847
65732,0.99613493681
65733,0.98664444685
65734,0.997818112373
65735,0.998606979847
65736,0.998606979847
65737,0.998054504395
65738,0.997900903225
65739,0.998260438442
65740,0.998483419418
65741,0.997568666935
65742,0.99793946743
65743,0.998606979847
65744,0.99820047617
65745,0.995879232883
65746,0.997498333454
65747,0.998022079468
65748,0.982954621315
65749,0.99838078022
65750,0.995897948742
65751,0.998428761959
65752,0.985789895058
65753,0.966143548489
65754,0.995025455952
65755,0.998406648636
65756,0.998406648636
65757,0.99838078022
65758,0.998406648636
65759,0.998606979847
65760,0.996027112007
65761,0.997309565544
65762,0.99848139286
65763,0.998606979847
65764,0.991783618927
65765,0.997481524944
65766,0.99820047617
65767,0.860090494156
65768,0.98901039362
65769,0.992520272732
65770,0.998407959938
65771,0.998200654984
65772,0.997951805592
65773,0.998606979847
65774,0.998220264912
65775,0.998606979847
65776,0.993351221085
65777,0.994974553585
65778,0.998094499111
65779,0.994841814041
65780,0.99848139286
65781,0.998081326485
65782,0.998260438442
65783,0.961928844452
65784,0.972351968288
65785,0.998606979847
65786,0.996603786945
65787,0.997464060783
65788,0.998606979847
65789,0.989973247051
65790,0.997744679451
65791,0.961648881435
65792,0.998606979847
65793,0.991329669952
65794,0.895660579205
65795,0.991882860661
65796,0.998406648636
65797,0.996842384338
65798,0.99394762516
65799,0.981567800045
65800,0.997679948807
65801,0.995782911777
65802,0.9954662323
65803,0.998606979847
65804,0.973974227905
65805,0.99838078022
65806,0.994841814041
65807,0.996411442757
65808,0.99240732193
65809,0.997642397881
65810,0.998606979847
65811,0.998047590256
65812,0.998606979847
65813,0.99793946743
65814,0.993124186993
65815,0.997953295708
65816,0.972905576229
65817,0.998606979847
65818,0.998606979847
65819,0.998606979847
65820,0.998364388943
65821,0.998606979847
65822,0.982966423035
65823,0.991972327232
65824,0.995206177235
65825,0.99848139286
65826,0.994758427143
65827,0.998606979847
65828,0.99263459444
65829,0.998606979847
65830,0.997900903225
65831,0.998606979847
65832,0.998606979847
65833,0.992489755154
65834,0.997901082039
65835,0.99838078022
65836,0.998031020164
65837,0.998606979847
65838,0.998606979847
65839,0.983657419682
65840,0.99793946743
65841,0.998606979847
65842,0.995654821396
65843,0.996842384338
65844,0.998606979847
65845,0.99403578043
65846,0.9909953475
65847,0.985645353794
65848,0.993051707745
65849,0.992713212967
65850,0.998606979847
65851,0.998606979847
65852,0.99829441309
65853,0.998276054859
65854,0.998606979847
65855,0.998220264912
65856,0.998606979847
65857,0.992740154266
65858,0.997889041901
65859,0.998407959938
65860,0.992355406284
65861,0.99848139286
65862,0.99838078022
65863,0.996603786945
65864,0.998324692249
65865,0.998606979847
65866,0.996390998363
65867,0.99793946743
65868,0.998606979847
65869,0.991310238838
65870,0.993722617626
65871,0.98426425457
65872,0.98221206665
65873,0.997900903225
65874,0.963254034519
65875,0.998483419418
65876,0.99259775877
65877,0.996146798134
65878,0.998028457165
65879,0.962422966957
65880,0.998220264912
65881,0.992635786533
65882,0.998606979847
65883,0.998013615608
65884,0.836388230324
65885,0.954618573189
65886,0.994841814041
65887,0.986370384693
65888,0.996842384338
65889,0.997788965702
65890,0.941128909588
65891,0.99435710907
65892,0.994718313217
65893,0.998145222664
65894,0.996604025364
65895,0.995249509811
65896,0.997866868973
65897,0.998102426529
65898,0.998606979847
65899,0.998276054859
65900,0.99561804533
65901,0.992404937744
65902,0.995265305042
65903,0.994239270687
65904,0.945505678654
65905,0.998406648636
65906,0.993048906326
65907,0.997745871544
65908,0.99506509304
65909,0.998606979847
65910,0.998606979847
65911,0.835294783115
65912,0.99848139286
65913,0.997788965702
65914,0.99820047617
65915,0.982985973358
65916,0.998606979847
65917,0.998200654984
65918,0.99848139286
65919,0.998606979847
65920,0.995765805244
65921,0.996158778667
65922,0.998200654984
65923,0.998606979847
65924,0.998606979847
65925,0.975170075893
65926,0.99554425478
65927,0.99848139286
65928,0.998406648636
65929,0.998606979847
65930,0.992331385612
65931,0.997828781605
65932,0.998606979847
65933,0.992933571339
65934,0.998406648636
65935,0.998606979847
65936,0.99838078022
65937,0.998606979847
65938,0.998606979847
65939,0.996158778667
65940,0.99848139286
65941,0.99848139286
65942,0.986313223839
65943,0.998260438442
65944,0.993158042431
65945,0.998606979847
65946,0.998483419418
65947,0.998200654984
65948,0.93994563818
65949,0.914346456528
65950,0.99263459444
65951,0.910165190697
65952,0.998013615608
65953,0.99848139286
65954,0.99848139286
65955,0.992727100849
65956,0.894776046276
65957,0.991956293583
65958,0.944848179817
65959,0.998102426529
65960,0.998483419418
65961,0.99848139286
65962,0.992899179459
65963,0.998428761959
65964,0.998606979847
65965,0.998606979847
65966,0.996573746204
65967,0.996842384338
65968,0.995867490768
65969,0.994686484337
65970,0.997597813606
65971,0.984879374504
65972,0.992245495319
65973,0.991490125656
65974,0.996795237064
65975,0.998181462288
65976,0.989087283611
65977,0.99848139286
65978,0.998606979847
65979,0.99838078022
65980,0.998606979847
65981,0.819525122643
65982,0.998606979847
65983,0.970515370369
65984,0.997676849365
65985,0.998606979847
65986,0.998606979847
65987,0.986175954342
65988,0.996034264565
65989,0.998184978962
65990,0.997473359108
65991,0.99263459444
65992,0.997804522514
65993,0.998606979847
65994,0.998407959938
65995,0.998276054859
65996,0.983117997646
65997,0.980197131634
65998,0.994841814041
65999,0.998368620872
66000,0.998013615608
66001,0.995571017265
66002,0.99848139286
66003,0.99793946743
66004,0.993178665638
66005,0.998368620872
66006,0.991347789764
66007,0.998606979847
66008,0.975124418736
66009,0.998606979847
66010,0.998606979847
66011,0.967597067356
66012,0.998407959938
66013,0.994087517262
66014,0.996842384338
66015,0.991385698318
66016,0.99829441309
66017,0.998606979847
66018,0.992829561234
66019,0.997831940651
66020,0.998113453388
66021,0.997373878956
66022,0.97801810503
66023,0.983384072781
66024,0.998606979847
66025,0.998407959938
66026,0.997396945953
66027,0.99263894558
66028,0.995351314545
66029,0.998260438442
66030,0.987535119057
66031,0.995143890381
66032,0.997446119785
66033,0.993551790714
66034,0.998606979847
66035,0.990652799606
66036,0.993130087852
66037,0.997900903225
66038,0.998368620872
66039,0.99848139286
66040,0.99838078022
66041,0.99793946743
66042,0.998406648636
66043,0.998606979847
66044,0.995845198631
66045,0.99848139286
66046,0.998606979847
66047,0.986732184887
66048,0.998407959938
66049,0.996339023113
66050,0.998606979847
66051,0.997170507908
66052,0.978222966194
66053,0.998606979847
66054,0.998047590256
66055,0.997520327568
66056,0.997170507908
66057,0.99793946743
66058,0.99848139286
66059,0.998606979847
66060,0.900837361813
66061,0.983854651451
66062,0.998606979847
66063,0.99848139286
66064,0.99848139286
66065,0.998606979847
66066,0.985801875591
66067,0.99848139286
66068,0.99848139286
66069,0.998606979847
66070,0.952119588852
66071,0.993551790714
66072,0.998606979847
66073,0.984460771084
66074,0.997486829758
66075,0.998606979847
66076,0.99793946743
66077,0.995464742184
66078,0.991913199425
66079,0.997988402843
66080,0.996186554432
66081,0.994812428951
66082,0.991782307625
66083,0.966948866844
66084,0.991932868958
66085,0.950141370296
66086,0.997446119785
66087,0.935860931873
66088,0.99801248312
66089,0.99848139286
66090,0.998606979847
66091,0.99848139286
66092,0.971372306347
66093,0.996411442757
66094,0.997508645058
66095,0.998094499111
66096,0.99185860157
66097,0.963647723198
66098,0.99838078022
66099,0.961176991463
66100,0.993229389191
66101,0.997745871544
66102,0.958795487881
66103,0.990786135197
66104,0.998606979847
66105,0.837145090103
66106,0.994073390961
66107,0.998407959938
66108,0.998606979847
66109,0.998276054859
66110,0.990207850933
66111,0.998483419418
66112,0.99793946743
66113,0.998013615608
66114,0.998606979847
66115,0.99848139286
66116,0.994554817677
66117,0.98142439127
66118,0.998606979847
66119,0.989705443382
66120,0.998276054859
66121,0.998606979847
66122,0.995265305042
66123,0.996586322784
66124,0.993964195251
66125,0.991347789764
66126,0.998606979847
66127,0.998606979847
66128,0.992172002792
66129,0.998153328896
66130,0.906483888626
66131,0.99838078022
66132,0.994481861591
66133,0.996603786945
66134,0.99848139286
66135,0.998606979847
66136,0.998606979847
66137,0.998013615608
66138,0.969530463219
66139,0.973087787628
66140,0.989872574806
66141,0.99076706171
66142,0.998302519321
66143,0.99263459444
66144,0.997967541218
66145,0.99848139286
66146,0.998606979847
66147,0.99848139286
66148,0.996390998363
66149,0.996353328228
66150,0.998606979847
66151,0.997745871544
66152,0.992225527763
66153,0.998606979847
66154,0.998028457165
66155,0.953028738499
66156,0.98991972208
66157,0.998102426529
66158,0.99793946743
66159,0.99263459444
66160,0.994745969772
66161,0.99259531498
66162,0.989283204079
66163,0.998606979847
66164,0.996146798134
66165,0.998606979847
66166,0.993623256683
66167,0.986450970173
66168,0.998606979847
66169,0.958618402481
66170,0.998606979847
66171,0.916296958923
66172,0.99793946743
66173,0.990265488625
66174,0.998606979847
66175,0.99232250452
66176,0.990042090416
66177,0.996975183487
66178,0.998606979847
66179,0.99793946743
66180,0.99838078022
66181,0.998406648636
66182,0.993807256222
66183,0.998606979847
66184,0.992650330067
66185,0.998606979847
66186,0.9831199646
66187,0.990711033344
66188,0.998606979847
66189,0.994847416878
66190,0.988095402718
66191,0.998606979847
66192,0.99829441309
66193,0.998606979847
66194,0.996583402157
66195,0.998606979847
66196,0.998483419418
66197,0.996411442757
66198,0.99848139286
66199,0.998606979847
66200,0.991934776306
66201,0.997960448265
66202,0.982420563698
66203,0.998606979847
66204,0.998606979847
66205,0.966005563736
66206,0.99263459444
66207,0.994200229645
66208,0.992821216583
66209,0.991667091846
66210,0.99848139286
66211,0.998606979847
66212,0.99848139286
66213,0.99102973938
66214,0.996842384338
66215,0.994841814041
66216,0.993178963661
66217,0.99263459444
66218,0.99848139286
66219,0.99848139286
66220,0.99848139286
66221,0.99793946743
66222,0.968172848225
66223,0.998145222664
66224,0.99793946743
66225,0.997866868973
66226,0.998606979847
66227,0.998220264912
66228,0.98810082674
66229,0.99820047617
66230,0.992829561234
66231,0.985850930214
66232,0.998606979847
66233,0.990172147751
66234,0.995518863201
66235,0.998181462288
66236,0.998102426529
66237,0.98049479723
66238,0.841997206211
66239,0.998606979847
66240,0.950458884239
66241,0.987022638321
66242,0.998606979847
66243,0.972864806652
66244,0.998606979847
66245,0.99848139286
66246,0.995088815689
66247,0.998235344887
66248,0.998606979847
66249,0.991605520248
66250,0.986970067024
66251,0.984724640846
66252,0.99838078022
66253,0.998606979847
66254,0.998163342476
66255,0.998368620872
66256,0.994849383831
66257,0.998260438442
66258,0.998368620872
66259,0.967759668827
66260,0.953368604183
66261,0.998276054859
66262,0.995472192764
66263,0.988044202328
66264,0.998606979847
66265,0.998606979847
66266,0.997614622116
66267,0.961005628109
66268,0.969641566277
66269,0.982150554657
66270,0.998606979847
66271,0.998406648636
66272,0.995757579803
66273,0.995472192764
66274,0.990071713924
66275,0.99848139286
66276,0.998483419418
66277,0.998407959938
66278,0.998606979847
66279,0.98133701086
66280,0.997464060783
66281,0.991911172867
66282,0.998200654984
66283,0.970710992813
66284,0.998483419418
66285,0.99848139286
66286,0.982635736465
66287,0.998368620872
66288,0.998606979847
66289,0.997749149799
66290,0.998606979847
66291,0.996001303196
66292,0.998054504395
66293,0.998606979847
66294,0.994976699352
66295,0.99793946743
66296,0.994300663471
66297,0.998606979847
66298,0.998200654984
66299,0.998606979847
66300,0.998606979847
66301,0.993130862713
66302,0.996603786945
66303,0.99793946743
66304,0.995208263397
66305,0.954343855381
66306,0.990189790726
66307,0.99793946743
66308,0.998406648636
66309,0.988262712955
66310,0.998606979847
66311,0.83822530508
66312,0.997828781605
66313,0.998406648636
66314,0.997951805592
66315,0.998606979847
66316,0.998606979847
66317,0.99554425478
66318,0.997621715069
66319,0.997243046761
66320,0.996547102928
66321,0.998227238655
66322,0.958251297474
66323,0.997988402843
66324,0.998606979847
66325,0.998079001904
66326,0.996027112007
66327,0.98212903738
66328,0.960701823235
66329,0.998364388943
66330,0.99644446373
66331,0.992787778378
66332,0.998606979847
66333,0.990414440632
66334,0.995226562023
66335,0.991005063057
66336,0.996842384338
66337,0.977029800415
66338,0.990024328232
66339,0.998606979847
66340,0.998606979847
66341,0.991245388985
66342,0.998606979847
66343,0.998406648636
66344,0.979541540146
66345,0.990397512913
66346,0.971361279488
66347,0.998220264912
66348,0.995516598225
66349,0.998368620872
66350,0.994120299816
66351,0.99838078022
66352,0.998276054859
66353,0.998606979847
66354,0.997818112373
66355,0.997745871544
66356,0.995068371296
66357,0.99820047617
66358,0.998606979847
66359,0.957561194897
66360,0.997828781605
66361,0.986288368702
66362,0.99793946743
66363,0.998606979847
66364,0.995879232883
66365,0.993917584419
66366,0.99848139286
66367,0.995357811451
66368,0.998606979847
66369,0.998276054859
66370,0.996603786945
66371,0.998145222664
66372,0.95616543293
66373,0.998606979847
66374,0.985301077366
66375,0.99635964632
66376,0.998606979847
66377,0.974810421467
66378,0.99838078022
66379,0.996140956879
66380,0.997508108616
66381,0.998260438442
66382,0.998606979847
66383,0.998606979847
66384,0.995456814766
66385,0.998260438442
66386,0.998428761959
66387,0.982510983944
66388,0.975644826889
66389,0.997783958912
66390,0.998235344887
66391,0.998153328896
66392,0.998606979847
66393,0.991931855679
66394,0.99848139286
66395,0.985879421234
66396,0.998606979847
66397,0.998606979847
66398,0.99848139286
66399,0.998606979847
66400,0.997878134251
66401,0.991227388382
66402,0.945419311523
66403,0.98698246479
66404,0.998364388943
66405,0.998606979847
66406,0.996612906456
66407,0.998606979847
66408,0.993255913258
66409,0.998606979847
66410,0.988902032375
66411,0.998406648636
66412,0.998483419418
66413,0.998606979847
66414,0.998606979847
66415,0.99848139286
66416,0.99848139286
66417,0.981357753277
66418,0.996411442757
66419,0.983293414116
66420,0.994103848934
66421,0.912896931171
66422,0.998606979847
66423,0.969923734665
66424,0.998483419418
66425,0.981830954552
66426,0.998324692249
66427,0.991152226925
66428,0.90973842144
66429,0.974266827106
66430,0.998200654984
66431,0.993009626865
66432,0.998606979847
66433,0.998145222664
66434,0.998606979847
66435,0.998606979847
66436,0.998606979847
66437,0.993826210499
66438,0.998606979847
66439,0.998153328896
66440,0.998606979847
66441,0.996603786945
66442,0.99593526125
66443,0.998081982136
66444,0.998273909092
66445,0.99848139286
66446,0.998406648636
66447,0.997530579567
66448,0.998483419418
66449,0.998483419418
66450,0.998606979847
66451,0.998606979847
66452,0.998606979847
66453,0.998606979847
66454,0.997575700283
66455,0.997472524643
66456,0.99848139286
66457,0.998428761959
66458,0.998260438442
66459,0.998276054859
66460,0.998483419418
66461,0.998606979847
66462,0.998260438442
66463,0.998153328896
66464,0.998483419418
66465,0.998606979847
66466,0.991025149822
66467,0.996353328228
66468,0.998606979847
66469,0.996146798134
66470,0.99263459444
66471,0.998606979847
66472,0.996034264565
66473,0.995092868805
66474,0.951968669891
66475,0.992921948433
66476,0.992314040661
66477,0.998606979847
66478,0.992288827896
66479,0.995556473732
66480,0.997783362865
66481,0.998483419418
66482,0.98522746563
66483,0.998606979847
66484,0.998606979847
66485,0.987929582596
66486,0.998606979847
66487,0.99793946743
66488,0.993603289127
66489,0.99194663763
66490,0.982362806797
66491,0.998606979847
66492,0.998606979847
66493,0.998606979847
66494,0.99693018198
66495,0.991891384125
66496,0.997592926025
66497,0.998428761959
66498,0.998181462288
66499,0.991150319576
66500,0.994326114655
66501,0.998606979847
66502,0.976971626282
66503,0.984703183174
66504,0.998606979847
66505,0.998606979847
66506,0.992614209652
66507,0.996466219425
66508,0.994701087475
66509,0.998606979847
66510,0.996698200703
66511,0.990081310272
66512,0.992829561234
66513,0.994300663471
66514,0.998606979847
66515,0.998606979847
66516,0.998606979847
66517,0.990422189236
66518,0.997745871544
66519,0.993430912495
66520,0.998606979847
66521,0.99848139286
66522,0.987536966801
66523,0.991150319576
66524,0.996146798134
66525,0.993178665638
66526,0.998079001904
66527,0.998406648636
66528,0.998606979847
66529,0.997180044651
66530,0.998606979847
66531,0.986155331135
66532,0.998606979847
66533,0.987377643585
66534,0.998260438442
66535,0.997027397156
66536,0.995908439159
66537,0.99782294035
66538,0.998606979847
66539,0.95666718483
66540,0.998606979847
66541,0.993048906326
66542,0.998606979847
66543,0.996573746204
66544,0.991633892059
66545,0.996586322784
66546,0.998606979847
66547,0.989130795002
66548,0.998606979847
66549,0.99848139286
66550,0.883269488811
66551,0.998102426529
66552,0.99793946743
66553,0.995394945145
66554,0.998606979847
66555,0.991670906544
66556,0.994028806686
66557,0.998606979847
66558,0.993293881416
66559,0.990399479866
66560,0.989091873169
66561,0.995812058449
66562,0.989021003246
66563,0.998407959938
66564,0.998153328896
66565,0.998606979847
66566,0.982358157635
66567,0.957492768764
66568,0.988489627838
66569,0.998606979847
66570,0.99394762516
66571,0.998309850693
66572,0.992021083832
66573,0.994805574417
66574,0.995518863201
66575,0.99488055706
66576,0.992829561234
66577,0.99838078022
66578,0.997121989727
66579,0.995883405209
66580,0.998606979847
66581,0.993326723576
66582,0.998483419418
66583,0.998200654984
66584,0.99838078022
66585,0.993551790714
66586,0.996842384338
66587,0.991864025593
66588,0.997855246067
66589,0.969228625298
66590,0.993722617626
66591,0.92107462883
66592,0.994989395142
66593,0.997675776482
66594,0.991583764553
66595,0.997364997864
66596,0.998406648636
66597,0.99848139286
66598,0.998407959938
66599,0.68771648407
66600,0.998606979847
66601,0.997615814209
66602,0.998273909092
66603,0.991505742073
66604,0.977144956589
66605,0.989420115948
66606,0.994370102882
66607,0.998483419418
66608,0.99359691143
66609,0.998055100441
66610,0.996842384338
66611,0.995177090168
66612,0.955013751984
66613,0.985592663288
66614,0.99848139286
66615,0.998606979847
66616,0.994321525097
66617,0.998606979847
66618,0.993354678154
66619,0.996842384338
66620,0.995858848095
66621,0.988404095173
66622,0.973374247551
66623,0.990978658199
66624,0.974443078041
66625,0.998606979847
66626,0.99848139286
66627,0.873565673828
66628,0.998406648636
66629,0.998606979847
66630,0.991182029247
66631,0.998013615608
66632,0.998031020164
66633,0.99793946743
66634,0.973686039448
66635,0.991143465042
66636,0.998266220093
66637,0.994262695312
66638,0.997196435928
66639,0.995568096638
66640,0.994758427143
66641,0.998407959938
66642,0.993603289127
66643,0.994000613689
66644,0.996603786945
66645,0.998407959938
66646,0.998606979847
66647,0.998200654984
66648,0.99838078022
66649,0.998606979847
66650,0.99848139286
66651,0.994451463223
66652,0.998031020164
66653,0.978032410145
66654,0.998606979847
66655,0.985755085945
66656,0.991488039494
66657,0.969374060631
66658,0.998606979847
66659,0.99271351099
66660,0.998368620872
66661,0.996674835682
66662,0.99793946743
66663,0.997121989727
66664,0.997778773308
66665,0.998606979847
66666,0.997558534145
66667,0.995853245258
66668,0.998276054859
66669,0.99848139286
66670,0.998606979847
66671,0.998260438442
66672,0.998368620872
66673,0.998606979847
66674,0.998407959938
66675,0.99838078022
66676,0.995571017265
66677,0.988465428352
66678,0.992389976978
66679,0.968801856041
66680,0.946369469166
66681,0.998184978962
66682,0.993603289127
66683,0.987919032574
66684,0.993826210499
66685,0.991671204567
66686,0.998606979847
66687,0.990467965603
66688,0.998276054859
66689,0.998606979847
66690,0.982561409473
66691,0.998153328896
66692,0.994650483131
66693,0.998606979847
66694,0.998483419418
66695,0.995822131634
66696,0.995422959328
66697,0.998081326485
66698,0.996027112007
66699,0.998368620872
66700,0.994859158993
66701,0.998047590256
66702,0.99848139286
66703,0.972086131573
66704,0.99848139286
66705,0.893950223923
66706,0.992890179157
66707,0.998606979847
66708,0.958036601543
66709,0.998606979847
66710,0.998606979847
66711,0.998606979847
66712,0.998606979847
66713,0.994867861271
66714,0.99848139286
66715,0.994462132454
66716,0.99848139286
66717,0.994187355042
66718,0.993352651596
66719,0.998606979847
66720,0.99848139286
66721,0.993641912937
66722,0.991849601269
66723,0.998606979847
66724,0.99848139286
66725,0.884165287018
66726,0.998606979847
66727,0.998293995857
66728,0.997788965702
66729,0.988877534866
66730,0.984012246132
66731,0.993272960186
66732,0.993826210499
66733,0.997828781605
66734,0.960226774216
66735,0.998606979847
66736,0.998606979847
66737,0.915119886398
66738,0.998606979847
66739,0.998406648636
66740,0.994710862637
66741,0.997475743294
66742,0.998406648636
66743,0.923922717571
66744,0.998606979847
66745,0.993239879608
66746,0.998606979847
66747,0.99413818121
66748,0.998406648636
66749,0.998406648636
66750,0.998155415058
66751,0.994758427143
66752,0.997828781605
66753,0.99490660429
66754,0.997900903225
66755,0.930118501186
66756,0.99848139286
66757,0.99793946743
66758,0.996875584126
66759,0.991680920124
66760,0.991972327232
66761,0.998606979847
66762,0.993807256222
66763,0.998606979847
66764,0.998606979847
66765,0.985801160336
66766,0.998606979847
66767,0.998606979847
66768,0.993826210499
66769,0.992614209652
66770,0.974175274372
66771,0.99838078022
66772,0.993688821793
66773,0.99263459444
66774,0.996353328228
66775,0.994620501995
66776,0.99644446373
66777,0.99848139286
66778,0.998606979847
66779,0.998324692249
66780,0.992305397987
66781,0.998606979847
66782,0.992047786713
66783,0.99793946743
66784,0.996073663235
66785,0.992400109768
66786,0.998606979847
66787,0.99145758152
66788,0.998606979847
66789,0.998483419418
66790,0.997855246067
66791,0.998606979847
66792,0.998606979847
66793,0.993722617626
66794,0.996603786945
66795,0.992423295975
66796,0.997866868973
66797,0.998606979847
66798,0.998606979847
66799,0.998606979847
66800,0.998606979847
66801,0.993722617626
66802,0.998606979847
66803,0.993069052696
66804,0.983654737473
66805,0.995186090469
66806,0.998012661934
66807,0.994286775589
66808,0.996904432774
66809,0.998406648636
66810,0.998606979847
66811,0.996073663235
66812,0.998606979847
66813,0.998031020164
66814,0.998260438442
66815,0.99848139286
66816,0.998227238655
66817,0.976182103157
66818,0.993404150009
66819,0.998324692249
66820,0.99848139286
66821,0.998606979847
66822,0.99838078022
66823,0.996586322784
66824,0.98889952898
66825,0.993826210499
66826,0.988229393959
66827,0.9962053895
66828,0.998084783554
66829,0.998181462288
66830,0.998606979847
66831,0.998606979847
66832,0.993477225304
66833,0.990780174732
66834,0.99838078022
66835,0.920864164829
66836,0.95402097702
66837,0.94014185667
66838,0.995226442814
66839,0.996842384338
66840,0.998260438442
66841,0.997903585434
66842,0.995459258556
66843,0.995717763901
66844,0.991266787052
66845,0.996904432774
66846,0.99793946743
66847,0.994989395142
66848,0.996411442757
66849,0.99793946743
66850,0.993603289127
66851,0.99793946743
66852,0.992193877697
66853,0.976062178612
66854,0.996842384338
66855,0.986433625221
66856,0.997464060783
66857,0.998606979847
66858,0.99793946743
66859,0.998606979847
66860,0.998606979847
66861,0.998276054859
66862,0.998606979847
66863,0.998606979847
66864,0.998606979847
66865,0.99263459444
66866,0.99793946743
66867,0.99263459444
66868,0.997713565826
66869,0.993981719017
66870,0.99838078022
66871,0.998406648636
66872,0.998606979847
66873,0.993135392666
66874,0.99838078022
66875,0.998606979847
66876,0.960940599442
66877,0.997334718704
66878,0.99848139286
66879,0.994462072849
66880,0.998606979847
66881,0.99838078022
66882,0.995540976524
66883,0.989447891712
66884,0.998606979847
66885,0.991143465042
66886,0.998606979847
66887,0.998483419418
66888,0.994184076786
66889,0.993722617626
66890,0.998606979847
66891,0.99848139286
66892,0.998220264912
66893,0.996551632881
66894,0.998483419418
66895,0.991945624352
66896,0.980667889118
66897,0.997525453568
66898,0.997850000858
66899,0.785296499729
66900,0.99259531498
66901,0.998606979847
66902,0.992947757244
66903,0.977881252766
66904,0.988455712795
66905,0.988594293594
66906,0.990753948689
66907,0.997815132141
66908,0.99793946743
66909,0.998606979847
66910,0.99500733614
66911,0.991784334183
66912,0.965509235859
66913,0.993036985397
66914,0.997485339642
66915,0.960156559944
66916,0.994299650192
66917,0.993682801723
66918,0.998606979847
66919,0.99285119772
66920,0.998606979847
66921,0.975472450256
66922,0.99820047617
66923,0.994758427143
66924,0.998406648636
66925,0.99633949995
66926,0.99838078022
66927,0.994987726212
66928,0.998260438442
66929,0.950415611267
66930,0.927917599678
66931,0.994651317596
66932,0.998407959938
66933,0.99793946743
66934,0.995447278023
66935,0.992947757244
66936,0.988630652428
66937,0.998606979847
66938,0.997621715069
66939,0.99359691143
66940,0.991111338139
66941,0.998606979847
66942,0.996586322784
66943,0.998260438442
66944,0.969220101833
66945,0.993826210499
66946,0.987560093403
66947,0.998606979847
66948,0.998606979847
66949,0.994875252247
66950,0.997900903225
66951,0.998406648636
66952,0.99343931675
66953,0.986875414848
66954,0.998606979847
66955,0.998606979847
66956,0.994930267334
66957,0.985484778881
66958,0.998606979847
66959,0.998428761959
66960,0.986052274704
66961,0.986064970493
66962,0.993695139885
66963,0.998606979847
66964,0.997889041901
66965,0.987106204033
66966,0.998606979847
66967,0.968151092529
66968,0.997473359108
66969,0.998606979847
66970,0.998606979847
66971,0.991864085197
66972,0.99829441309
66973,0.997953295708
66974,0.99793946743
66975,0.992829561234
66976,0.996146798134
66977,0.977410674095
66978,0.998606979847
66979,0.998606979847
66980,0.996493279934
66981,0.99838078022
66982,0.998606979847
66983,0.993285596371
66984,0.902867078781
66985,0.998483419418
66986,0.997828781605
66987,0.998606979847
66988,0.997889041901
66989,0.998606979847
66990,0.994409918785
66991,0.998606979847
66992,0.994690954685
66993,0.998606979847
66994,0.867210388184
66995,0.993897676468
66996,0.997301340103
66997,0.998081326485
66998,0.963654875755
66999,0.998606979847
67000,0.997370183468
67001,0.998606979847
67002,0.99838078022
67003,0.998483419418
67004,0.992829561234
67005,0.998606979847
67006,0.982870459557
67007,0.998406648636
67008,0.993686556816
67009,0.995372235775
67010,0.810303092003
67011,0.985221922398
67012,0.998407959938
67013,0.990612030029
67014,0.998606979847
67015,0.993542611599
67016,0.991672158241
67017,0.99695956707
67018,0.998606979847
67019,0.998606979847
67020,0.996698200703
67021,0.973763346672
67022,0.990425884724
67023,0.992060244083
67024,0.994117617607
67025,0.998606979847
67026,0.994902074337
67027,0.997828781605
67028,0.998005568981
67029,0.99792098999
67030,0.994617760181
67031,0.997889041901
67032,0.998260438442
67033,0.997621417046
67034,0.997783958912
67035,0.967478454113
67036,0.997533380985
67037,0.995733082294
67038,0.955885767937
67039,0.99793946743
67040,0.995782911777
67041,0.998606979847
67042,0.995472192764
67043,0.99848139286
67044,0.983568251133
67045,0.998606979847
67046,0.998220264912
67047,0.998406648636
67048,0.991917729378
67049,0.998606979847
67050,0.986507415771
67051,0.998406648636
67052,0.99506509304
67053,0.997745871544
67054,0.998606979847
67055,0.99838078022
67056,0.996146798134
67057,0.998606979847
67058,0.998406648636
67059,0.963424742222
67060,0.9929459095
67061,0.939814686775
67062,0.998606979847
67063,0.997472524643
67064,0.996411442757
67065,0.995620787144
67066,0.998276054859
67067,0.974820971489
67068,0.998606979847
67069,0.997841417789
67070,0.997879803181
67071,0.998606979847
67072,0.99848139286
67073,0.998302519321
67074,0.998364388943
67075,0.996328651905
67076,0.998406648636
67077,0.998260438442
67078,0.998606979847
67079,0.996027112007
67080,0.998606979847
67081,0.994841814041
67082,0.990359425545
67083,0.992277145386
67084,0.998606979847
67085,0.992047786713
67086,0.998216986656
67087,0.998302519321
67088,0.99523794651
67089,0.99838078022
67090,0.998483419418
67091,0.998111128807
67092,0.99820047617
67093,0.998606979847
67094,0.958587288857
67095,0.99793946743
67096,0.998352825642
67097,0.998211562634
67098,0.998407959938
67099,0.99793946743
67100,0.991934776306
67101,0.998200654984
67102,0.998606979847
67103,0.993983745575
67104,0.994199931622
67105,0.992947757244
67106,0.998028457165
67107,0.998606979847
67108,0.996411442757
67109,0.951283872128
67110,0.995565950871
67111,0.998364388943
67112,0.998606979847
67113,0.998153328896
67114,0.99848139286
67115,0.99848139286
67116,0.991419970989
67117,0.991266787052
67118,0.998606979847
67119,0.996353328228
67120,0.997858762741
67121,0.993826210499
67122,0.997852027416
67123,0.996975183487
67124,0.997783958912
67125,0.99793946743
67126,0.99128061533
67127,0.969574332237
67128,0.99838078022
67129,0.980551898479
67130,0.99554425478
67131,0.998260438442
67132,0.998260438442
67133,0.991687476635
67134,0.957908332348
67135,0.99804186821
67136,0.996027112007
67137,0.998200654984
67138,0.970189511776
67139,0.995985627174
67140,0.994194447994
67141,0.99506509304
67142,0.998013615608
67143,0.998606979847
67144,0.99838078022
67145,0.998081326485
67146,0.988816857338
67147,0.967124402523
67148,0.993255913258
67149,0.998200654984
67150,0.997788965702
67151,0.99081748724
67152,0.99838078022
67153,0.992328345776
67154,0.998003125191
67155,0.995153963566
67156,0.998606979847
67157,0.99793946743
67158,0.998428761959
67159,0.998054504395
67160,0.990224003792
67161,0.988589406013
67162,0.998606979847
67163,0.967494904995
67164,0.993371844292
67165,0.997593820095
67166,0.998606979847
67167,0.995897948742
67168,0.99848139286
67169,0.998406648636
67170,0.998606979847
67171,0.998606979847
67172,0.996984064579
67173,0.996185719967
67174,0.998606979847
67175,0.98295134306
67176,0.993826210499
67177,0.99848139286
67178,0.998606979847
67179,0.992525339127
67180,0.993826210499
67181,0.987718701363
67182,0.992652058601
67183,0.998200654984
67184,0.986124753952
67185,0.998606979847
67186,0.966659545898
67187,0.982719540596
67188,0.922911405563
67189,0.995617806911
67190,0.998606979847
67191,0.998324692249
67192,0.998483419418
67193,0.997597813606
67194,0.990788698196
67195,0.998606979847
67196,0.985899031162
67197,0.997571706772
67198,0.998606979847
67199,0.994103848934
67200,0.99838078022
67201,0.995678424835
67202,0.99848139286
67203,0.997593820095
67204,0.901350736618
67205,0.992829561234
67206,0.994694232941
67207,0.998606979847
67208,0.99838078022
67209,0.998606979847
67210,0.993665218353
67211,0.998407959938
67212,0.931819677353
67213,0.997900903225
67214,0.993351221085
67215,0.998220264912
67216,0.915856182575
67217,0.996586322784
67218,0.998606979847
67219,0.998406648636
67220,0.99793946743
67221,0.922658145428
67222,0.997621715069
67223,0.997412025928
67224,0.998155415058
67225,0.998219430447
67226,0.983723640442
67227,0.996842384338
67228,0.99848139286
67229,0.993559360504
67230,0.993722617626
67231,0.921270132065
67232,0.99644446373
67233,0.995488643646
67234,0.99793946743
67235,0.991849601269
67236,0.997828781605
67237,0.991059839725
67238,0.998606979847
67239,0.997822642326
67240,0.998012661934
67241,0.998145222664
67242,0.998606979847
67243,0.991033136845
67244,0.998406648636
67245,0.998200654984
67246,0.996146798134
67247,0.888771057129
67248,0.998606979847
67249,0.996842384338
67250,0.99554425478
67251,0.99838078022
67252,0.995883405209
67253,0.99848139286
67254,0.998276054859
67255,0.991852402687
67256,0.99838078022
67257,0.995678424835
67258,0.991968035698
67259,0.99848139286
67260,0.998079001904
67261,0.99848139286
67262,0.991576969624
67263,0.998606979847
67264,0.998606979847
67265,0.997464060783
67266,0.99848139286
67267,0.998260438442
67268,0.998606979847
67269,0.990732610226
67270,0.998606979847
67271,0.992875635624
67272,0.99222689867
67273,0.99429243803
67274,0.99829441309
67275,0.998606979847
67276,0.972445607185
67277,0.998483419418
67278,0.925231575966
67279,0.97227203846
67280,0.995644688606
67281,0.99838078022
67282,0.997464060783
67283,0.998606979847
67284,0.99795383215
67285,0.984263420105
67286,0.997114419937
67287,0.986288368702
67288,0.996353328228
67289,0.964694321156
67290,0.998606979847
67291,0.99848139286
67292,0.998111128807
67293,0.990088403225
67294,0.947905898094
67295,0.997568666935
67296,0.993409752846
67297,0.944105863571
67298,0.992740154266
67299,0.998606979847
67300,0.95690369606
67301,0.998606979847
67302,0.998606979847
67303,0.998260438442
67304,0.997317194939
67305,0.998260438442
67306,0.992722809315
67307,0.99644446373
67308,0.982841491699
67309,0.996984064579
67310,0.99793946743
67311,0.998606979847
67312,0.991635262966
67313,0.989739358425
67314,0.99838078022
67315,0.997734487057
67316,0.994831264019
67317,0.996076047421
67318,0.998022079468
67319,0.983537554741
67320,0.998606979847
67321,0.998606979847
67322,0.998483419418
67323,0.997858762741
67324,0.997783362865
67325,0.997698545456
67326,0.99838078022
67327,0.997712135315
67328,0.998260438442
67329,0.986362457275
67330,0.998483419418
67331,0.997828781605
67332,0.998055100441
67333,0.996353328228
67334,0.998273909092
67335,0.998606979847
67336,0.99838078022
67337,0.990535497665
67338,0.998368620872
67339,0.986391484737
67340,0.99848139286
67341,0.996586322784
67342,0.994956016541
67343,0.995388090611
67344,0.993255913258
67345,0.998606979847
67346,0.991295814514
67347,0.998145222664
67348,0.987667500973
67349,0.998606979847
67350,0.99848139286
67351,0.998364388943
67352,0.99848139286
67353,0.998483419418
67354,0.94833946228
67355,0.99263459444
67356,0.971079111099
67357,0.99848139286
67358,0.998155415058
67359,0.998483419418
67360,0.998606979847
67361,0.91398358345
67362,0.981972277164
67363,0.979979097843
67364,0.99838078022
67365,0.997393488884
67366,0.987251639366
67367,0.967815101147
67368,0.900238931179
67369,0.998606979847
67370,0.990160524845
67371,0.98538684845
67372,0.997783958912
67373,0.98318618536
67374,0.996116995811
67375,0.99820047617
67376,0.997745871544
67377,0.982751071453
67378,0.997508645058
67379,0.986468732357
67380,0.993480682373
67381,0.998368620872
67382,0.998606979847
67383,0.991996586323
67384,0.998022079468
67385,0.99140059948
67386,0.858964145184
67387,0.998606979847
67388,0.998606979847
67389,0.998406648636
67390,0.995663285255
67391,0.995586812496
67392,0.997389912605
67393,0.996698200703
67394,0.998606979847
67395,0.99580514431
67396,0.998200654984
67397,0.996072053909
67398,0.994841814041
67399,0.998220264912
67400,0.998606979847
67401,0.99848139286
67402,0.982328236103
67403,0.99793946743
67404,0.998606979847
67405,0.990172147751
67406,0.99838078022
67407,0.996164977551
67408,0.998155415058
67409,0.997850000858
67410,0.998606979847
67411,0.996411442757
67412,0.998606979847
67413,0.95769906044
67414,0.998276054859
67415,0.984604775906
67416,0.990705966949
67417,0.99848139286
67418,0.996309936047
67419,0.990948081017
67420,0.993063092232
67421,0.995117902756
67422,0.997900903225
67423,0.971338391304
67424,0.987437903881
67425,0.991033136845
67426,0.968049168587
67427,0.986350178719
67428,0.998406648636
67429,0.998022079468
67430,0.998606979847
67431,0.998145222664
67432,0.998606979847
67433,0.997788965702
67434,0.998606979847
67435,0.99838078022
67436,0.998155415058
67437,0.99359691143
67438,0.99848139286
67439,0.985789299011
67440,0.977231323719
67441,0.99820047617
67442,0.99079144001
67443,0.983383655548
67444,0.998606979847
67445,0.977461278439
67446,0.996034264565
67447,0.992947757244
67448,0.998606979847
67449,0.998153328896
67450,0.998013615608
67451,0.995825171471
67452,0.998064756393
67453,0.996698200703
67454,0.993373632431
67455,0.992829561234
67456,0.984821259975
67457,0.99848139286
67458,0.998200654984
67459,0.998094499111
67460,0.984705805779
67461,0.998606979847
67462,0.995275914669
67463,0.925879836082
67464,0.992507100105
67465,0.9962053895
67466,0.984567165375
67467,0.992296695709
67468,0.998606979847
67469,0.998606979847
67470,0.828713953495
67471,0.99838078022
67472,0.998013615608
67473,0.997679948807
67474,0.996390998363
67475,0.993739426136
67476,0.998606979847
67477,0.990455806255
67478,0.996924340725
67479,0.868035197258
67480,0.99829441309
67481,0.992740154266
67482,0.996353328228
67483,0.997792124748
67484,0.996353328228
67485,0.994243264198
67486,0.984651386738
67487,0.995825171471
67488,0.994702219963
67489,0.981463551521
67490,0.998606979847
67491,0.993550777435
67492,0.997889041901
67493,0.991576969624
67494,0.998606979847
67495,0.971426427364
67496,0.995437681675
67497,0.970429420471
67498,0.988592088223
67499,0.997850000858
67500,0.993248820305
67501,0.998260438442
67502,0.996411442757
67503,0.998606979847
67504,0.993967831135
67505,0.998407959938
67506,0.996027112007
67507,0.998200654984
67508,0.99848139286
67509,0.995394945145
67510,0.998483419418
67511,0.992193877697
67512,0.995522975922
67513,0.994886219501
67514,0.993032574654
67515,0.955696880817
67516,0.997713565826
67517,0.996987342834
67518,0.998606979847
67519,0.99782294035
67520,0.994832515717
67521,0.972935199738
67522,0.998028457165
67523,0.992712974548
67524,0.944844543934
67525,0.996586322784
67526,0.998606979847
67527,0.998606979847
67528,0.992244899273
67529,0.993907094002
67530,0.998606979847
67531,0.998606979847
67532,0.989766716957
67533,0.984316468239
67534,0.998406648636
67535,0.992762625217
67536,0.991762518883
67537,0.99644446373
67538,0.992829561234
67539,0.980238199234
67540,0.998260438442
67541,0.998428761959
67542,0.984404504299
67543,0.99848139286
67544,0.998113453388
67545,0.995782911777
67546,0.990663588047
67547,0.997473359108
67548,0.991286754608
67549,0.998483419418
67550,0.984485387802
67551,0.998606979847
67552,0.994841814041
67553,0.994775950909
67554,0.995921373367
67555,0.998606979847
67556,0.998276054859
67557,0.940225481987
67558,0.998606979847
67559,0.998368620872
67560,0.98836171627
67561,0.991576969624
67562,0.99820047617
67563,0.998606979847
67564,0.995879232883
67565,0.996603786945
67566,0.991143465042
67567,0.986082851887
67568,0.998407959938
67569,0.99848139286
67570,0.968564331532
67571,0.998606979847
67572,0.998483419418
67573,0.723699688911
67574,0.998606979847
67575,0.998606979847
67576,0.973643422127
67577,0.99782294035
67578,0.989289820194
67579,0.997597813606
67580,0.998606979847
67581,0.99848139286
67582,0.998606979847
67583,0.998112678528
67584,0.995782911777
67585,0.989624321461
67586,0.998200654984
67587,0.98535078764
67588,0.996292173862
67589,0.996292173862
67590,0.998364388943
67591,0.993826210499
67592,0.998406648636
67593,0.996027112007
67594,0.998606979847
67595,0.993375957012
67596,0.998606979847
67597,0.993691623211
67598,0.994087159634
67599,0.996007800102
67600,0.99848139286
67601,0.997121989727
67602,0.998606979847
67603,0.998163342476
67604,0.991165041924
67605,0.998606979847
67606,0.998031020164
67607,0.998606979847
67608,0.977892458439
67609,0.99359691143
67610,0.998606979847
67611,0.99848139286
67612,0.977992236614
67613,0.993659436703
67614,0.998606979847
67615,0.998273909092
67616,0.993914842606
67617,0.987142324448
67618,0.99838078022
67619,0.997433483601
67620,0.995070338249
67621,0.992650330067
67622,0.9909953475
67623,0.998606979847
67624,0.998200654984
67625,0.998483419418
67626,0.994336247444
67627,0.998606979847
67628,0.998606979847
67629,0.998606979847
67630,0.996632277966
67631,0.989072620869
67632,0.998606979847
67633,0.998606979847
67634,0.998606979847
67635,0.994462072849
67636,0.980609118938
67637,0.991670906544
67638,0.995760142803
67639,0.983853816986
67640,0.982828021049
67641,0.998013615608
67642,0.99848139286
67643,0.991144776344
67644,0.998606979847
67645,0.992627441883
67646,0.998606979847
67647,0.99793946743
67648,0.998606979847
67649,0.990948498249
67650,0.963578879833
67651,0.99829441309
67652,0.997783958912
67653,0.99848139286
67654,0.97871696949
67655,0.998407959938
67656,0.996842384338
67657,0.998606979847
67658,0.997725665569
67659,0.992243826389
67660,0.998368620872
67661,0.997575700283
67662,0.99848139286
67663,0.998606979847
67664,0.997746109962
67665,0.9933847785
67666,0.994718551636
67667,0.998368620872
67668,0.993502259254
67669,0.997246146202
67670,0.991206169128
67671,0.99641007185
67672,0.993603289127
67673,0.998606979847
67674,0.997866868973
67675,0.995043575764
67676,0.998220264912
67677,0.996883869171
67678,0.99838078022
67679,0.998483419418
67680,0.983440518379
67681,0.995394945145
67682,0.991143465042
67683,0.992045998573
67684,0.985467076302
67685,0.998606979847
67686,0.99838078022
67687,0.994142949581
67688,0.998352825642
67689,0.998153328896
67690,0.991843879223
67691,0.998606979847
67692,0.992296695709
67693,0.998606979847
67694,0.980885267258
67695,0.993958711624
67696,0.994515061378
67697,0.998606979847
67698,0.998606979847
67699,0.998406648636
67700,0.995437681675
67701,0.995990753174
67702,0.960280716419
67703,0.998606979847
67704,0.998606979847
67705,0.998606979847
67706,0.998153328896
67707,0.995545506477
67708,0.99793112278
67709,0.998606979847
67710,0.985750436783
67711,0.995117902756
67712,0.996027112007
67713,0.994300663471
67714,0.991180539131
67715,0.992320299149
67716,0.998013615608
67717,0.995243489742
67718,0.991981744766
67719,0.993722617626
67720,0.924572646618
67721,0.998606979847
67722,0.972025334835
67723,0.977901041508
67724,0.991934776306
67725,0.995221972466
67726,0.991060078144
67727,0.998368620872
67728,0.995117247105
67729,0.998606979847
67730,0.998606979847
67731,0.956297576427
67732,0.950463950634
67733,0.993722617626
67734,0.998606979847
67735,0.994525611401
67736,0.980181097984
67737,0.994099259377
67738,0.998606979847
67739,0.99848139286
67740,0.998606979847
67741,0.992021083832
67742,0.994766294956
67743,0.997788965702
67744,0.998606979847
67745,0.998606979847
67746,0.99145758152
67747,0.997989296913
67748,0.998220264912
67749,0.971127092838
67750,0.99782294035
67751,0.960849523544
67752,0.997321248055
67753,0.998606979847
67754,0.998606979847
67755,0.998606979847
67756,0.998483419418
67757,0.996146798134
67758,0.998606979847
67759,0.993826210499
67760,0.99644446373
67761,0.998606979847
67762,0.99554425478
67763,0.997988402843
67764,0.998606979847
67765,0.997673869133
67766,0.998064756393
67767,0.992956638336
67768,0.986406803131
67769,0.998606979847
67770,0.99263459444
67771,0.998606979847
67772,0.998112678528
67773,0.99848139286
67774,0.997951805592
67775,0.989553928375
67776,0.99848139286
67777,0.979274749756
67778,0.998606979847
67779,0.998606979847
67780,0.994070529938
67781,0.998407959938
67782,0.99848139286
67783,0.996353328228
67784,0.998153328896
67785,0.996842384338
67786,0.997464060783
67787,0.998606979847
67788,0.998606979847
67789,0.997866868973
67790,0.998260438442
67791,0.993826210499
67792,0.998606979847
67793,0.993319034576
67794,0.987546682358
67795,0.998606979847
67796,0.998606979847
67797,0.998483419418
67798,0.998364388943
67799,0.998606979847
67800,0.99628162384
67801,0.99848139286
67802,0.998606979847
67803,0.998153328896
67804,0.997585535049
67805,0.995853245258
67806,0.995124399662
67807,0.998606979847
67808,0.997743785381
67809,0.997828781605
67810,0.995488643646
67811,0.995360195637
67812,0.987171947956
67813,0.997464060783
67814,0.998241424561
67815,0.991445541382
67816,0.990580916405
67817,0.992834806442
67818,0.998606979847
67819,0.998606979847
67820,0.991377651691
67821,0.998200178146
67822,0.99848139286
67823,0.998606979847
67824,0.997725665569
67825,0.991670906544
67826,0.993826210499
67827,0.99838078022
67828,0.998406648636
67829,0.998406648636
67830,0.99838078022
67831,0.961144626141
67832,0.998013615608
67833,0.996411442757
67834,0.997685015202
67835,0.978169858456
67836,0.994375705719
67837,0.997600913048
67838,0.998606979847
67839,0.986702620983
67840,0.992269456387
67841,0.998606979847
67842,0.998047590256
67843,0.994989395142
67844,0.994077503681
67845,0.99848139286
67846,0.99820047617
67847,0.984525382519
67848,0.998094499111
67849,0.998606979847
67850,0.936128377914
67851,0.99079144001
67852,0.96325480938
67853,0.995223701
67854,0.993354797363
67855,0.998145222664
67856,0.998606979847
67857,0.952923476696
67858,0.998606979847
67859,0.998352825642
67860,0.953904032707
67861,0.99369853735
67862,0.998155415058
67863,0.998606979847
67864,0.99804186821
67865,0.997791826725
67866,0.996082365513
67867,0.99848139286
67868,0.99793946743
67869,0.956179022789
67870,0.997532427311
67871,0.998606979847
67872,0.998483419418
67873,0.997900903225
67874,0.99838078022
67875,0.99210113287
67876,0.998606979847
67877,0.996007800102
67878,0.998606979847
67879,0.995048761368
67880,0.998606979847
67881,0.994886219501
67882,0.998606979847
67883,0.998260438442
67884,0.998606979847
67885,0.991911172867
67886,0.934439539909
67887,0.911056756973
67888,0.997841417789
67889,0.998606979847
67890,0.99848139286
67891,0.988330483437
67892,0.998483419418
67893,0.996847510338
67894,0.989175856113
67895,0.998606979847
67896,0.998606979847
67897,0.994733273983
67898,0.995188713074
67899,0.983282804489
67900,0.993506133556
67901,0.997593820095
67902,0.998606979847
67903,0.998302519321
67904,0.998606979847
67905,0.9888484478
67906,0.949863314629
67907,0.998606979847
67908,0.998606979847
67909,0.945793807507
67910,0.998606979847
67911,0.991623699665
67912,0.976824641228
67913,0.998406648636
67914,0.986643314362
67915,0.995472192764
67916,0.997828781605
67917,0.987496137619
67918,0.998606979847
67919,0.991737008095
67920,0.998293995857
67921,0.997988402843
67922,0.997855246067
67923,0.998005568981
67924,0.86617064476
67925,0.997783958912
67926,0.998606979847
67927,0.991569757462
67928,0.99820047617
67929,0.991710305214
67930,0.998606979847
67931,0.99829441309
67932,0.998606979847
67933,0.997636258602
67934,0.983768224716
67935,0.99829441309
67936,0.99534201622
67937,0.998606979847
67938,0.99793946743
67939,0.99838078022
67940,0.991956293583
67941,0.99793946743
67942,0.998606979847
67943,0.997913062572
67944,0.99644446373
67945,0.990686416626
67946,0.990995049477
67947,0.996334016323
67948,0.998606979847
67949,0.998276054859
67950,0.997600913048
67951,0.998184978962
67952,0.998606979847
67953,0.99793946743
67954,0.997266829014
67955,0.99793946743
67956,0.998606979847
67957,0.992416918278
67958,0.993048906326
67959,0.99838078022
67960,0.998606979847
67961,0.990948081017
67962,0.998145222664
67963,0.99838078022
67964,0.992677569389
67965,0.99432772398
67966,0.998276054859
67967,0.998606979847
67968,0.996312081814
67969,0.99848139286
67970,0.945043444633
67971,0.992947757244
67972,0.998606979847
67973,0.998606979847
67974,0.991064369678
67975,0.996603786945
67976,0.997593820095
67977,0.997788965702
67978,0.994025468826
67979,0.996603786945
67980,0.993686556816
67981,0.99848139286
67982,0.985752880573
67983,0.998606979847
67984,0.992829561234
67985,0.998606979847
67986,0.993551790714
67987,0.998155415058
67988,0.997822642326
67989,0.99232250452
67990,0.998406648636
67991,0.992740154266
67992,0.998220264912
67993,0.998606979847
67994,0.998013615608
67995,0.99271351099
67996,0.998134315014
67997,0.943161189556
67998,0.998368620872
67999,0.99801248312
68000,0.976002514362
68001,0.991806387901
68002,0.990176737309
68003,0.980215370655
68004,0.994414925575
68005,0.994379937649
68006,0.992057204247
68007,0.99848139286
68008,0.996309936047
68009,0.998184978962
68010,0.996033489704
68011,0.997855246067
68012,0.998606979847
68013,0.972105622292
68014,0.996312081814
68015,0.998368620872
68016,0.993826210499
68017,0.985801875591
68018,0.998273909092
68019,0.99848139286
68020,0.994627535343
68021,0.99793946743
68022,0.997788965702
68023,0.99838078022
68024,0.997464060783
68025,0.998145222664
68026,0.993826210499
68027,0.99848139286
68028,0.998153328896
68029,0.998406648636
68030,0.988103747368
68031,0.994000613689
68032,0.99271351099
68033,0.982985973358
68034,0.99848139286
68035,0.995883405209
68036,0.99078309536
68037,0.998145222664
68038,0.994418382645
68039,0.919315576553
68040,0.996146798134
68041,0.997636258602
68042,0.995103538036
68043,0.998483419418
68044,0.992372989655
68045,0.99820047617
68046,0.998606979847
68047,0.998055100441
68048,0.99644446373
68049,0.998606979847
68050,0.998606979847
68051,0.991799712181
68052,0.998145222664
68053,0.954452455044
68054,0.99534201622
68055,0.996411442757
68056,0.99838078022
68057,0.994989395142
68058,0.996842384338
68059,0.99848139286
68060,0.993026077747
68061,0.998022079468
68062,0.998606979847
68063,0.997700989246
68064,0.993722617626
68065,0.998013615608
68066,0.998606979847
68067,0.997866868973
68068,0.963031888008
68069,0.995571017265
68070,0.993299901485
68071,0.993826210499
68072,0.997558534145
68073,0.998606979847
68074,0.998606979847
68075,0.956324636936
68076,0.998483419418
68077,0.998483419418
68078,0.992829561234
68079,0.998606979847
68080,0.994230985641
68081,0.995853245258
68082,0.99838078022
68083,0.996135532856
68084,0.986227631569
68085,0.998606979847
68086,0.992098093033
68087,0.998235344887
68088,0.998037517071
68089,0.987447857857
68090,0.98647236824
68091,0.99793946743
68092,0.998606979847
68093,0.934944093227
68094,0.998102426529
68095,0.995307385921
68096,0.995437681675
68097,0.885091900826
68098,0.998483419418
68099,0.978282034397
68100,0.97143381834
68101,0.986156225204
68102,0.984577417374
68103,0.992355406284
68104,0.998352825642
68105,0.996603786945
68106,0.998606979847
68107,0.998606979847
68108,0.998606979847
68109,0.998606979847
68110,0.990728020668
68111,0.998606979847
68112,0.998276054859
68113,0.957513988018
68114,0.992545902729
68115,0.997685015202
68116,0.990958571434
68117,0.998260438442
68118,0.99838078022
68119,0.992762625217
68120,0.996603786945
68121,0.995669066906
68122,0.998260438442
68123,0.996842384338
68124,0.998200654984
68125,0.989872574806
68126,0.998276054859
68127,0.998606979847
68128,0.990659236908
68129,0.998260438442
68130,0.998606979847
68131,0.993032634258
68132,0.989108920097
68133,0.998145222664
68134,0.998606979847
68135,0.99793946743
68136,0.996603786945
68137,0.995479524136
68138,0.998406648636
68139,0.996586322784
68140,0.997599542141
68141,0.994262695312
68142,0.998606979847
68143,0.995022416115
68144,0.998606979847
68145,0.998606979847
68146,0.995678424835
68147,0.997677922249
68148,0.998606979847
68149,0.99848139286
68150,0.992740154266
68151,0.99717271328
68152,0.993561327457
68153,0.991151809692
68154,0.998606979847
68155,0.998606979847
68156,0.99820047617
68157,0.998406648636
68158,0.985302686691
68159,0.992614209652
68160,0.997828781605
68161,0.998167812824
68162,0.998153328896
68163,0.975739002228
68164,0.995839357376
68165,0.998163342476
68166,0.992296934128
68167,0.998153328896
68168,0.998428761959
68169,0.998406648636
68170,0.996027112007
68171,0.998276054859
68172,0.985605597496
68173,0.99263459444
68174,0.99848139286
68175,0.990300953388
68176,0.966288745403
68177,0.992160916328
68178,0.998606979847
68179,0.998227238655
68180,0.99761903286
68181,0.998181462288
68182,0.978843569756
68183,0.997329175472
68184,0.998606979847
68185,0.998200654984
68186,0.998606979847
68187,0.99793946743
68188,0.998368620872
68189,0.99335950613
68190,0.998155236244
68191,0.998606979847
68192,0.993480682373
68193,0.936028242111
68194,0.998368620872
68195,0.997841417789
68196,0.998606979847
68197,0.997783958912
68198,0.995464742184
68199,0.998293995857
68200,0.998368620872
68201,0.998483419418
68202,0.997211098671
68203,0.998606979847
68204,0.989618360996
68205,0.992947757244
68206,0.992240607738
68207,0.998606979847
68208,0.998606979847
68209,0.99848139286
68210,0.98107367754
68211,0.995839595795
68212,0.998606979847
68213,0.990258395672
68214,0.99848139286
68215,0.998407959938
68216,0.98918402195
68217,0.988383114338
68218,0.99848139286
68219,0.997301340103
68220,0.997841417789
68221,0.99848139286
68222,0.987178862095
68223,0.991787135601
68224,0.99346101284
68225,0.994099259377
68226,0.998606979847
68227,0.99838078022
68228,0.998483419418
68229,0.942910790443
68230,0.967917144299
68231,0.995849609375
68232,0.994990646839
68233,0.997713565826
68234,0.988411426544
68235,0.992778658867
68236,0.998606979847
68237,0.964434564114
68238,0.98583137989
68239,0.994646728039
68240,0.998606979847
68241,0.99848139286
68242,0.99359691143
68243,0.998407959938
68244,0.99838078022
68245,0.991879403591
68246,0.998606979847
68247,0.997393488884
68248,0.997988402843
68249,0.998127579689
68250,0.998276054859
68251,0.904603123665
68252,0.992875635624
68253,0.991934776306
68254,0.992516279221
68255,0.997170507908
68256,0.996586322784
68257,0.99793946743
68258,0.948589205742
68259,0.997222423553
68260,0.998606979847
68261,0.997621715069
68262,0.996312081814
68263,0.99848139286
68264,0.995645999908
68265,0.998606979847
68266,0.996438026428
68267,0.996146798134
68268,0.995956361294
68269,0.992191851139
68270,0.983728766441
68271,0.997592926025
68272,0.995839357376
68273,0.998606979847
68274,0.99848139286
68275,0.9932898283
68276,0.990239620209
68277,0.991997301579
68278,0.991806387901
68279,0.997222304344
68280,0.993406772614
68281,0.998293995857
68282,0.998606979847
68283,0.993165910244
68284,0.992871642113
68285,0.998031020164
68286,0.998606979847
68287,0.998200654984
68288,0.996757209301
68289,0.998200654984
68290,0.997301340103
68291,0.998181462288
68292,0.998606979847
68293,0.99838078022
68294,0.998302519321
68295,0.998606979847
68296,0.998407959938
68297,0.998368620872
68298,0.922155976295
68299,0.992657363415
68300,0.99838078022
68301,0.990422189236
68302,0.997828781605
68303,0.998606979847
68304,0.998260438442
68305,0.998606979847
68306,0.998200654984
68307,0.998606979847
68308,0.995883405209
68309,0.997954785824
68310,0.99848139286
68311,0.991667091846
68312,0.99644446373
68313,0.990587234497
68314,0.996842384338
68315,0.997988402843
68316,0.995496749878
68317,0.998483419418
68318,0.992296695709
68319,0.994418382645
68320,0.998606979847
68321,0.99838078022
68322,0.995117902756
68323,0.998606979847
68324,0.984194040298
68325,0.998606979847
68326,0.99800080061
68327,0.988968551159
68328,0.992947757244
68329,0.998606979847
68330,0.99263459444
68331,0.998606979847
68332,0.985703349113
68333,0.998606979847
68334,0.998606979847
68335,0.992888689041
68336,0.990751683712
68337,0.988256275654
68338,0.998094499111
68339,0.987261176109
68340,0.992400109768
68341,0.97292983532
68342,0.990556359291
68343,0.995467782021
68344,0.998606979847
68345,0.995721697807
68346,0.998155415058
68347,0.998606979847
68348,0.998606979847
68349,0.998606979847
68350,0.99848139286
68351,0.998406648636
68352,0.993268668652
68353,0.998606979847
68354,0.995188713074
68355,0.995010972023
68356,0.998606979847
68357,0.997783958912
68358,0.998302519321
68359,0.998606979847
68360,0.993260443211
68361,0.998407959938
68362,0.998606979847
68363,0.996842384338
68364,0.992829561234
68365,0.992716789246
68366,0.99848139286
68367,0.99848139286
68368,0.99848139286
68369,0.980217576027
68370,0.998606979847
68371,0.998606979847
68372,0.98972761631
68373,0.996033132076
68374,0.99838078022
68375,0.994766294956
68376,0.998606979847
68377,0.998606979847
68378,0.996663451195
68379,0.978349804878
68380,0.998606979847
68381,0.998606979847
68382,0.99793946743
68383,0.998606979847
68384,0.99793946743
68385,0.99838078022
68386,0.99848139286
68387,0.981855869293
68388,0.995329856873
68389,0.984365105629
68390,0.994123280048
68391,0.994300663471
68392,0.99820047617
68393,0.998260438442
68394,0.992282092571
68395,0.99838078022
68396,0.996027112007
68397,0.993505001068
68398,0.998406648636
68399,0.99838078022
68400,0.990806818008
68401,0.996603786945
68402,0.998428761959
68403,0.998031020164
68404,0.99838078022
68405,0.996842384338
68406,0.998276054859
68407,0.97236096859
68408,0.998606979847
68409,0.998606979847
68410,0.994942426682
68411,0.998606979847
68412,0.998012661934
68413,0.997967541218
68414,0.996027112007
68415,0.99838078022
68416,0.998606979847
68417,0.995817005634
68418,0.982904136181
68419,0.989136040211
68420,0.990172147751
68421,0.998022079468
68422,0.998606979847
68423,0.996411442757
68424,0.977702021599
68425,0.998606979847
68426,0.996027112007
68427,0.99848139286
68428,0.998407959938
68429,0.989124059677
68430,0.998606979847
68431,0.971719026566
68432,0.998606979847
68433,0.998606979847
68434,0.998606979847
68435,0.99848139286
68436,0.998606979847
68437,0.998276054859
68438,0.997118115425
68439,0.976218283176
68440,0.998606979847
68441,0.998606979847
68442,0.998606979847
68443,0.975715398788
68444,0.998428761959
68445,0.994300663471
68446,0.997989296913
68447,0.994351565838
68448,0.994812428951
68449,0.991002559662
68450,0.997600913048
68451,0.998606979847
68452,0.998606979847
68453,0.978354752064
68454,0.994103848934
68455,0.996411442757
68456,0.997679948807
68457,0.998606979847
68458,0.998112678528
68459,0.998606979847
68460,0.998606979847
68461,0.998606979847
68462,0.99848139286
68463,0.99848139286
68464,0.996698200703
68465,0.997713565826
68466,0.985879421234
68467,0.99793946743
68468,0.99848139286
68469,0.989066541195
68470,0.993286907673
68471,0.99838078022
68472,0.99441242218
68473,0.998606979847
68474,0.998241424561
68475,0.998606979847
68476,0.998094499111
68477,0.993826210499
68478,0.99523794651
68479,0.991144180298
68480,0.998606979847
68481,0.995464742184
68482,0.998364388943
68483,0.998606979847
68484,0.997866868973
68485,0.998606979847
68486,0.998200654984
68487,0.998302519321
68488,0.994413077831
68489,0.961047053337
68490,0.992903709412
68491,0.996688723564
68492,0.997243046761
68493,0.99820047617
68494,0.99848139286
68495,0.990606427193
68496,0.992389976978
68497,0.998606979847
68498,0.99838078022
68499,0.998368620872
68500,0.998606979847
68501,0.998406648636
68502,0.996027112007
68503,0.998606979847
68504,0.998200654984
68505,0.997571587563
68506,0.990871369839
68507,0.99848139286
68508,0.992193877697
68509,0.990258395672
68510,0.976616203785
68511,0.99477314949
68512,0.996292173862
68513,0.993130862713
68514,0.9941842556
68515,0.998606979847
68516,0.993551790714
68517,0.995076417923
68518,0.998606979847
68519,0.998406648636
68520,0.991347789764
68521,0.970074355602
68522,0.993633329868
68523,0.998606979847
68524,0.990868926048
68525,0.998606979847
68526,0.997366845608
68527,0.997725665569
68528,0.993791103363
68529,0.998606979847
68530,0.998606979847
68531,0.998220264912
68532,0.998406648636
68533,0.998145222664
68534,0.998606979847
68535,0.998606979847
68536,0.994375705719
68537,0.997685015202
68538,0.990533709526
68539,0.998606979847
68540,0.998081326485
68541,0.992657363415
68542,0.997783958912
68543,0.990740776062
68544,0.995186090469
68545,0.99793946743
68546,0.998606979847
68547,0.994273543358
68548,0.99403578043
68549,0.998606979847
68550,0.966373622417
68551,0.99848139286
68552,0.996842384338
68553,0.995143890381
68554,0.997887313366
68555,0.985815107822
68556,0.998606979847
68557,0.989388525486
68558,0.989293456078
68559,0.99820047617
68560,0.997783958912
68561,0.995221972466
68562,0.998606979847
68563,0.99820047617
68564,0.998407959938
68565,0.946272373199
68566,0.975477039814
68567,0.998013615608
68568,0.997146427631
68569,0.998606979847
68570,0.992740154266
68571,0.996586322784
68572,0.998079001904
68573,0.99848139286
68574,0.99848139286
68575,0.990806818008
68576,0.998220264912
68577,0.998606979847
68578,0.998407959938
68579,0.985493719578
68580,0.998606979847
68581,0.997745871544
68582,0.996073663235
68583,0.99829441309
68584,0.998606979847
68585,0.994841814041
68586,0.993178665638
68587,0.99210113287
68588,0.998406648636
68589,0.998606979847
68590,0.996312081814
68591,0.996636450291
68592,0.99848139286
68593,0.998260438442
68594,0.998200654984
68595,0.998293995857
68596,0.996842384338
68597,0.994845747948
68598,0.998606979847
68599,0.998606979847
68600,0.997788965702
68601,0.998112678528
68602,0.989635407925
68603,0.99848139286
68604,0.992939531803
68605,0.998483419418
68606,0.996411442757
68607,0.998079001904
68608,0.998145222664
68609,0.998153328896
68610,0.998606979847
68611,0.998064756393
68612,0.99644446373
68613,0.998606979847
68614,0.994099259377
68615,0.993228137493
68616,0.998220264912
68617,0.994160652161
68618,0.99848139286
68619,0.998145222664
68620,0.949898004532
68621,0.998406648636
68622,0.996795237064
68623,0.965283930302
68624,0.995243489742
68625,0.994841814041
68626,0.99369096756
68627,0.991005063057
68628,0.992193579674
68629,0.997222304344
68630,0.997457504272
68631,0.998606979847
68632,0.997642576694
68633,0.998220264912
68634,0.998200654984
68635,0.995743513107
68636,0.998606979847
68637,0.998302519321
68638,0.997866868973
68639,0.996162950993
68640,0.985243439674
68641,0.991771280766
68642,0.982201576233
68643,0.988527178764
68644,0.998606979847
68645,0.998606979847
68646,0.994462072849
68647,0.853765428066
68648,0.998483419418
68649,0.99793946743
68650,0.992980122566
68651,0.998606979847
68652,0.998483419418
68653,0.990367949009
68654,0.998606979847
68655,0.998606979847
68656,0.984987020493
68657,0.998407959938
68658,0.99838078022
68659,0.998606979847
68660,0.99614328146
68661,0.998606979847
68662,0.996842384338
68663,0.98295968771
68664,0.998276054859
68665,0.998606979847
68666,0.998483419418
68667,0.986341774464
68668,0.989602029324
68669,0.997568666935
68670,0.998406648636
68671,0.998302519321
68672,0.995389699936
68673,0.998606979847
68674,0.996844530106
68675,0.99644446373
68676,0.998606979847
68677,0.998606979847
68678,0.998606979847
68679,0.971530735493
68680,0.998406648636
68681,0.997831940651
68682,0.99820047617
68683,0.997118115425
68684,0.996027112007
68685,0.998606979847
68686,0.998606979847
68687,0.998606979847
68688,0.998606979847
68689,0.992047786713
68690,0.989653408527
68691,0.998181462288
68692,0.994847416878
68693,0.974901020527
68694,0.991799771786
68695,0.998606979847
68696,0.99848139286
68697,0.998606979847
68698,0.998606979847
68699,0.997953295708
68700,0.995516598225
68701,0.991972327232
68702,0.99838078022
68703,0.994968116283
68704,0.998483419418
68705,0.997642874718
68706,0.997889041901
68707,0.970400691032
68708,0.99359691143
68709,0.994608700275
68710,0.990283489227
68711,0.998241424561
68712,0.998606979847
68713,0.99793946743
68714,0.998081326485
68715,0.977702021599
68716,0.99793946743
68717,0.996573746204
68718,0.990705966949
68719,0.998220264912
68720,0.998606979847
68721,0.998606979847
68722,0.998606979847
68723,0.998364388943
68724,0.952434182167
68725,0.998606979847
68726,0.991384506226
68727,0.998606979847
68728,0.996027112007
68729,0.998606979847
68730,0.985919415951
68731,0.993375957012
68732,0.993036389351
68733,0.998153328896
68734,0.989592850208
68735,0.978430628777
68736,0.997828781605
68737,0.995668113232
68738,0.984515845776
68739,0.997967362404
68740,0.986151218414
68741,0.996586322784
68742,0.991694092751
68743,0.99580514431
68744,0.99554425478
68745,0.998606979847
68746,0.998406648636
68747,0.974159359932
68748,0.998606979847
68749,0.996001303196
68750,0.988419651985
68751,0.997881770134
68752,0.99263459444
68753,0.998406648636
68754,0.993767738342
68755,0.990192472935
68756,0.996842384338
68757,0.9238499403
68758,0.998606979847
68759,0.998606979847
68760,0.99848139286
68761,0.998606979847
68762,0.990705966949
68763,0.996034264565
68764,0.996143162251
68765,0.998406648636
68766,0.99793946743
68767,0.99418336153
68768,0.99782294035
68769,0.997694373131
68770,0.998606979847
68771,0.998606979847
68772,0.992829561234
68773,0.9935297966
68774,0.996842384338
68775,0.997043728828
68776,0.992198586464
68777,0.99793946743
68778,0.993036985397
68779,0.998220264912
68780,0.99323707819
68781,0.998184978962
68782,0.992232859135
68783,0.99100202322
68784,0.99848139286
68785,0.998352825642
68786,0.998031020164
68787,0.994192361832
68788,0.998606979847
68789,0.993163764477
68790,0.99508947134
68791,0.998127579689
68792,0.99793946743
68793,0.986137986183
68794,0.996027112007
68795,0.99263459444
68796,0.99848139286
68797,0.997988402843
68798,0.998407959938
68799,0.991931855679
68800,0.998606979847
68801,0.998047590256
68802,0.997457504272
68803,0.994812428951
68804,0.998220264912
68805,0.99793946743
68806,0.998606979847
68807,0.99848139286
68808,0.998153328896
68809,0.998005568981
68810,0.993984401226
68811,0.992389976978
68812,0.997224986553
68813,0.99838078022
68814,0.992820084095
68815,0.99848139286
68816,0.998606979847
68817,0.929103732109
68818,0.99848139286
68819,0.998606979847
68820,0.994099259377
68821,0.99848139286
68822,0.998606979847
68823,0.998406648636
68824,0.996725976467
68825,0.99848139286
68826,0.990186035633
68827,0.997989296913
68828,0.998606979847
68829,0.994927763939
68830,0.993319034576
68831,0.998606979847
68832,0.9885597229
68833,0.971307098866
68834,0.992389976978
68835,0.99838078022
68836,0.998483419418
68837,0.991289615631
68838,0.998606979847
68839,0.996411442757
68840,0.99848139286
68841,0.998606979847
68842,0.992740154266
68843,0.992881655693
68844,0.995609223843
68845,0.992817282677
68846,0.997464060783
68847,0.998406648636
68848,0.993914008141
68849,0.99804186821
68850,0.99848139286
68851,0.986877918243
68852,0.998406648636
68853,0.987646639347
68854,0.998406648636
68855,0.997822642326
68856,0.998028457165
68857,0.998407959938
68858,0.987722694874
68859,0.998606979847
68860,0.998606979847
68861,0.903356790543
68862,0.993271350861
68863,0.994509637356
68864,0.998606979847
68865,0.995879232883
68866,0.998606979847
68867,0.998606979847
68868,0.99848139286
68869,0.988888263702
68870,0.99793946743
68871,0.994812428951
68872,0.99848139286
68873,0.99263459444
68874,0.99838078022
68875,0.998102426529
68876,0.887690782547
68877,0.99644446373
68878,0.998606979847
68879,0.998293995857
68880,0.998606979847
68881,0.998184978962
68882,0.998606979847
68883,0.994904756546
68884,0.998047590256
68885,0.993337392807
68886,0.992716789246
68887,0.998606979847
68888,0.996027112007
68889,0.995076417923
68890,0.99197024107
68891,0.993048906326
68892,0.99838078022
68893,0.998145222664
68894,0.998606979847
68895,0.998606979847
68896,0.998606979847
68897,0.998606979847
68898,0.998406648636
68899,0.975969493389
68900,0.996143162251
68901,0.998145222664
68902,0.998606979847
68903,0.937314331532
68904,0.998483419418
68905,0.986944317818
68906,0.925290763378
68907,0.967436134815
68908,0.99829441309
68909,0.973339021206
68910,0.998606979847
68911,0.99628162384
68912,0.998406648636
68913,0.998260438442
68914,0.998406648636
68915,0.961277246475
68916,0.995990514755
68917,0.990609943867
68918,0.998606979847
68919,0.99793946743
68920,0.99263459444
68921,0.99477314949
68922,0.992416918278
68923,0.946589410305
68924,0.998606979847
68925,0.998606979847
68926,0.992740154266
68927,0.998407959938
68928,0.99848139286
68929,0.998227238655
68930,0.99848139286
68931,0.992719531059
68932,0.997788965702
68933,0.998606979847
68934,0.998428761959
68935,0.991915285587
68936,0.99793946743
68937,0.998606979847
68938,0.950265288353
68939,0.99644446373
68940,0.992018818855
68941,0.998606979847
68942,0.996739506721
68943,0.998606979847
68944,0.947686553001
68945,0.980701565742
68946,0.99848139286
68947,0.99848139286
68948,0.98601347208
68949,0.99793946743
68950,0.991439640522
68951,0.998428761959
68952,0.998606979847
68953,0.993689596653
68954,0.997525453568
68955,0.998606979847
68956,0.998406648636
68957,0.998407959938
68958,0.994720578194
68959,0.997828781605
68960,0.994300663471
68961,0.995005607605
68962,0.998483419418
68963,0.994025230408
68964,0.998606979847
68965,0.979440629482
68966,0.998606979847
68967,0.992981255054
68968,0.998606979847
68969,0.998606979847
68970,0.998606979847
68971,0.998606979847
68972,0.990362644196
68973,0.998260438442
68974,0.985183358192
68975,0.998153328896
68976,0.991355717182
68977,0.938260495663
68978,0.99161696434
68979,0.998606979847
68980,0.99793946743
68981,0.998153328896
68982,0.992716789246
68983,0.998606979847
68984,0.997433483601
68985,0.998368620872
68986,0.992855966091
68987,0.998606979847
68988,0.992050349712
68989,0.989838421345
68990,0.994022011757
68991,0.990239500999
68992,0.99848139286
68993,0.995853245258
68994,0.987149178982
68995,0.99271351099
68996,0.998606979847
68997,0.993048906326
68998,0.997272908688
68999,0.998606979847
69000,0.993826210499
69001,0.953243911266
69002,0.997900903225
69003,0.997251152992
69004,0.996984064579
69005,0.99782294035
69006,0.991546750069
69007,0.992389976978
69008,0.997574031353
69009,0.989714860916
69010,0.997571706772
69011,0.995472192764
69012,0.981661021709
69013,0.998606979847
69014,0.995751619339
69015,0.996735036373
69016,0.994592428207
69017,0.995510816574
69018,0.998606979847
69019,0.997900903225
69020,0.998406648636
69021,0.99838078022
69022,0.99848139286
69023,0.998081982136
69024,0.99848139286
69025,0.998302519321
69026,0.998606979847
69027,0.998483419418
69028,0.998606979847
69029,0.994605779648
69030,0.998606979847
69031,0.998273909092
69032,0.992740154266
69033,0.99848139286
69034,0.983270406723
69035,0.996644258499
69036,0.992614209652
69037,0.998406648636
69038,0.991549313068
69039,0.995372951031
69040,0.991694092751
69041,0.998406648636
69042,0.97600799799
69043,0.99848139286
69044,0.997473359108
69045,0.995817005634
69046,0.99848139286
69047,0.998606979847
69048,0.993722617626
69049,0.99838078022
69050,0.997926175594
69051,0.998606979847
69052,0.99820047617
69053,0.998260438442
69054,0.998047590256
69055,0.994841814041
69056,0.998022079468
69057,0.99848139286
69058,0.998406648636
69059,0.998022079468
69060,0.998606979847
69061,0.994758427143
69062,0.998145222664
69063,0.998606979847
69064,0.998606979847
69065,0.947297155857
69066,0.998079001904
69067,0.991879403591
69068,0.99848139286
69069,0.988496601582
69070,0.998200654984
69071,0.997828781605
69072,0.99820047617
69073,0.998428761959
69074,0.996411442757
69075,0.998606979847
69076,0.985259175301
69077,0.957602202892
69078,0.991576969624
69079,0.99113380909
69080,0.988267242908
69081,0.99491840601
69082,0.998200654984
69083,0.991093277931
69084,0.99848139286
69085,0.998606979847
69086,0.998428761959
69087,0.976493954659
69088,0.992849469185
69089,0.998606979847
69090,0.987685680389
69091,0.996027112007
69092,0.990335464478
69093,0.971474409103
69094,0.99141985178
69095,0.996073663235
69096,0.99848139286
69097,0.987673163414
69098,0.993048906326
69099,0.993995189667
69100,0.939881443977
69101,0.994832515717
69102,0.998428761959
69103,0.996842384338
69104,0.996725976467
69105,0.998220264912
69106,0.998606979847
69107,0.997783958912
69108,0.998153328896
69109,0.998606979847
69110,0.99848139286
69111,0.996842384338
69112,0.996181607246
69113,0.997498333454
69114,0.998606979847
69115,0.947677731514
69116,0.998606979847
69117,0.998061060905
69118,0.96728926897
69119,0.998407959938
69120,0.998606979847
69121,0.991992235184
69122,0.985406398773
69123,0.998606979847
69124,0.998260438442
69125,0.997486829758
69126,0.993960618973
69127,0.998606979847
69128,0.99793946743
69129,0.998606979847
69130,0.993722617626
69131,0.998606979847
69132,0.991694092751
69133,0.988488018513
69134,0.996334016323
69135,0.995879232883
69136,0.99433195591
69137,0.995717763901
69138,0.99793946743
69139,0.995878458023
69140,0.998428761959
69141,0.998606979847
69142,0.997296869755
69143,0.994904756546
69144,0.996603786945
69145,0.997621715069
69146,0.998260438442
69147,0.982464194298
69148,0.998606979847
69149,0.986891746521
69150,0.993949949741
69151,0.978517711163
69152,0.994143724442
69153,0.910118103027
69154,0.997301340103
69155,0.987535715103
69156,0.993489563465
69157,0.988903164864
69158,0.876839160919
69159,0.994099259377
69160,0.998606979847
69161,0.998606979847
69162,0.998606979847
69163,0.99848139286
69164,0.998406648636
69165,0.991140842438
69166,0.880056321621
69167,0.99848139286
69168,0.997988402843
69169,0.998606979847
69170,0.99848139286
69171,0.996353328228
69172,0.997745871544
69173,0.987476468086
69174,0.998606979847
69175,0.998606979847
69176,0.996146798134
69177,0.997418224812
69178,0.984782993793
69179,0.998606979847
69180,0.991514623165
69181,0.997926175594
69182,0.996842384338
69183,0.99848139286
69184,0.993271529675
69185,0.997828781605
69186,0.997900903225
69187,0.989372432232
69188,0.998483419418
69189,0.998606979847
69190,0.998276054859
69191,0.994893074036
69192,0.99359691143
69193,0.998606979847
69194,0.998407959938
69195,0.998324692249
69196,0.983400464058
69197,0.997020184994
69198,0.997869074345
69199,0.99759221077
69200,0.998606979847
69201,0.998606979847
69202,0.998606979847
69203,0.998302519321
69204,0.994567930698
69205,0.990996003151
69206,0.997037529945
69207,0.998406648636
69208,0.992740154266
69209,0.970263719559
69210,0.998155415058
69211,0.99628162384
69212,0.998606979847
69213,0.992829561234
69214,0.998606979847
69215,0.998606979847
69216,0.993914842606
69217,0.992449104786
69218,0.992762804031
69219,0.998606979847
69220,0.996558010578
69221,0.993980050087
69222,0.998200654984
69223,0.998406648636
69224,0.996353328228
69225,0.998606979847
69226,0.958968162537
69227,0.993413150311
69228,0.996414005756
69229,0.99848139286
69230,0.992829561234
69231,0.998407959938
69232,0.998606979847
69233,0.998606979847
69234,0.989444077015
69235,0.998407959938
69236,0.998606979847
69237,0.984221100807
69238,0.99829441309
69239,0.99848139286
69240,0.998407959938
69241,0.963656008244
69242,0.998606979847
69243,0.99829441309
69244,0.986780822277
69245,0.994722723961
69246,0.998406648636
69247,0.997621715069
69248,0.994817852974
69249,0.998606979847
69250,0.993906676769
69251,0.990170538425
69252,0.980568826199
69253,0.997574031353
69254,0.971920013428
69255,0.99804186821
69256,0.991786718369
69257,0.997621715069
69258,0.992829561234
69259,0.989550232887
69260,0.984669864178
69261,0.998406648636
69262,0.998406648636
69263,0.993856072426
69264,0.997660696507
69265,0.99838078022
69266,0.992829561234
69267,0.998606979847
69268,0.998606979847
69269,0.992635428905
69270,0.99613493681
69271,0.710108220577
69272,0.998606979847
69273,0.952840387821
69274,0.99793946743
69275,0.998081982136
69276,0.989238083363
69277,0.996573746204
69278,0.993642747402
69279,0.984027385712
69280,0.99848139286
69281,0.998606979847
69282,0.998606979847
69283,0.998200654984
69284,0.99793946743
69285,0.982310116291
69286,0.997783958912
69287,0.997783958912
69288,0.99829441309
69289,0.998606979847
69290,0.996007800102
69291,0.998276054859
69292,0.995472192764
69293,0.998220264912
69294,0.996466219425
69295,0.998181462288
69296,0.991799712181
69297,0.991597652435
69298,0.989101350307
69299,0.997473359108
69300,0.998163342476
69301,0.985958397388
69302,0.99848139286
69303,0.9949041605
69304,0.991623580456
69305,0.998606979847
69306,0.998153328896
69307,0.987525343895
69308,0.998606979847
69309,0.998406648636
69310,0.998483419418
69311,0.998606979847
69312,0.976309776306
69313,0.998606979847
69314,0.997621417046
69315,0.998606979847
69316,0.997778773308
69317,0.992870509624
69318,0.998606979847
69319,0.997746109962
69320,0.99369096756
69321,0.998606979847
69322,0.997954130173
69323,0.998406648636
69324,0.997679948807
69325,0.998406648636
69326,0.99263459444
69327,0.998181462288
69328,0.982209265232
69329,0.998606979847
69330,0.99848139286
69331,0.997464060783
69332,0.998064756393
69333,0.998606979847
69334,0.968713521957
69335,0.989284574986
69336,0.998079001904
69337,0.997620403767
69338,0.996411442757
69339,0.99848139286
69340,0.959838211536
69341,0.979682803154
69342,0.996027112007
69343,0.998243689537
69344,0.993694007397
69345,0.996583282948
69346,0.982986450195
69347,0.994940757751
69348,0.998220264912
69349,0.98082780838
69350,0.998606979847
69351,0.996586322784
69352,0.992614209652
69353,0.99848139286
69354,0.998276054859
69355,0.994354426861
69356,0.998276054859
69357,0.992389976978
69358,0.99838078022
69359,0.98159211874
69360,0.992393434048
69361,0.998406648636
69362,0.998606979847
69363,0.998081326485
69364,0.982549965382
69365,0.99848139286
69366,0.869122564793
69367,0.998606979847
69368,0.99848139286
69369,0.951892316341
69370,0.982062578201
69371,0.997828781605
69372,0.998045861721
69373,0.996586322784
69374,0.99263459444
69375,0.998155415058
69376,0.997900903225
69377,0.99793946743
69378,0.998352825642
69379,0.996698200703
69380,0.998606979847
69381,0.99848139286
69382,0.99580514431
69383,0.997509837151
69384,0.993400335312
69385,0.99848139286
69386,0.998606979847
69387,0.968059122562
69388,0.99793946743
69389,0.998606979847
69390,0.998606979847
69391,0.995517492294
69392,0.996754348278
69393,0.998606979847
69394,0.993826210499
69395,0.981752574444
69396,0.99838078022
69397,0.998260438442
69398,0.870536446571
69399,0.995883405209
69400,0.988963782787
69401,0.995437681675
69402,0.990904688835
69403,0.993777573109
69404,0.998606979847
69405,0.997592926025
69406,0.992716789246
69407,0.998606979847
69408,0.998406648636
69409,0.989592850208
69410,0.987457513809
69411,0.991670906544
69412,0.989270746708
69413,0.994627535343
69414,0.998606979847
69415,0.941317081451
69416,0.99848139286
69417,0.995883405209
69418,0.99323707819
69419,0.992389976978
69420,0.972914636135
69421,0.998606979847
69422,0.966980874538
69423,0.99838078022
69424,0.998606979847
69425,0.997530579567
69426,0.991694092751
69427,0.998606979847
69428,0.998606979847
69429,0.992518246174
69430,0.953756511211
69431,0.993826210499
69432,0.997373878956
69433,0.993413150311
69434,0.998220264912
69435,0.998606979847
69436,0.994857430458
69437,0.998606979847
69438,0.994908452034
69439,0.99793946743
69440,0.976046085358
69441,0.993319034576
69442,0.996842384338
69443,0.997835695744
69444,0.99848139286
69445,0.997685015202
69446,0.998047590256
69447,0.96247625351
69448,0.997615814209
69449,0.993826210499
69450,0.992947757244
69451,0.931579589844
69452,0.998407959938
69453,0.993783652782
69454,0.998483419418
69455,0.98849260807
69456,0.99848139286
69457,0.966158747673
69458,0.99838078022
69459,0.991670906544
69460,0.993814527988
69461,0.99776917696
69462,0.998606979847
69463,0.998606979847
69464,0.997464060783
69465,0.997763693333
69466,0.972305476665
69467,0.998606979847
69468,0.992243826389
69469,0.994187355042
69470,0.998406648636
69471,0.995508491993
69472,0.998606979847
69473,0.870507180691
69474,0.969940006733
69475,0.99848139286
69476,0.998606979847
69477,0.986233532429
69478,0.99801248312
69479,0.973768055439
69480,0.998428761959
69481,0.998483419418
69482,0.998606979847
69483,0.98282045126
69484,0.994908452034
69485,0.997203886509
69486,0.998606979847
69487,0.998260438442
69488,0.891237258911
69489,0.994688689709
69490,0.990406990051
69491,0.99260956049
69492,0.998235344887
69493,0.997366845608
69494,0.900804877281
69495,0.993381381035
69496,0.99191403389
69497,0.992829561234
69498,0.998483419418
69499,0.998606979847
69500,0.995143890381
69501,0.998606979847
69502,0.970151603222
69503,0.995663285255
69504,0.996842384338
69505,0.99848139286
69506,0.998606979847
69507,0.975699722767
69508,0.994860112667
69509,0.998200654984
69510,0.996954917908
69511,0.958066105843
69512,0.975799322128
69513,0.998155236244
69514,0.997788965702
69515,0.998428761959
69516,0.99213540554
69517,0.993705391884
69518,0.998606979847
69519,0.986075222492
69520,0.99848139286
69521,0.90301656723
69522,0.957633972168
69523,0.997828781605
69524,0.998606979847
69525,0.995679020882
69526,0.997783958912
69527,0.998606979847
69528,0.998606979847
69529,0.995048761368
69530,0.998302519321
69531,0.998220264912
69532,0.992914438248
69533,0.990471899509
69534,0.998013615608
69535,0.998606979847
69536,0.998112678528
69537,0.998428761959
69538,0.998606979847
69539,0.99514746666
69540,0.996603786945
69541,0.998483419418
69542,0.967913806438
69543,0.998606979847
69544,0.994698345661
69545,0.998368620872
69546,0.991269946098
69547,0.994841814041
69548,0.998606979847
69549,0.997989296913
69550,0.998055100441
69551,0.998606979847
69552,0.99848139286
69553,0.993722617626
69554,0.988258063793
69555,0.99829441309
69556,0.984545528889
69557,0.998606979847
69558,0.997826635838
69559,0.998406648636
69560,0.99829441309
69561,0.99848139286
69562,0.971542060375
69563,0.991583406925
69564,0.995186090469
69565,0.991871297359
69566,0.998406648636
69567,0.99848139286
69568,0.990108728409
69569,0.99793946743
69570,0.9927059412
69571,0.968036174774
69572,0.998352825642
69573,0.998606979847
69574,0.995300292969
69575,0.969842970371
69576,0.976220846176
69577,0.997858762741
69578,0.995479524136
69579,0.998606979847
69580,0.993013441563
69581,0.99848139286
69582,0.99820047617
69583,0.998606979847
69584,0.959734261036
69585,0.998153328896
69586,0.998483419418
69587,0.998606979847
69588,0.995204508305
69589,0.998406648636
69590,0.993688821793
69591,0.998606979847
69592,0.991959631443
69593,0.995052993298
69594,0.998200654984
69595,0.906363010406
69596,0.998606979847
69597,0.998606979847
69598,0.989552974701
69599,0.998606979847
69600,0.998276054859
69601,0.992740154266
69602,0.99848139286
69603,0.998606979847
69604,0.99848139286
69605,0.997783958912
69606,0.99359691143
69607,0.997703015804
69608,0.993774235249
69609,0.991435945034
69610,0.992269158363
69611,0.998606979847
69612,0.991959631443
69613,0.998606979847
69614,0.968016147614
69615,0.984665691853
69616,0.998081326485
69617,0.995738744736
69618,0.963870644569
69619,0.998200654984
69620,0.998606979847
69621,0.993826210499
69622,0.998606979847
69623,0.994841814041
69624,0.993575751781
69625,0.997291088104
69626,0.99848139286
69627,0.997599542141
69628,0.998606979847
69629,0.99793946743
69630,0.998606979847
69631,0.998064756393
69632,0.998606979847
69633,0.969417512417
69634,0.99259775877
69635,0.995488107204
69636,0.993178665638
69637,0.993711173534
69638,0.99848139286
69639,0.95721668005
69640,0.99848139286
69641,0.998407959938
69642,0.990172147751
69643,0.998155415058
69644,0.997889816761
69645,0.99838078022
69646,0.99848139286
69647,0.998276054859
69648,0.970904648304
69649,0.99746888876
69650,0.996544718742
69651,0.998606979847
69652,0.967119216919
69653,0.998055100441
69654,0.974091053009
69655,0.992300510406
69656,0.994127929211
69657,0.98260730505
69658,0.997989296913
69659,0.996422410011
69660,0.998181462288
69661,0.996062517166
69662,0.996353328228
69663,0.996027112007
69664,0.975501000881
69665,0.995467782021
69666,0.985400140285
69667,0.991687476635
69668,0.998406648636
69669,0.998606979847
69670,0.998368620872
69671,0.99848139286
69672,0.993826210499
69673,0.964697182178
69674,0.998606979847
69675,0.998606979847
69676,0.995825171471
69677,0.998220264912
69678,0.998606979847
69679,0.995883405209
69680,0.964238882065
69681,0.694341301918
69682,0.998302519321
69683,0.997745871544
69684,0.998606979847
69685,0.970107734203
69686,0.99848139286
69687,0.998606979847
69688,0.99848139286
69689,0.99848139286
69690,0.989651560783
69691,0.985857903957
69692,0.960701823235
69693,0.991911172867
69694,0.998407959938
69695,0.994989395142
69696,0.989141345024
69697,0.99848139286
69698,0.99793946743
69699,0.991737008095
69700,0.998606979847
69701,0.997768104076
69702,0.993906497955
69703,0.99848139286
69704,0.997828781605
69705,0.992079973221
69706,0.99344265461
69707,0.992614209652
69708,0.992288827896
69709,0.99263459444
69710,0.994812428951
69711,0.996411442757
69712,0.983993113041
69713,0.99838078022
69714,0.994455933571
69715,0.955692827702
69716,0.998200654984
69717,0.994152784348
69718,0.991693496704
69719,0.984157562256
69720,0.998406648636
69721,0.998260438442
69722,0.998606979847
69723,0.998606979847
69724,0.99848139286
69725,0.982034802437
69726,0.998606979847
69727,0.991959631443
69728,0.998260438442
69729,0.997988402843
69730,0.998606979847
69731,0.99848139286
69732,0.995143890381
69733,0.99838078022
69734,0.998266220093
69735,0.997464060783
69736,0.993285596371
69737,0.998606979847
69738,0.998406648636
69739,0.998606979847
69740,0.99820047617
69741,0.99848139286
69742,0.996842384338
69743,0.998368620872
69744,0.998273909092
69745,0.992614209652
69746,0.995625913143
69747,0.998606979847
69748,0.99838078022
69749,0.994932472706
69750,0.991687476635
69751,0.989447593689
69752,0.98450922966
69753,0.998022854328
69754,0.992136061192
69755,0.99820047617
69756,0.998606979847
69757,0.997788965702
69758,0.982008099556
69759,0.991694092751
69760,0.99820047617
69761,0.706685066223
69762,0.997788965702
69763,0.998606979847
69764,0.990949034691
69765,0.99709290266
69766,0.998606979847
69767,0.998324692249
69768,0.997464060783
69769,0.998200654984
69770,0.998606979847
69771,0.991652965546
69772,0.989064633846
69773,0.998606979847
69774,0.998276054859
69775,0.99820047617
69776,0.993545532227
69777,0.998606979847
69778,0.986172735691
69779,0.997246146202
69780,0.998606979847
69781,0.998606979847
69782,0.998406648636
69783,0.998112678528
69784,0.997615814209
69785,0.998483419418
69786,0.918826460838
69787,0.996390998363
69788,0.972885727882
69789,0.997679948807
69790,0.961480617523
69791,0.984589397907
69792,0.994812428951
69793,0.990324378014
69794,0.994841814041
69795,0.996309936047
69796,0.989576518536
69797,0.984778106213
69798,0.997900903225
69799,0.998606979847
69800,0.99263459444
69801,0.998243689537
69802,0.997926175594
69803,0.99804186821
69804,0.997989296913
69805,0.998606979847
69806,0.995472192764
69807,0.998606979847
69808,0.992716789246
69809,0.997866868973
69810,0.937081575394
69811,0.974659025669
69812,0.99829441309
69813,0.99838078022
69814,0.990820527077
69815,0.998302519321
69816,0.998368620872
69817,0.997246146202
69818,0.998606979847
69819,0.998483419418
69820,0.991019010544
69821,0.997725665569
69822,0.998606979847
69823,0.998606979847
69824,0.997988402843
69825,0.998606979847
69826,0.99568593502
69827,0.982372999191
69828,0.998483419418
69829,0.998606979847
69830,0.997788965702
69831,0.991355717182
69832,0.993919312954
69833,0.998031020164
69834,0.998606979847
69835,0.998606979847
69836,0.964354276657
69837,0.973343491554
69838,0.990239500999
69839,0.997841417789
69840,0.99829441309
69841,0.998606979847
69842,0.936190247536
69843,0.998606979847
69844,0.870145261288
69845,0.984564960003
69846,0.993967413902
69847,0.980753183365
69848,0.992882192135
69849,0.998483419418
69850,0.998406648636
69851,0.998606979847
69852,0.996842384338
69853,0.995464742184
69854,0.966384768486
69855,0.990606427193
69856,0.996603786945
69857,0.96542930603
69858,0.998606979847
69859,0.996027112007
69860,0.998483419418
69861,0.998153328896
69862,0.998276054859
69863,0.985087811947
69864,0.994960904121
69865,0.998260438442
69866,0.998606979847
69867,0.89227616787
69868,0.998483419418
69869,0.998606979847
69870,0.957508325577
69871,0.997783958912
69872,0.998483419418
69873,0.966908216476
69874,0.990654528141
69875,0.997208058834
69876,0.996842384338
69877,0.998094499111
69878,0.925430297852
69879,0.975784122944
69880,0.998260438442
69881,0.963925778866
69882,0.998606979847
69883,0.998606979847
69884,0.97902661562
69885,0.994127929211
69886,0.993662595749
69887,0.990866303444
69888,0.998200654984
69889,0.996353328228
69890,0.996586322784
69891,0.997575700283
69892,0.998606979847
69893,0.991670906544
69894,0.99793946743
69895,0.965797245502
69896,0.827962458134
69897,0.998220264912
69898,0.998081326485
69899,0.998606979847
69900,0.998483419418
69901,0.990362644196
69902,0.998022854328
69903,0.995666265488
69904,0.994378387928
69905,0.994908452034
69906,0.998200178146
69907,0.997530579567
69908,0.998606979847
69909,0.993443787098
69910,0.991314172745
69911,0.988980770111
69912,0.997728407383
69913,0.994222164154
69914,0.99323707819
69915,0.998606979847
69916,0.99782294035
69917,0.994775772095
69918,0.99820047617
69919,0.936831891537
69920,0.996784746647
69921,0.995357811451
69922,0.996146798134
69923,0.982192456722
69924,0.998076677322
69925,0.998606979847
69926,0.998407959938
69927,0.99848139286
69928,0.994501173496
69929,0.99838078022
69930,0.991671204567
69931,0.99838078022
69932,0.998155415058
69933,0.991143465042
69934,0.998266220093
69935,0.991422832012
69936,0.998606979847
69937,0.998406648636
69938,0.99838078022
69939,0.992525339127
69940,0.998606979847
69941,0.998406648636
69942,0.993525803089
69943,0.998606979847
69944,0.992193877697
69945,0.998181462288
69946,0.99838078022
69947,0.99848139286
69948,0.998606979847
69949,0.998606979847
69950,0.992245495319
69951,0.992045760155
69952,0.988844156265
69953,0.98048889637
69954,0.998606979847
69955,0.998276054859
69956,0.998260438442
69957,0.998407959938
69958,0.993722617626
69959,0.99848139286
69960,0.994841814041
69961,0.998606979847
69962,0.970894813538
69963,0.964247047901
69964,0.998606979847
69965,0.998145222664
69966,0.997558534145
69967,0.99838078022
69968,0.994841814041
69969,0.995914697647
69970,0.998200654984
69971,0.996353328228
69972,0.997901082039
69973,0.998364388943
69974,0.998606979847
69975,0.99793946743
69976,0.998406648636
69977,0.995216012001
69978,0.99114638567
69979,0.998606979847
69980,0.995668113232
69981,0.984313428402
69982,0.99644446373
69983,0.998606979847
69984,0.985467076302
69985,0.998606979847
69986,0.998606979847
69987,0.998606979847
69988,0.998153328896
69989,0.997446119785
69990,0.995779871941
69991,0.992614209652
69992,0.895157694817
69993,0.996027112007
69994,0.990497767925
69995,0.99820047617
69996,0.996138811111
69997,0.997464060783
69998,0.998606979847
69999,0.963447511196
70000,0.996034264565
70001,0.998606979847
70002,0.99848139286
70003,0.997888922691
70004,0.998606979847
70005,0.968539059162
70006,0.995836913586
70007,0.997126221657
70008,0.993826210499
70009,0.99259531498
70010,0.998606979847
70011,0.985684216022
70012,0.997783958912
70013,0.998113453388
70014,0.994701504707
70015,0.996292173862
70016,0.998153328896
70017,0.979140281677
70018,0.998606979847
70019,0.997473359108
70020,0.996027112007
70021,0.994103848934
70022,0.998406648636
70023,0.993964195251
70024,0.993543326855
70025,0.992261469364
70026,0.99848139286
70027,0.998368620872
70028,0.993876159191
70029,0.998606979847
70030,0.988322615623
70031,0.998606979847
70032,0.995879232883
70033,0.99838078022
70034,0.99804186821
70035,0.990796923637
70036,0.992614209652
70037,0.998406648636
70038,0.998606979847
70039,0.992682158947
70040,0.998606979847
70041,0.995918869972
70042,0.998606979847
70043,0.998606979847
70044,0.992947757244
70045,0.994143724442
70046,0.996073663235
70047,0.99644446373
70048,0.997889041901
70049,0.993031740189
70050,0.998352825642
70051,0.992883503437
70052,0.994375705719
70053,0.996190726757
70054,0.946112811565
70055,0.998606979847
70056,0.990992367268
70057,0.996842384338
70058,0.998407959938
70059,0.99838078022
70060,0.97845184803
70061,0.873548448086
70062,0.996138811111
70063,0.996842384338
70064,0.998155415058
70065,0.99848139286
70066,0.997828781605
70067,0.998606979847
70068,0.998606979847
70069,0.996471583843
70070,0.965935409069
70071,0.993078410625
70072,0.998220264912
70073,0.992051482201
70074,0.90169262886
70075,0.998407959938
70076,0.896570444107
70077,0.998260438442
70078,0.990245401859
70079,0.873254477978
70080,0.992264389992
70081,0.958561897278
70082,0.878599762917
70083,0.991670906544
70084,0.992389976978
70085,0.99848139286
70086,0.897722005844
70087,0.992875635624
70088,0.998606979847
70089,0.99848139286
70090,0.992740154266
70091,0.996334016323
70092,0.986212551594
70093,0.998012661934
70094,0.993757486343
70095,0.998145222664
70096,0.997746109962
70097,0.99278396368
70098,0.997592926025
70099,0.993824005127
70100,0.907140016556
70101,0.980223417282
70102,0.997926533222
70103,0.991605639458
70104,0.998200654984
70105,0.998200654984
70106,0.998368620872
70107,0.995365023613
70108,0.998606979847
70109,0.998406648636
70110,0.998181462288
70111,0.992829561234
70112,0.996604025364
70113,0.997642397881
70114,0.998606979847
70115,0.998428761959
70116,0.974609673023
70117,0.99594938755
70118,0.995879232883
70119,0.993873596191
70120,0.99644446373
70121,0.993561208248
70122,0.962635338306
70123,0.98737847805
70124,0.990481555462
70125,0.998606979847
70126,0.998606979847
70127,0.998352825642
70128,0.988953411579
70129,0.995516598225
70130,0.996353328228
70131,0.993547201157
70132,0.99838078022
70133,0.992140233517
70134,0.993782103062
70135,0.988764464855
70136,0.998606979847
70137,0.998606979847
70138,0.969216287136
70139,0.996603786945
70140,0.998606979847
70141,0.980361759663
70142,0.998606979847
70143,0.998606979847
70144,0.998076677322
70145,0.994300663471
70146,0.998606979847
70147,0.998606979847
70148,0.998260438442
70149,0.997525453568
70150,0.996842384338
70151,0.998606979847
70152,0.994326114655
70153,0.998428761959
70154,0.992740154266
70155,0.998260438442
70156,0.997745871544
70157,0.989506721497
70158,0.993178665638
70159,0.998606979847
70160,0.997679948807
70161,0.991737008095
70162,0.99838078022
70163,0.996842384338
70164,0.99793946743
70165,0.995328187943
70166,0.998606979847
70167,0.992623507977
70168,0.996698200703
70169,0.986826956272
70170,0.998266220093
70171,0.954839348793
70172,0.998606979847
70173,0.98893225193
70174,0.998428761959
70175,0.998606979847
70176,0.887426614761
70177,0.998606979847
70178,0.998606979847
70179,0.99848139286
70180,0.998606979847
70181,0.998220264912
70182,0.998220264912
70183,0.99302303791
70184,0.99838078022
70185,0.998606979847
70186,0.997430801392
70187,0.998606979847
70188,0.99580514431
70189,0.998031020164
70190,0.989176034927
70191,0.997866868973
70192,0.998606979847
70193,0.996419608593
70194,0.99838078022
70195,0.926741957664
70196,0.984519481659
70197,0.991777837276
70198,0.991143465042
70199,0.989762127399
70200,0.998406648636
70201,0.97600799799
70202,0.994847416878
70203,0.996339023113
70204,0.998074531555
70205,0.99644446373
70206,0.997114419937
70207,0.998200654984
70208,0.998606979847
70209,0.998606979847
70210,0.994502425194
70211,0.998368620872
70212,0.998606979847
70213,0.997889041901
70214,0.994932472706
70215,0.998406648636
70216,0.997274756432
70217,0.995313107967
70218,0.99593526125
70219,0.998606979847
70220,0.998606979847
70221,0.99263459444
70222,0.995924890041
70223,0.99838078022
70224,0.99570608139
70225,0.992243826389
70226,0.993271529675
70227,0.995063126087
70228,0.988708436489
70229,0.99554425478
70230,0.992921948433
70231,0.99793946743
70232,0.998276054859
70233,0.97859287262
70234,0.989656448364
70235,0.998606979847
70236,0.99709379673
70237,0.998606979847
70238,0.998606979847
70239,0.998181462288
70240,0.992716789246
70241,0.998606979847
70242,0.998606979847
70243,0.998606979847
70244,0.99848139286
70245,0.99793946743
70246,0.985320568085
70247,0.988738894463
70248,0.997475922108
70249,0.998606979847
70250,0.998606979847
70251,0.998606979847
70252,0.993688821793
70253,0.961503386497
70254,0.995858848095
70255,0.961557745934
70256,0.997788965702
70257,0.992762625217
70258,0.997277140617
70259,0.992829561234
70260,0.998606979847
70261,0.998211562634
70262,0.997137546539
70263,0.99848139286
70264,0.994841814041
70265,0.998606979847
70266,0.99848139286
70267,0.945254683495
70268,0.998200654984
70269,0.991456389427
70270,0.990205228329
70271,0.996353328228
70272,0.969809830189
70273,0.989872574806
70274,0.99788749218
70275,0.998276054859
70276,0.977072119713
70277,0.998181462288
70278,0.996072053909
70279,0.99820047617
70280,0.990350246429
70281,0.998302519321
70282,0.998606979847
70283,0.990172147751
70284,0.997685015202
70285,0.988987624645
70286,0.981035530567
70287,0.998368620872
70288,0.992393434048
70289,0.99829441309
70290,0.996390998363
70291,0.998094499111
70292,0.985797762871
70293,0.998606979847
70294,0.996586322784
70295,0.994187355042
70296,0.998606979847
70297,0.995216012001
70298,0.998606979847
70299,0.994726777077
70300,0.997745871544
70301,0.998606979847
70302,0.993826210499
70303,0.992193877697
70304,0.998606979847
70305,0.966730356216
70306,0.99793946743
70307,0.985255897045
70308,0.99848139286
70309,0.99820047617
70310,0.995186805725
70311,0.996842384338
70312,0.995879232883
70313,0.99848139286
70314,0.998606979847
70315,0.998606979847
70316,0.998368620872
70317,0.998606979847
70318,0.99848139286
70319,0.998606979847
70320,0.892969489098
70321,0.994103848934
70322,0.998368620872
70323,0.997642397881
70324,0.998606979847
70325,0.991753101349
70326,0.991800963879
70327,0.99848139286
70328,0.99838078022
70329,0.997974872589
70330,0.992389976978
70331,0.997558534145
70332,0.996586322784
70333,0.982110857964
70334,0.998406648636
70335,0.998606979847
70336,0.993620932102
70337,0.991413116455
70338,0.997464060783
70339,0.992646753788
70340,0.992829561234
70341,0.99838078022
70342,0.996135532856
70343,0.993586242199
70344,0.993949234486
70345,0.998200654984
70346,0.932443261147
70347,0.964059889317
70348,0.998483419418
70349,0.996842384338
70350,0.998483419418
70351,0.994758427143
70352,0.995883405209
70353,0.998606979847
70354,0.998606979847
70355,0.991136431694
70356,0.998606979847
70357,0.995278120041
70358,0.991182327271
70359,0.998606979847
70360,0.998606979847
70361,0.995472192764
70362,0.997558534145
70363,0.99793946743
70364,0.986091375351
70365,0.998606979847
70366,0.987535715103
70367,0.99829441309
70368,0.997745871544
70369,0.998606979847
70370,0.992875635624
70371,0.99129897356
70372,0.99838078022
70373,0.998606979847
70374,0.997961580753
70375,0.989919960499
70376,0.998181462288
70377,0.993480682373
70378,0.998200654984
70379,0.99838078022
70380,0.998606979847
70381,0.922024846077
70382,0.998260438442
70383,0.998606979847
70384,0.998260438442
70385,0.996871292591
70386,0.994341433048
70387,0.985755681992
70388,0.984351456165
70389,0.99838078022
70390,0.998013615608
70391,0.9856133461
70392,0.997828781605
70393,0.992926299572
70394,0.994745314121
70395,0.998260438442
70396,0.995484411716
70397,0.993271529675
70398,0.908839166164
70399,0.998406648636
70400,0.997988402843
70401,0.993603289127
70402,0.998606979847
70403,0.996603786945
70404,0.998606979847
70405,0.998407959938
70406,0.993014156818
70407,0.99848139286
70408,0.998606979847
70409,0.993726432323
70410,0.99838078022
70411,0.998606979847
70412,0.998407959938
70413,0.989872574806
70414,0.991972327232
70415,0.992821633816
70416,0.978074491024
70417,0.997937142849
70418,0.998276054859
70419,0.998606979847
70420,0.994087517262
70421,0.99848139286
70422,0.99838078022
70423,0.998606979847
70424,0.996586322784
70425,0.998483419418
70426,0.992728590965
70427,0.998606979847
70428,0.998606979847
70429,0.99848139286
70430,0.998606979847
70431,0.998606979847
70432,0.996353328228
70433,0.998606979847
70434,0.950372576714
70435,0.885669052601
70436,0.969886779785
70437,0.998483419418
70438,0.998606979847
70439,0.99848139286
70440,0.998606979847
70441,0.992829561234
70442,0.998606979847
70443,0.998606979847
70444,0.996735036373
70445,0.997621715069
70446,0.998606979847
70447,0.998406648636
70448,0.992313325405
70449,0.998302519321
70450,0.98426425457
70451,0.99793946743
70452,0.95478618145
70453,0.979402244091
70454,0.997444391251
70455,0.994786262512
70456,0.99793946743
70457,0.998364388943
70458,0.998606979847
70459,0.998606979847
70460,0.998606979847
70461,0.99263459444
70462,0.998606979847
70463,0.998606979847
70464,0.992740154266
70465,0.998428761959
70466,0.992425978184
70467,0.99359691143
70468,0.995464742184
70469,0.991193413734
70470,0.998606979847
70471,0.99848139286
70472,0.994187355042
70473,0.993285596371
70474,0.998368620872
70475,0.995690941811
70476,0.882074952126
70477,0.998606979847
70478,0.985576748848
70479,0.984636664391
70480,0.997841417789
70481,0.998302519321
70482,0.998102426529
70483,0.993947446346
70484,0.998606979847
70485,0.937272667885
70486,0.99848139286
70487,0.990172147751
70488,0.998606979847
70489,0.998606979847
70490,0.983809411526
70491,0.998406648636
70492,0.996146798134
70493,0.998606979847
70494,0.991567671299
70495,0.981921434402
70496,0.973846912384
70497,0.998094499111
70498,0.998406648636
70499,0.997685015202
70500,0.998606979847
70501,0.998606979847
70502,0.890663743019
70503,0.99848139286
70504,0.998606979847
70505,0.995727002621
70506,0.991667091846
70507,0.998606979847
70508,0.99820047617
70509,0.997172415257
70510,0.991349339485
70511,0.998200654984
70512,0.998606979847
70513,0.99113380909
70514,0.997976005077
70515,0.991799712181
70516,0.997599542141
70517,0.996904432774
70518,0.991687476635
70519,0.99848139286
70520,0.998368620872
70521,0.998606979847
70522,0.988388180733
70523,0.991143465042
70524,0.987147629261
70525,0.988411426544
70526,0.998606979847
70527,0.979179978371
70528,0.996984064579
70529,0.997866868973
70530,0.997430801392
70531,0.99232250452
70532,0.997486829758
70533,0.993952155113
70534,0.998364388943
70535,0.998606979847
70536,0.998606979847
70537,0.989167630672
70538,0.998606979847
70539,0.99848139286
70540,0.995153963566
70541,0.998606979847
70542,0.994258463383
70543,0.993448495865
70544,0.993178665638
70545,0.997858762741
70546,0.998606979847
70547,0.992160916328
70548,0.993945300579
70549,0.994758427143
70550,0.995935499668
70551,0.998606979847
70552,0.995372235775
70553,0.998081743717
70554,0.997558534145
70555,0.998428761959
70556,0.991074919701
70557,0.983066439629
70558,0.998606979847
70559,0.991296768188
70560,0.998606979847
70561,0.994594871998
70562,0.998153328896
70563,0.997255086899
70564,0.998111128807
70565,0.983021378517
70566,0.998606979847
70567,0.998606979847
70568,0.992947757244
70569,0.996975183487
70570,0.998606979847
70571,0.990798175335
70572,0.992429673672
70573,0.998606979847
70574,0.998606979847
70575,0.998606979847
70576,0.99838078022
70577,0.998606979847
70578,0.995312869549
70579,0.994300663471
70580,0.990124881268
70581,0.994463682175
70582,0.991142272949
70583,0.998483419418
70584,0.998606979847
70585,0.980340301991
70586,0.996062517166
70587,0.978096187115
70588,0.99635130167
70589,0.982658028603
70590,0.900350570679
70591,0.998606979847
70592,0.996946036816
70593,0.9962053895
70594,0.998153328896
70595,0.976983308792
70596,0.998606979847
70597,0.998079001904
70598,0.998483419418
70599,0.992372989655
70600,0.931549608707
70601,0.990014493465
70602,0.998406648636
70603,0.998031020164
70604,0.992787539959
70605,0.99813079834
70606,0.998606979847
70607,0.99793946743
70608,0.99263459444
70609,0.997822642326
70610,0.995878458023
70611,0.998013615608
70612,0.99848139286
70613,0.998184978962
70614,0.998163342476
70615,0.968061745167
70616,0.998302519321
70617,0.998606979847
70618,0.998113453388
70619,0.997954785824
70620,0.99848139286
70621,0.997473359108
70622,0.998200654984
70623,0.991553783417
70624,0.99848139286
70625,0.99263459444
70626,0.998606979847
70627,0.99793946743
70628,0.998606979847
70629,0.996146798134
70630,0.994444489479
70631,0.998406648636
70632,0.939891219139
70633,0.988098442554
70634,0.980537235737
70635,0.997828781605
70636,0.994841814041
70637,0.998260438442
70638,0.99848139286
70639,0.994766175747
70640,0.993048906326
70641,0.991422832012
70642,0.98529279232
70643,0.994021296501
70644,0.99793946743
70645,0.962223827839
70646,0.998606979847
70647,0.991377651691
70648,0.990400075912
70649,0.997398436069
70650,0.99829441309
70651,0.998606979847
70652,0.99801248312
70653,0.998031020164
70654,0.998606979847
70655,0.998606979847
70656,0.998606979847
70657,0.998081326485
70658,0.998364388943
70659,0.993703067303
70660,0.99580514431
70661,0.998606979847
70662,0.99848139286
70663,0.998309850693
70664,0.987700998783
70665,0.99848139286
70666,0.952846646309
70667,0.96579349041
70668,0.890295147896
70669,0.99848139286
70670,0.998606979847
70671,0.995782911777
70672,0.998276054859
70673,0.998606979847
70674,0.997788965702
70675,0.996842384338
70676,0.998606979847
70677,0.998368620872
70678,0.996411442757
70679,0.962865114212
70680,0.976040780544
70681,0.998406648636
70682,0.994302749634
70683,0.947446942329
70684,0.998260438442
70685,0.998606979847
70686,0.985150456429
70687,0.997866868973
70688,0.996146798134
70689,0.983884811401
70690,0.966061592102
70691,0.99820047617
70692,0.996140956879
70693,0.995874881744
70694,0.998606979847
70695,0.995278120041
70696,0.993183076382
70697,0.992767930031
70698,0.982039153576
70699,0.991583764553
70700,0.998606979847
70701,0.994148433208
70702,0.990039646626
70703,0.806451737881
70704,0.996034264565
70705,0.990979075432
70706,0.99848139286
70707,0.990000069141
70708,0.995158433914
70709,0.99848139286
70710,0.998606979847
70711,0.99759221077
70712,0.994375705719
70713,0.994979798794
70714,0.99793946743
70715,0.994817852974
70716,0.991142272949
70717,0.99848139286
70718,0.994907796383
70719,0.997508645058
70720,0.998606979847
70721,0.995849609375
70722,0.997730672359
70723,0.991694092751
70724,0.998606979847
70725,0.994841814041
70726,0.997728407383
70727,0.998606979847
70728,0.998407959938
70729,0.99793946743
70730,0.998276054859
70731,0.99848139286
70732,0.996583402157
70733,0.99838078022
70734,0.99848139286
70735,0.99848139286
70736,0.950893759727
70737,0.998406648636
70738,0.990256786346
70739,0.979235708714
70740,0.998153328896
70741,0.963890135288
70742,0.998094499111
70743,0.998606979847
70744,0.998220264912
70745,0.997841417789
70746,0.972225964069
70747,0.99760556221
70748,0.990102887154
70749,0.998606979847
70750,0.96876168251
70751,0.990221738815
70752,0.992441296577
70753,0.99838078022
70754,0.997804522514
70755,0.99848139286
70756,0.997457504272
70757,0.998368620872
70758,0.992321074009
70759,0.996411442757
70760,0.99793946743
70761,0.984027147293
70762,0.99848139286
70763,0.998606979847
70764,0.994834959507
70765,0.997989296913
70766,0.991143465042
70767,0.992829561234
70768,0.997170507908
70769,0.995257675648
70770,0.989244818687
70771,0.994462072849
70772,0.994886219501
70773,0.998200654984
70774,0.998606979847
70775,0.988431453705
70776,0.983307778835
70777,0.96810978651
70778,0.993983745575
70779,0.998606979847
70780,0.996027112007
70781,0.993524193764
70782,0.998211979866
70783,0.997951805592
70784,0.997835695744
70785,0.998606979847
70786,0.988571286201
70787,0.990128099918
70788,0.998606979847
70789,0.997881054878
70790,0.957085251808
70791,0.978484272957
70792,0.998273909092
70793,0.90259540081
70794,0.99263459444
70795,0.997659146786
70796,0.991879403591
70797,0.997235000134
70798,0.998013615608
70799,0.998483419418
70800,0.992883503437
70801,0.995216012001
70802,0.998606979847
70803,0.998200654984
70804,0.995717763901
70805,0.998606979847
70806,0.995489835739
70807,0.99800080061
70808,0.997464060783
70809,0.997700989246
70810,0.998606979847
70811,0.99793946743
70812,0.998606979847
70813,0.993715405464
70814,0.998606979847
70815,0.99679017067
70816,0.998406648636
70817,0.99023270607
70818,0.998184978962
70819,0.996390998363
70820,0.99838078022
70821,0.993079900742
70822,0.935615420341
70823,0.998606979847
70824,0.99838078022
70825,0.998606979847
70826,0.998606979847
70827,0.99793946743
70828,0.998013615608
70829,0.995357811451
70830,0.997574031353
70831,0.998606979847
70832,0.992716789246
70833,0.949005424976
70834,0.99578589201
70835,0.988999903202
70836,0.998200654984
70837,0.997485339642
70838,0.997788965702
70839,0.998606979847
70840,0.998606979847
70841,0.997585177422
70842,0.998606979847
70843,0.992519974709
70844,0.96405184269
70845,0.923103809357
70846,0.994680047035
70847,0.998406648636
70848,0.998606979847
70849,0.997866868973
70850,0.961620390415
70851,0.995621562004
70852,0.998483419418
70853,0.988044202328
70854,0.991894245148
70855,0.998276054859
70856,0.99263459444
70857,0.998606979847
70858,0.990778982639
70859,0.997828781605
70860,0.998200178146
70861,0.915970444679
70862,0.987399041653
70863,0.997558534145
70864,0.998220264912
70865,0.998352825642
70866,0.99263459444
70867,0.99848139286
70868,0.997464060783
70869,0.998178064823
70870,0.997508645058
70871,0.994786262512
70872,0.998364388943
70873,0.998200654984
70874,0.931884765625
70875,0.997298836708
70876,0.992947757244
70877,0.897692680359
70878,0.998153328896
70879,0.987651348114
70880,0.997783958912
70881,0.997615814209
70882,0.996027112007
70883,0.998606979847
70884,0.988846004009
70885,0.998606979847
70886,0.997708141804
70887,0.99793946743
70888,0.997900903225
70889,0.998181462288
70890,0.998260438442
70891,0.995209693909
70892,0.99227231741
70893,0.99263459444
70894,0.99633949995
70895,0.987023353577
70896,0.997525453568
70897,0.998606979847
70898,0.99271351099
70899,0.997988402843
70900,0.996676027775
70901,0.99554425478
70902,0.998606979847
70903,0.998606979847
70904,0.998153328896
70905,0.998081326485
70906,0.997262656689
70907,0.994418382645
70908,0.994194447994
70909,0.995727539062
70910,0.994701087475
70911,0.99848139286
70912,0.998606979847
70913,0.988275647163
70914,0.993914842606
70915,0.959865272045
70916,0.998606979847
70917,0.99848139286
70918,0.99594938755
70919,0.99848139286
70920,0.990880608559
70921,0.997364997864
70922,0.99705940485
70923,0.998606979847
70924,0.99759221077
70925,0.967734336853
70926,0.998606979847
70927,0.998606979847
70928,0.998406648636
70929,0.99848139286
70930,0.993620932102
70931,0.998606979847
70932,0.970949172974
70933,0.994836211205
70934,0.998406648636
70935,0.992829561234
70936,0.994422972202
70937,0.996842384338
70938,0.998260438442
70939,0.982186317444
70940,0.995985627174
70941,0.997246146202
70942,0.998606979847
70943,0.992921948433
70944,0.991355717182
70945,0.998145222664
70946,0.997745871544
70947,0.997703015804
70948,0.997018873692
70949,0.992103219032
70950,0.989192783833
70951,0.998428761959
70952,0.975565314293
70953,0.996138811111
70954,0.998220264912
70955,0.99375975132
70956,0.998606979847
70957,0.998013615608
70958,0.993031740189
70959,0.998606979847
70960,0.998364388943
70961,0.91331499815
70962,0.991005063057
70963,0.996062338352
70964,0.99793946743
70965,0.997889041901
70966,0.996917426586
70967,0.99644446373
70968,0.99263459444
70969,0.998606979847
70970,0.998243689537
70971,0.998606979847
70972,0.998606979847
70973,0.997989296913
70974,0.989944934845
70975,0.992829561234
70976,0.982019364834
70977,0.998606979847
70978,0.998483419418
70979,0.998606979847
70980,0.998606979847
70981,0.996162116528
70982,0.998606979847
70983,0.992185890675
70984,0.987515032291
70985,0.998079001904
70986,0.99838078022
70987,0.990265846252
70988,0.99838078022
70989,0.997783958912
70990,0.998013615608
70991,0.99782294035
70992,0.990351080894
70993,0.998606979847
70994,0.98561245203
70995,0.994413077831
70996,0.993826210499
70997,0.998483419418
70998,0.998153328896
70999,0.99263459444
71000,0.997336804867
71001,0.989749193192
71002,0.9951415658
71003,0.99813079834
71004,0.930393755436
71005,0.966254353523
71006,0.993559062481
71007,0.998606979847
71008,0.998606979847
71009,0.997511327267
71010,0.99838078022
71011,0.989671111107
71012,0.998012661934
71013,0.998243689537
71014,0.998606979847
71015,0.992829561234
71016,0.978186011314
71017,0.99216067791
71018,0.99793946743
71019,0.998013615608
71020,0.997828781605
71021,0.998606979847
71022,0.995751619339
71023,0.998483419418
71024,0.998606979847
71025,0.997937142849
71026,0.977858841419
71027,0.992094933987
71028,0.998200654984
71029,0.99838078022
71030,0.996027112007
71031,0.998606979847
71032,0.99848139286
71033,0.991753101349
71034,0.981762945652
71035,0.99614328146
71036,0.992076218128
71037,0.994262695312
71038,0.997511327267
71039,0.989718794823
71040,0.99838078022
71041,0.975620687008
71042,0.988960146904
71043,0.998606979847
71044,0.99848139286
71045,0.992829561234
71046,0.998606979847
71047,0.991034507751
71048,0.998181462288
71049,0.998606979847
71050,0.997866868973
71051,0.998606979847
71052,0.992046952248
71053,0.998276054859
71054,0.988489627838
71055,0.989063024521
71056,0.995188713074
71057,0.992326378822
71058,0.998064756393
71059,0.996842384338
71060,0.995134413242
71061,0.968150734901
71062,0.99793946743
71063,0.99594938755
71064,0.998483419418
71065,0.978065371513
71066,0.998153328896
71067,0.991473138332
71068,0.959022939205
71069,0.998606979847
71070,0.994950652122
71071,0.934920072556
71072,0.99848139286
71073,0.998368620872
71074,0.979656398296
71075,0.997092247009
71076,0.997170507908
71077,0.996795237064
71078,0.993048906326
71079,0.976861476898
71080,0.99848139286
71081,0.997858762741
71082,0.990167737007
71083,0.998606979847
71084,0.979933023453
71085,0.995624482632
71086,0.996842384338
71087,0.993561327457
71088,0.997828781605
71089,0.989253997803
71090,0.997900903225
71091,0.998211979866
71092,0.998483419418
71093,0.991092026234
71094,0.998061060905
71095,0.998276054859
71096,0.998606979847
71097,0.998022079468
71098,0.995838344097
71099,0.99838078022
71100,0.99404489994
71101,0.998606979847
71102,0.997850000858
71103,0.998606979847
71104,0.998606979847
71105,0.952459514141
71106,0.995439469814
71107,0.99848139286
71108,0.996007800102
71109,0.930517911911
71110,0.979890167713
71111,0.947036147118
71112,0.998273909092
71113,0.994458317757
71114,0.99509036541
71115,0.998606979847
71116,0.996138811111
71117,0.995802223682
71118,0.98995167017
71119,0.998606979847
71120,0.997926533222
71121,0.998606979847
71122,0.993953585625
71123,0.992331385612
71124,0.998200654984
71125,0.998276054859
71126,0.98853379488
71127,0.992520391941
71128,0.998606979847
71129,0.998606979847
71130,0.998606979847
71131,0.991762518883
71132,0.99820047617
71133,0.993178665638
71134,0.998153328896
71135,0.998606979847
71136,0.99782294035
71137,0.988202154636
71138,0.998606979847
71139,0.985487759113
71140,0.998606979847
71141,0.973363697529
71142,0.991324186325
71143,0.998606979847
71144,0.991998553276
71145,0.998606979847
71146,0.998606979847
71147,0.998606979847
71148,0.998243689537
71149,0.99509447813
71150,0.990386247635
71151,0.998406648636
71152,0.980007827282
71153,0.998606979847
71154,0.99838078022
71155,0.987698554993
71156,0.998079001904
71157,0.987500905991
71158,0.992947757244
71159,0.998606979847
71160,0.990104794502
71161,0.99838078022
71162,0.946226239204
71163,0.971303701401
71164,0.992740154266
71165,0.998606979847
71166,0.998428761959
71167,0.996292173862
71168,0.998483419418
71169,0.998606979847
71170,0.998005568981
71171,0.985246777534
71172,0.998127579689
71173,0.998013615608
71174,0.998606979847
71175,0.998606979847
71176,0.992947757244
71177,0.998181462288
71178,0.99829441309
71179,0.998428761959
71180,0.99829441309
71181,0.998606979847
71182,0.996143162251
71183,0.998200654984
71184,0.996007800102
71185,0.991777837276
71186,0.998606979847
71187,0.940989792347
71188,0.998084664345
71189,0.984519481659
71190,0.998606979847
71191,0.991934776306
71192,0.998606979847
71193,0.99782294035
71194,0.998153328896
71195,0.991979956627
71196,0.997172415257
71197,0.968457877636
71198,0.985479652882
71199,0.997225165367
71200,0.99848139286
71201,0.997988402843
71202,0.979354023933
71203,0.998260438442
71204,0.99793946743
71205,0.998081743717
71206,0.998606979847
71207,0.997858762741
71208,0.997841417789
71209,0.998606979847
71210,0.989376008511
71211,0.996842384338
71212,0.99100202322
71213,0.998606979847
71214,0.998260438442
71215,0.992457985878
71216,0.998200654984
71217,0.99793946743
71218,0.995782911777
71219,0.988564074039
71220,0.996842384338
71221,0.97848534584
71222,0.998606979847
71223,0.993952155113
71224,0.997685015202
71225,0.977702558041
71226,0.996580421925
71227,0.991697609425
71228,0.995628535748
71229,0.99848139286
71230,0.998606979847
71231,0.99050027132
71232,0.993048906326
71233,0.984202563763
71234,0.99838078022
71235,0.998276054859
71236,0.990226686001
71237,0.99457603693
71238,0.991257727146
71239,0.997389912605
71240,0.995141208172
71241,0.995464742184
71242,0.99848139286
71243,0.99848139286
71244,0.99848139286
71245,0.995464742184
71246,0.997880876064
71247,0.984400570393
71248,0.986679792404
71249,0.998276054859
71250,0.996027112007
71251,0.997841417789
71252,0.876380741596
71253,0.998606979847
71254,0.992062449455
71255,0.997685015202
71256,0.998606979847
71257,0.994492828846
71258,0.99848139286
71259,0.998276054859
71260,0.965820431709
71261,0.99403578043
71262,0.99312633276
71263,0.99032741785
71264,0.998483419418
71265,0.988758802414
71266,0.998606979847
71267,0.997889041901
71268,0.998606979847
71269,0.992020487785
71270,0.998406648636
71271,0.997889041901
71272,0.998606979847
71273,0.986512959003
71274,0.914433896542
71275,0.996411442757
71276,0.995048761368
71277,0.993097007275
71278,0.996411442757
71279,0.99848139286
71280,0.969062745571
71281,0.995472192764
71282,0.991953492165
71283,0.993375957012
71284,0.99848139286
71285,0.998260438442
71286,0.99644446373
71287,0.998606979847
71288,0.998606979847
71289,0.998606979847
71290,0.968320012093
71291,0.998606979847
71292,0.995924890041
71293,0.998181462288
71294,0.998260438442
71295,0.99838078022
71296,0.998220264912
71297,0.99848139286
71298,0.994609773159
71299,0.981577575207
71300,0.998061478138
71301,0.992331385612
71302,0.998406648636
71303,0.991540431976
71304,0.980470657349
71305,0.992090344429
71306,0.997822642326
71307,0.997900903225
71308,0.992331385612
71309,0.998406648636
71310,0.996603786945
71311,0.994187355042
71312,0.998606979847
71313,0.982373297215
71314,0.997783958912
71315,0.977606475353
71316,0.998153328896
71317,0.993849337101
71318,0.998483419418
71319,0.993852257729
71320,0.997968196869
71321,0.998606979847
71322,0.998063981533
71323,0.995849609375
71324,0.998606979847
71325,0.995782911777
71326,0.996842384338
71327,0.997788965702
71328,0.994621753693
71329,0.998153328896
71330,0.998407959938
71331,0.998606979847
71332,0.99259531498
71333,0.993826210499
71334,0.972230374813
71335,0.994685232639
71336,0.995707631111
71337,0.992092549801
71338,0.998064756393
71339,0.99587225914
71340,0.993895709515
71341,0.998368620872
71342,0.982340216637
71343,0.989307105541
71344,0.997446119785
71345,0.958448708057
71346,0.99633949995
71347,0.997961580753
71348,0.996842384338
71349,0.991038799286
71350,0.992947757244
71351,0.998368620872
71352,0.97065871954
71353,0.992257833481
71354,0.99848139286
71355,0.99793946743
71356,0.997828781605
71357,0.96829533577
71358,0.924413442612
71359,0.969059705734
71360,0.998302519321
71361,0.998606979847
71362,0.990489304066
71363,0.983902096748
71364,0.99838078022
71365,0.998606979847
71366,0.992140233517
71367,0.998606979847
71368,0.998167812824
71369,0.99793946743
71370,0.99848139286
71371,0.998606979847
71372,0.996842384338
71373,0.998606979847
71374,0.976351499557
71375,0.99263459444
71376,0.998200654984
71377,0.998368620872
71378,0.998606979847
71379,0.988911747932
71380,0.998013615608
71381,0.996033132076
71382,0.997592926025
71383,0.99838078022
71384,0.984890818596
71385,0.992393255234
71386,0.987820446491
71387,0.998606979847
71388,0.997597813606
71389,0.998364388943
71390,0.973731100559
71391,0.993826210499
71392,0.99848139286
71393,0.99838078022
71394,0.998606979847
71395,0.998155415058
71396,0.995914697647
71397,0.998606979847
71398,0.998155415058
71399,0.990270972252
71400,0.998606979847
71401,0.997713565826
71402,0.993048906326
71403,0.998406648636
71404,0.997481524944
71405,0.995123207569
71406,0.998606979847
71407,0.990064442158
71408,0.99359691143
71409,0.985725283623
71410,0.998364388943
71411,0.989754974842
71412,0.998606979847
71413,0.992657661438
71414,0.998606979847
71415,0.99263459444
71416,0.99848139286
71417,0.997866868973
71418,0.998483419418
71419,0.996842384338
71420,0.998606979847
71421,0.99848139286
71422,0.998606979847
71423,0.95468711853
71424,0.998606979847
71425,0.99644446373
71426,0.998606979847
71427,0.997828781605
71428,0.992740154266
71429,0.946290314198
71430,0.991973340511
71431,0.991290867329
71432,0.99793946743
71433,0.998606979847
71434,0.991849601269
71435,0.992050349712
71436,0.997852921486
71437,0.978337168694
71438,0.998606979847
71439,0.983381927013
71440,0.998184978962
71441,0.997815132141
71442,0.998606979847
71443,0.99848139286
71444,0.998200654984
71445,0.998606979847
71446,0.992829561234
71447,0.993533909321
71448,0.985262095928
71449,0.998606979847
71450,0.997592926025
71451,0.935835361481
71452,0.998153328896
71453,0.998606979847
71454,0.997828781605
71455,0.996529698372
71456,0.88119995594
71457,0.998153328896
71458,0.99848139286
71459,0.998606979847
71460,0.998606979847
71461,0.99848139286
71462,0.998276054859
71463,0.995275914669
71464,0.99838078022
71465,0.99169510603
71466,0.998606979847
71467,0.998483419418
71468,0.998406648636
71469,0.998260438442
71470,0.981125473976
71471,0.994441688061
71472,0.998606979847
71473,0.991699874401
71474,0.997988402843
71475,0.997574031353
71476,0.998606979847
71477,0.998483419418
71478,0.991370677948
71479,0.993826210499
71480,0.99829441309
71481,0.928944408894
71482,0.97862881422
71483,0.990004003048
71484,0.996146798134
71485,0.99644446373
71486,0.932811915874
71487,0.998606979847
71488,0.99644446373
71489,0.984700739384
71490,0.998606979847
71491,0.99848139286
71492,0.998606979847
71493,0.993210673332
71494,0.998606979847
71495,0.991992235184
71496,0.998260438442
71497,0.99848139286
71498,0.997807383537
71499,0.974566578865
71500,0.998606979847
71501,0.994453907013
71502,0.998606979847
71503,0.996603786945
71504,0.996842384338
71505,0.998606979847
71506,0.99848139286
71507,0.998364388943
71508,0.987778127193
71509,0.966802179813
71510,0.99848139286
71511,0.977605760098
71512,0.998606979847
71513,0.998606979847
71514,0.998200654984
71515,0.992947757244
71516,0.998054504395
71517,0.998227238655
71518,0.998606979847
71519,0.997574031353
71520,0.997989296913
71521,0.944599986076
71522,0.993826210499
71523,0.998606979847
71524,0.998606979847
71525,0.992829561234
71526,0.992041170597
71527,0.996138811111
71528,0.998606979847
71529,0.995224177837
71530,0.99838078022
71531,0.990788698196
71532,0.998364388943
71533,0.998606979847
71534,0.99793946743
71535,0.997574031353
71536,0.998606979847
71537,0.998606979847
71538,0.998606979847
71539,0.998406648636
71540,0.998606979847
71541,0.998407959938
71542,0.996185719967
71543,0.997988402843
71544,0.998094499111
71545,0.997745871544
71546,0.988108098507
71547,0.998606979847
71548,0.998606979847
71549,0.993164479733
71550,0.998606979847
71551,0.998606979847
71552,0.992225527763
71553,0.99439650774
71554,0.99403578043
71555,0.99848139286
71556,0.998037517071
71557,0.997664451599
71558,0.981303930283
71559,0.99717271328
71560,0.998606979847
71561,0.998606979847
71562,0.996162950993
71563,0.997575700283
71564,0.998200654984
71565,0.998606979847
71566,0.998102426529
71567,0.998606979847
71568,0.989762127399
71569,0.993960618973
71570,0.996842384338
71571,0.992243826389
71572,0.992400109768
71573,0.995439469814
71574,0.994862854481
71575,0.998102426529
71576,0.99838078022
71577,0.99848139286
71578,0.998606979847
71579,0.99829441309
71580,0.998220264912
71581,0.998260438442
71582,0.995757579803
71583,0.981220960617
71584,0.998483419418
71585,0.998606979847
71586,0.992679297924
71587,0.99263459444
71588,0.998064756393
71589,0.995867490768
71590,0.998200654984
71591,0.99829441309
71592,0.998406648636
71593,0.998606979847
71594,0.998606979847
71595,0.996411442757
71596,0.993791103363
71597,0.995849609375
71598,0.99848139286
71599,0.997822642326
71600,0.992115020752
71601,0.997806489468
71602,0.995957553387
71603,0.998483419418
71604,0.985706448555
71605,0.993285119534
71606,0.998606979847
71607,0.998606979847
71608,0.998606979847
71609,0.990391969681
71610,0.998406648636
71611,0.960221707821
71612,0.998155415058
71613,0.990759730339
71614,0.998606979847
71615,0.921123147011
71616,0.998145222664
71617,0.972251594067
71618,0.998606979847
71619,0.997988402843
71620,0.97448605299
71621,0.998147547245
71622,0.997346937656
71623,0.998483419418
71624,0.968337416649
71625,0.990740776062
71626,0.998606979847
71627,0.998406648636
71628,0.99838078022
71629,0.995585262775
71630,0.995226442814
71631,0.997828781605
71632,0.998260438442
71633,0.974527895451
71634,0.998606979847
71635,0.997464060783
71636,0.998606979847
71637,0.998302519321
71638,0.998606979847
71639,0.998606979847
71640,0.998606979847
71641,0.994723320007
71642,0.962602853775
71643,0.995924890041
71644,0.998606979847
71645,0.998606979847
71646,0.998005568981
71647,0.998013615608
71648,0.982589364052
71649,0.995853245258
71650,0.998606979847
71651,0.991347789764
71652,0.992062449455
71653,0.998273909092
71654,0.940020918846
71655,0.996842384338
71656,0.991670906544
71657,0.997703015804
71658,0.992820084095
71659,0.99232250452
71660,0.996076047421
71661,0.99194663763
71662,0.989046156406
71663,0.996146798134
71664,0.998276054859
71665,0.992288827896
71666,0.989542245865
71667,0.998606979847
71668,0.995347619057
71669,0.996795237064
71670,0.99838078022
71671,0.998606979847
71672,0.996027112007
71673,0.99848139286
71674,0.998260438442
71675,0.998606979847
71676,0.99848139286
71677,0.998406648636
71678,0.998200654984
71679,0.980135142803
71680,0.972523808479
71681,0.998606979847
71682,0.975129902363
71683,0.998153328896
71684,0.99232250452
71685,0.998606979847
71686,0.998406648636
71687,0.997638404369
71688,0.991151809692
71689,0.992336511612
71690,0.993826210499
71691,0.998606979847
71692,0.996116995811
71693,0.992231249809
71694,0.998606979847
71695,0.992829561234
71696,0.988592088223
71697,0.998483419418
71698,0.998606979847
71699,0.99793946743
71700,0.968021988869
71701,0.99848139286
71702,0.998407959938
71703,0.998606979847
71704,0.99838078022
71705,0.99403578043
71706,0.991864025593
71707,0.988235294819
71708,0.991777837276
71709,0.998606979847
71710,0.997464060783
71711,0.985766530037
71712,0.997190058231
71713,0.998606979847
71714,0.972428798676
71715,0.996353328228
71716,0.993961215019
71717,0.998368620872
71718,0.99829441309
71719,0.994140684605
71720,0.997989296913
71721,0.996334016323
71722,0.998606979847
71723,0.997783958912
71724,0.998606979847
71725,0.995883405209
71726,0.99838078022
71727,0.998483419418
71728,0.998606979847
71729,0.954623639584
71730,0.993826210499
71731,0.998606979847
71732,0.992509841919
71733,0.996933698654
71734,0.995845198631
71735,0.998606979847
71736,0.991210520267
71737,0.988248348236
71738,0.998606979847
71739,0.998606979847
71740,0.994627535343
71741,0.998606979847
71742,0.998606979847
71743,0.99848139286
71744,0.998606979847
71745,0.998368620872
71746,0.998606979847
71747,0.998606979847
71748,0.99848139286
71749,0.998483419418
71750,0.998102426529
71751,0.99848139286
71752,0.992636680603
71753,0.996138811111
71754,0.975487470627
71755,0.998406648636
71756,0.997988402843
71757,0.99848139286
71758,0.998606979847
71759,0.990613996983
71760,0.998407959938
71761,0.995874881744
71762,0.998606979847
71763,0.998606979847
71764,0.993686556816
71765,0.996603786945
71766,0.998276054859
71767,0.998276054859
71768,0.991934776306
71769,0.99076706171
71770,0.998153328896
71771,0.998606979847
71772,0.995044291019
71773,0.994300663471
71774,0.998606979847
71775,0.952320873737
71776,0.998606979847
71777,0.998606979847
71778,0.998406648636
71779,0.990579605103
71780,0.998606979847
71781,0.997685015202
71782,0.998200654984
71783,0.995879232883
71784,0.996353328228
71785,0.998406648636
71786,0.966376304626
71787,0.998220264912
71788,0.998606979847
71789,0.860817432404
71790,0.998606979847
71791,0.998606979847
71792,0.996353328228
71793,0.998606979847
71794,0.996989548206
71795,0.997599542141
71796,0.99793946743
71797,0.998352825642
71798,0.998368620872
71799,0.987686634064
71800,0.988258063793
71801,0.997320950031
71802,0.997472524643
71803,0.985584318638
71804,0.992261469364
71805,0.998606979847
71806,0.992243826389
71807,0.994359791279
71808,0.88499891758
71809,0.998606979847
71810,0.980321407318
71811,0.99795383215
71812,0.996603786945
71813,0.998606979847
71814,0.998606979847
71815,0.998406648636
71816,0.992103219032
71817,0.98784160614
71818,0.99848139286
71819,0.998606979847
71820,0.998606979847
71821,0.998153328896
71822,0.997708141804
71823,0.996842384338
71824,0.998406648636
71825,0.99848139286
71826,0.996819078922
71827,0.998407959938
71828,0.996551156044
71829,0.983398675919
71830,0.998606979847
71831,0.998606979847
71832,0.995313107967
71833,0.998606979847
71834,0.984074294567
71835,0.990400075912
71836,0.93187892437
71837,0.986931562424
71838,0.998606979847
71839,0.986129164696
71840,0.993171095848
71841,0.99848139286
71842,0.998606979847
71843,0.998368620872
71844,0.998293995857
71845,0.977800130844
71846,0.998606979847
71847,0.998364388943
71848,0.998606979847
71849,0.99848139286
71850,0.998606979847
71851,0.995666623116
71852,0.998606979847
71853,0.998606979847
71854,0.998606979847
71855,0.998606979847
71856,0.998606979847
71857,0.998606979847
71858,0.993533909321
71859,0.990239500999
71860,0.91070497036
71861,0.998153328896
71862,0.998022079468
71863,0.9913662076
71864,0.998406648636
71865,0.998606979847
71866,0.998606979847
71867,0.998013615608
71868,0.993255913258
71869,0.998606979847
71870,0.964337944984
71871,0.98030179739
71872,0.996818959713
71873,0.998606979847
71874,0.99848139286
71875,0.998606979847
71876,0.99263459444
71877,0.993319034576
71878,0.998606979847
71879,0.998606979847
71880,0.996073663235
71881,0.99158602953
71882,0.998406648636
71883,0.996698200703
71884,0.99848139286
71885,0.99848139286
71886,0.99848139286
71887,0.932399749756
71888,0.99848139286
71889,0.99848139286
71890,0.994384765625
71891,0.998606979847
71892,0.998606979847
71893,0.995459258556
71894,0.997788965702
71895,0.99829441309
71896,0.998153328896
71897,0.998406648636
71898,0.998606979847
71899,0.998606979847
71900,0.99838078022
71901,0.995189845562
71902,0.99848139286
71903,0.991579294205
71904,0.99245017767
71905,0.997472524643
71906,0.998031020164
71907,0.998606979847
71908,0.997118115425
71909,0.983930170536
71910,0.998606979847
71911,0.994370102882
71912,0.99848139286
71913,0.984597086906
71914,0.990088403225
71915,0.996842384338
71916,0.998606979847
71917,0.994847416878
71918,0.998181462288
71919,0.99580514431
71920,0.998134315014
71921,0.994620501995
71922,0.995751619339
71923,0.998606979847
71924,0.998407959938
71925,0.998200654984
71926,0.998606979847
71927,0.988726079464
71928,0.997224986553
71929,0.997734487057
71930,0.997464060783
71931,0.997734487057
71932,0.996842384338
71933,0.998606979847
71934,0.995372235775
71935,0.996076047421
71936,0.966043889523
71937,0.997585535049
71938,0.998406648636
71939,0.994172155857
71940,0.997222304344
71941,0.99848139286
71942,0.99793946743
71943,0.985233664513
71944,0.998079001904
71945,0.998606979847
71946,0.995381236076
71947,0.992092192173
71948,0.995290398598
71949,0.998213946819
71950,0.991934776306
71951,0.998406648636
71952,0.998483419418
71953,0.997850000858
71954,0.998153328896
71955,0.997277140617
71956,0.99793112278
71957,0.997953295708
71958,0.993144392967
71959,0.997141003609
71960,0.998368620872
71961,0.998606979847
71962,0.948813021183
71963,0.998606979847
71964,0.969186425209
71965,0.998606979847
71966,0.981711566448
71967,0.997745871544
71968,0.99793946743
71969,0.996603786945
71970,0.996138811111
71971,0.998606979847
71972,0.989368975163
71973,0.995874881744
71974,0.998606979847
71975,0.997464060783
71976,0.998428761959
71977,0.998606979847
71978,0.997713565826
71979,0.998273909092
71980,0.994519114494
71981,0.99829441309
71982,0.99838078022
71983,0.99848139286
71984,0.996353328228
71985,0.998606979847
71986,0.973368108273
71987,0.998273909092
71988,0.998483419418
71989,0.99838078022
71990,0.995817005634
71991,0.993048906326
71992,0.968883633614
71993,0.998352825642
71994,0.995189845562
71995,0.99848139286
71996,0.940578639507
71997,0.998406648636
71998,0.997509837151
71999,0.998483419418
72000,0.998606979847
72001,0.99848139286
72002,0.998606979847
72003,0.99793946743
72004,0.998606979847
72005,0.998406648636
72006,0.998606979847
72007,0.987780988216
72008,0.99793946743
72009,0.997508645058
72010,0.998260438442
72011,0.945628523827
72012,0.997670888901
72013,0.997486829758
72014,0.997900903225
72015,0.996353328228
72016,0.990172147751
72017,0.997222423553
72018,0.997957646847
72019,0.962857961655
72020,0.996390998363
72021,0.998406648636
72022,0.994268000126
72023,0.993082523346
72024,0.938046813011
72025,0.992258071899
72026,0.994264662266
72027,0.899518966675
72028,0.998260438442
72029,0.996603786945
72030,0.997600913048
72031,0.998606979847
72032,0.991977035999
72033,0.998606979847
72034,0.997621715069
72035,0.998266220093
72036,0.959525167942
72037,0.988119065762
72038,0.997942507267
72039,0.99829441309
72040,0.995924770832
72041,0.998606979847
72042,0.99838078022
72043,0.998079001904
72044,0.99820047617
72045,0.990815103054
72046,0.98228085041
72047,0.998407959938
72048,0.998606979847
72049,0.954400062561
72050,0.989442169666
72051,0.947807073593
72052,0.995437681675
72053,0.998606979847
72054,0.998606979847
72055,0.993913710117
72056,0.993178665638
72057,0.991979956627
72058,0.998364388943
72059,0.986993670464
72060,0.988280296326
72061,0.998606979847
72062,0.998606979847
72063,0.924789071083
72064,0.998606979847
72065,0.989194273949
72066,0.998606979847
72067,0.997828781605
72068,0.998606979847
72069,0.997753620148
72070,0.998155415058
72071,0.966259002686
72072,0.994817852974
72073,0.987997829914
72074,0.968085765839
72075,0.99793946743
72076,0.998216986656
72077,0.998172521591
72078,0.99848139286
72079,0.998606979847
72080,0.995243489742
72081,0.99838078022
72082,0.998406648636
72083,0.997746109962
72084,0.998200654984
72085,0.998407959938
72086,0.998606979847
72087,0.993496000767
72088,0.998357594013
72089,0.99848139286
72090,0.994751214981
72091,0.910283207893
72092,0.99359691143
72093,0.995812058449
72094,0.990884780884
72095,0.998606979847
72096,0.996604025364
72097,0.99554425478
72098,0.998606979847
72099,0.993416488171
72100,0.98621314764
72101,0.998606979847
72102,0.99273699522
72103,0.998606979847
72104,0.99848139286
72105,0.992467343807
72106,0.994187355042
72107,0.998406648636
72108,0.99838078022
72109,0.991730630398
72110,0.99838078022
72111,0.998606979847
72112,0.996842384338
72113,0.959889709949
72114,0.982047557831
72115,0.998606979847
72116,0.998200654984
72117,0.99848139286
72118,0.99848139286
72119,0.99838078022
72120,0.998276054859
72121,0.998606979847
72122,0.99829441309
72123,0.992356538773
72124,0.998406648636
72125,0.998606979847
72126,0.997473359108
72127,0.998428761959
72128,0.991500556469
72129,0.998243689537
72130,0.995192289352
72131,0.998276054859
72132,0.998022079468
72133,0.99554425478
72134,0.994300663471
72135,0.997311890125
72136,0.967511773109
72137,0.998606979847
72138,0.99361628294
72139,0.993285596371
72140,0.952221333981
72141,0.987669050694
72142,0.998606979847
72143,0.996842384338
72144,0.99848139286
72145,0.996603786945
72146,0.989680290222
72147,0.988977015018
72148,0.902318239212
72149,0.996027112007
72150,0.998606979847
72151,0.998606979847
72152,0.931616783142
72153,0.998352825642
72154,0.998606979847
72155,0.993335306644
72156,0.998406648636
72157,0.997196435928
72158,0.998606979847
72159,0.998606979847
72160,0.994624614716
72161,0.997820913792
72162,0.992494285107
72163,0.998483419418
72164,0.998181462288
72165,0.998606979847
72166,0.996603786945
72167,0.972303628922
72168,0.998606979847
72169,0.995363652706
72170,0.996586322784
72171,0.995422959328
72172,0.998606979847
72173,0.998483419418
72174,0.998606979847
72175,0.998606979847
72176,0.993178665638
72177,0.99820047617
72178,0.998155415058
72179,0.99848139286
72180,0.993877410889
72181,0.996842384338
72182,0.998606979847
72183,0.998276054859
72184,0.996411442757
72185,0.99829441309
72186,0.998606979847
72187,0.998606979847
72188,0.997788965702
72189,0.991296768188
72190,0.993852674961
72191,0.992244899273
72192,0.998606979847
72193,0.998606979847
72194,0.992389976978
72195,0.994032859802
72196,0.989918351173
72197,0.984307587147
72198,0.989952802658
72199,0.985265910625
72200,0.991143465042
72201,0.998606979847
72202,0.995936155319
72203,0.998302519321
72204,0.99801248312
72205,0.992657661438
72206,0.993542611599
72207,0.998606979847
72208,0.998407959938
72209,0.99403578043
72210,0.992140233517
72211,0.998606979847
72212,0.998153328896
72213,0.991044998169
72214,0.998276054859
72215,0.99554425478
72216,0.994060635567
72217,0.998606979847
72218,0.99848139286
72219,0.993723273277
72220,0.998406648636
72221,0.99838078022
72222,0.998047590256
72223,0.99829441309
72224,0.996612906456
72225,0.99848139286
72226,0.998483419418
72227,0.998606979847
72228,0.997900903225
72229,0.994841814041
72230,0.990606427193
72231,0.969506621361
72232,0.998606979847
72233,0.998606979847
72234,0.969388008118
72235,0.962595582008
72236,0.991419970989
72237,0.99792098999
72238,0.989712059498
72239,0.998606979847
72240,0.988213479519
72241,0.998606979847
72242,0.998241424561
72243,0.998606979847
72244,0.992020487785
72245,0.998127579689
72246,0.998022079468
72247,0.994040966034
72248,0.99848139286
72249,0.979771733284
72250,0.998260438442
72251,0.992853283882
72252,0.998606979847
72253,0.998606979847
72254,0.99782294035
72255,0.998102426529
72256,0.978230893612
72257,0.996603786945
72258,0.992767930031
72259,0.991142272949
72260,0.996842384338
72261,0.99829441309
72262,0.996027112007
72263,0.992342591286
72264,0.998220264912
72265,0.963748514652
72266,0.99113380909
72267,0.99838078022
72268,0.998190522194
72269,0.981068253517
72270,0.960775017738
72271,0.998606979847
72272,0.978523075581
72273,0.998260438442
72274,0.981097579002
72275,0.998606979847
72276,0.998606979847
72277,0.998606979847
72278,0.997455358505
72279,0.994501948357
72280,0.99838078022
72281,0.996353328228
72282,0.983683764935
72283,0.99829441309
72284,0.998079001904
72285,0.998606979847
72286,0.995472192764
72287,0.984709858894
72288,0.994904756546
72289,0.998190522194
72290,0.991672158241
72291,0.998407959938
72292,0.994546055794
72293,0.997745871544
72294,0.994143724442
72295,0.996586322784
72296,0.971737861633
72297,0.924822688103
72298,0.998606979847
72299,0.998145222664
72300,0.99220085144
72301,0.998606979847
72302,0.998606979847
72303,0.99155497551
72304,0.959247589111
72305,0.993728041649
72306,0.998127579689
72307,0.988000512123
72308,0.99829441309
72309,0.997828781605
72310,0.994847416878
72311,0.996842384338
72312,0.997592926025
72313,0.998606979847
72314,0.990020394325
72315,0.998606979847
72316,0.99848139286
72317,0.998606979847
72318,0.997783958912
72319,0.990927457809
72320,0.991435945034
72321,0.995565950871
72322,0.998200654984
72323,0.99848139286
72324,0.996458351612
72325,0.998606979847
72326,0.998145222664
72327,0.998606979847
72328,0.992614209652
72329,0.998276054859
72330,0.997703015804
72331,0.998606979847
72332,0.994300663471
72333,0.998606979847
72334,0.992735624313
72335,0.9974411726
72336,0.99848139286
72337,0.99838078022
72338,0.99838078022
72339,0.997615814209
72340,0.828988015652
72341,0.992921948433
72342,0.998606979847
72343,0.942651212215
72344,0.995570838451
72345,0.994299650192
72346,0.998606979847
72347,0.998606979847
72348,0.998428761959
72349,0.998606979847
72350,0.998606979847
72351,0.979297697544
72352,0.9932898283
72353,0.991671204567
72354,0.998064756393
72355,0.888903975487
72356,0.998606979847
72357,0.998031020164
72358,0.998200654984
72359,0.998606979847
72360,0.998606979847
72361,0.997574031353
72362,0.992244899273
72363,0.993048906326
72364,0.998606979847
72365,0.99848139286
72366,0.997880876064
72367,0.99848139286
72368,0.995211720467
72369,0.993864536285
72370,0.992829561234
72371,0.993483781815
72372,0.990778982639
72373,0.993074297905
72374,0.99848139286
72375,0.998200654984
72376,0.993551790714
72377,0.99848139286
72378,0.99848139286
72379,0.980624854565
72380,0.998606979847
72381,0.998606979847
72382,0.993019402027
72383,0.998406648636
72384,0.991777837276
72385,0.977716207504
72386,0.99848139286
72387,0.993202805519
72388,0.998606979847
72389,0.991182327271
72390,0.958196282387
72391,0.998368620872
72392,0.995853245258
72393,0.996140956879
72394,0.991667091846
72395,0.998047590256
72396,0.998606979847
72397,0.997250020504
72398,0.998606979847
72399,0.997685015202
72400,0.998241424561
72401,0.997763693333
72402,0.998606979847
72403,0.998606979847
72404,0.992614209652
72405,0.998483419418
72406,0.987550258636
72407,0.99848139286
72408,0.998407959938
72409,0.998302519321
72410,0.991924643517
72411,0.998406648636
72412,0.984074294567
72413,0.971854090691
72414,0.998606979847
72415,0.998200654984
72416,0.992135345936
72417,0.972398638725
72418,0.942815601826
72419,0.998181462288
72420,0.99848139286
72421,0.993528485298
72422,0.998111128807
72423,0.99644446373
72424,0.998606979847
72425,0.997304737568
72426,0.998606979847
72427,0.998407959938
72428,0.998606979847
72429,0.992947757244
72430,0.998606979847
72431,0.996603786945
72432,0.997745871544
72433,0.989207267761
72434,0.995730161667
72435,0.998606979847
72436,0.993545293808
72437,0.998606979847
72438,0.990129649639
72439,0.998606979847
72440,0.983853042126
72441,0.99848139286
72442,0.998606979847
72443,0.993478834629
72444,0.992908775806
72445,0.998406648636
72446,0.998483419418
72447,0.998606979847
72448,0.992266952991
72449,0.959792435169
72450,0.99801248312
72451,0.998606979847
72452,0.998606979847
72453,0.998241424561
72454,0.987739980221
72455,0.992762625217
72456,0.99286031723
72457,0.987311720848
72458,0.966056406498
72459,0.992269217968
72460,0.988816857338
72461,0.99848139286
72462,0.998406648636
72463,0.998406648636
72464,0.998406648636
72465,0.991143465042
72466,0.991488039494
72467,0.993064284325
72468,0.998407959938
72469,0.998606979847
72470,0.996956944466
72471,0.998200654984
72472,0.998302519321
72473,0.993945300579
72474,0.998428761959
72475,0.997745871544
72476,0.998407959938
72477,0.971394956112
72478,0.993563055992
72479,0.984318971634
72480,0.996842384338
72481,0.996190965176
72482,0.990146756172
72483,0.99848139286
72484,0.998407959938
72485,0.969965517521
72486,0.998606979847
72487,0.99848139286
72488,0.998606979847
72489,0.998606979847
72490,0.998606979847
72491,0.99848139286
72492,0.997828781605
72493,0.993178665638
72494,0.998606979847
72495,0.968096971512
72496,0.991611361504
72497,0.995117902756
72498,0.994376122952
72499,0.989014983177
72500,0.998606979847
72501,0.996754348278
72502,0.995897114277
72503,0.998606979847
72504,0.998606979847
72505,0.99829441309
72506,0.996055781841
72507,0.998606979847
72508,0.998606979847
72509,0.996146798134
72510,0.993048906326
72511,0.998606979847
72512,0.994906306267
72513,0.995437681675
72514,0.994701504707
72515,0.994836211205
72516,0.99307090044
72517,0.998606979847
72518,0.996411442757
72519,0.998606979847
72520,0.997889041901
72521,0.971072852612
72522,0.998145222664
72523,0.99838078022
72524,0.995513439178
72525,0.99793946743
72526,0.998407959938
72527,0.99792098999
72528,0.998606979847
72529,0.989009737968
72530,0.9909953475
72531,0.993826210499
72532,0.982310116291
72533,0.990265846252
72534,0.998606979847
72535,0.99359691143
72536,0.998483419418
72537,0.998022079468
72538,0.997679948807
72539,0.99838078022
72540,0.993644297123
72541,0.998606979847
72542,0.998606979847
72543,0.998352825642
72544,0.993533909321
72545,0.99644446373
72546,0.997250020504
72547,0.998483419418
72548,0.99838078022
72549,0.998406648636
72550,0.960025966167
72551,0.994841814041
72552,0.996842384338
72553,0.9953815341
72554,0.984796643257
72555,0.99113380909
72556,0.990172147751
72557,0.99838078022
72558,0.882650017738
72559,0.99403578043
72560,0.998606979847
72561,0.994099259377
72562,0.994763433933
72563,0.991959631443
72564,0.977309703827
72565,0.997988402843
72566,0.992608606815
72567,0.985790252686
72568,0.998260438442
72569,0.993728041649
72570,0.991583764553
72571,0.99838078022
72572,0.997771561146
72573,0.998606979847
72574,0.990397512913
72575,0.99848139286
72576,0.997804522514
72577,0.998606979847
72578,0.997037529945
72579,0.998324692249
72580,0.998302519321
72581,0.996842384338
72582,0.99644446373
72583,0.997272670269
72584,0.992947757244
72585,0.98891633749
72586,0.997126221657
72587,0.998606979847
72588,0.990705966949
72589,0.998606979847
72590,0.998112678528
72591,0.991078674793
72592,0.988625049591
72593,0.998606979847
72594,0.991864085197
72595,0.996842384338
72596,0.997961580753
72597,0.990826308727
72598,0.991576969624
72599,0.998428761959
72600,0.997855246067
72601,0.987288534641
72602,0.99820047617
72603,0.998606979847
72604,0.998606979847
72605,0.998606979847
72606,0.998302519321
72607,0.982374191284
72608,0.994771242142
72609,0.998483419418
72610,0.998606979847
72611,0.998428761959
72612,0.992244899273
72613,0.998606979847
72614,0.99838078022
72615,0.998606979847
72616,0.998079001904
72617,0.998324692249
72618,0.99820047617
72619,0.998200654984
72620,0.98757994175
72621,0.998606979847
72622,0.994841814041
72623,0.992389976978
72624,0.99793946743
72625,0.968667685986
72626,0.99472796917
72627,0.998606979847
72628,0.988363385201
72629,0.993028879166
72630,0.998606979847
72631,0.997988402843
72632,0.998407959938
72633,0.998276054859
72634,0.982343196869
72635,0.998606979847
72636,0.99848139286
72637,0.99838078022
72638,0.996612668037
72639,0.995924770832
72640,0.998054504395
72641,0.99838078022
72642,0.997713565826
72643,0.998606979847
72644,0.99838078022
72645,0.990806818008
72646,0.991934776306
72647,0.994027972221
72648,0.996826887131
72649,0.887187004089
72650,0.993527948856
72651,0.992376744747
72652,0.998357594013
72653,0.988607406616
72654,0.998606979847
72655,0.998606979847
72656,0.998022079468
72657,0.998260438442
72658,0.965915441513
72659,0.993730723858
72660,0.878213822842
72661,0.998606979847
72662,0.99829441309
72663,0.994370102882
72664,0.998407959938
72665,0.943404436111
72666,0.984221100807
72667,0.995166003704
72668,0.996309936047
72669,0.998352825642
72670,0.998368620872
72671,0.987514555454
72672,0.998606979847
72673,0.997743785381
72674,0.992829561234
72675,0.997900903225
72676,0.946297645569
72677,0.988568842411
72678,0.923111319542
72679,0.970194160938
72680,0.998606979847
72681,0.996390998363
72682,0.995496213436
72683,0.972778320312
72684,0.998406648636
72685,0.997828781605
72686,0.995143890381
72687,0.991864025593
72688,0.995883405209
72689,0.998606979847
72690,0.983131468296
72691,0.992103219032
72692,0.998606979847
72693,0.99829441309
72694,0.998153328896
72695,0.923696875572
72696,0.99848139286
72697,0.995687842369
72698,0.990579605103
72699,0.988087058067
72700,0.970681726933
72701,0.998606979847
72702,0.99848139286
72703,0.998406648636
72704,0.997679948807
72705,0.996411442757
72706,0.995437681675
72707,0.99848139286
72708,0.987220227718
72709,0.994812428951
72710,0.998606979847
72711,0.99848139286
72712,0.998606979847
72713,0.987399041653
72714,0.998406648636
72715,0.972315192223
72716,0.998606979847
72717,0.998606979847
72718,0.997571587563
72719,0.98967808485
72720,0.998606979847
72721,0.998606979847
72722,0.998483419418
72723,0.970346093178
72724,0.99848139286
72725,0.998047590256
72726,0.979872941971
72727,0.998606979847
72728,0.997866868973
72729,0.982835769653
72730,0.99534702301
72731,0.998606979847
72732,0.998606979847
72733,0.998483419418
72734,0.99848139286
72735,0.993826210499
72736,0.998483419418
72737,0.998606979847
72738,0.993164896965
72739,0.989657342434
72740,0.99403578043
72741,0.998260438442
72742,0.998406648636
72743,0.998606979847
72744,0.997961580753
72745,0.996603786945
72746,0.998606979847
72747,0.99263459444
72748,0.998406648636
72749,0.998483419418
72750,0.983384072781
72751,0.99838078022
72752,0.998079001904
72753,0.998276054859
72754,0.99820047617
72755,0.980332791805
72756,0.99263459444
72757,0.98760676384
72758,0.998606979847
72759,0.998022079468
72760,0.99848139286
72761,0.998273909092
72762,0.935874819756
72763,0.99480342865
72764,0.998079001904
72765,0.998407959938
72766,0.991871297359
72767,0.997788965702
72768,0.99848139286
72769,0.993735611439
72770,0.998181462288
72771,0.984531641006
72772,0.998606979847
72773,0.998606979847
72774,0.99838078022
72775,0.998606979847
72776,0.972176849842
72777,0.99838078022
72778,0.983280956745
72779,0.99848139286
72780,0.987867176533
72781,0.997854471207
72782,0.998606979847
72783,0.993768572807
72784,0.997740864754
72785,0.998428761959
72786,0.992400109768
72787,0.998428761959
72788,0.998013615608
72789,0.992926299572
72790,0.977244794369
72791,0.998406648636
72792,0.984444975853
72793,0.969906210899
72794,0.998276054859
72795,0.996842384338
72796,0.997415661812
72797,0.997803032398
72798,0.996573746204
72799,0.99793946743
72800,0.998200654984
72801,0.992245495319
72802,0.998005568981
72803,0.998606979847
72804,0.998200654984
72805,0.988994002342
72806,0.997988402843
72807,0.998606979847
72808,0.997783958912
72809,0.997621715069
72810,0.998606979847
72811,0.989503860474
72812,0.955626726151
72813,0.998606979847
72814,0.998606979847
72815,0.995388090611
72816,0.965393841267
72817,0.997804522514
72818,0.998606979847
72819,0.993160188198
72820,0.995206177235
72821,0.998606979847
72822,0.998483419418
72823,0.942267417908
72824,0.997879803181
72825,0.989031732082
72826,0.998483419418
72827,0.998606979847
72828,0.997788965702
72829,0.988766610622
72830,0.993498384953
72831,0.993562698364
72832,0.995879232883
72833,0.997248888016
72834,0.998220264912
72835,0.997222304344
72836,0.99793946743
72837,0.997889041901
72838,0.998155415058
72839,0.998606979847
72840,0.991722047329
72841,0.993903100491
72842,0.994375705719
72843,0.998606979847
72844,0.998606979847
72845,0.998407959938
72846,0.998606979847
72847,0.997778236866
72848,0.99848139286
72849,0.998302519321
72850,0.998153328896
72851,0.998054504395
72852,0.998606979847
72853,0.991033136845
72854,0.998406648636
72855,0.99848139286
72856,0.998606979847
72857,0.99848139286
72858,0.99263459444
72859,0.976123690605
72860,0.998606979847
72861,0.993299901485
72862,0.998606979847
72863,0.810505628586
72864,0.998606979847
72865,0.998606979847
72866,0.994365274906
72867,0.978559792042
72868,0.994531452656
72869,0.995076417923
72870,0.983643472195
72871,0.992527544498
72872,0.996411442757
72873,0.99804186821
72874,0.994095742702
72875,0.991142272949
72876,0.998606979847
72877,0.992277145386
72878,0.993692219257
72879,0.998153328896
72880,0.988160967827
72881,0.998606979847
72882,0.998276054859
72883,0.987729728222
72884,0.99848139286
72885,0.998606979847
72886,0.998153328896
72887,0.996390998363
72888,0.998606979847
72889,0.997114419937
72890,0.997889041901
72891,0.998606979847
72892,0.985094368458
72893,0.997464060783
72894,0.993803679943
72895,0.997398436069
72896,0.996146798134
72897,0.998406648636
72898,0.994462072849
72899,0.983304917812
72900,0.996414005756
72901,0.997418224812
72902,0.997451007366
72903,0.990806818008
72904,0.998022079468
72905,0.991413116455
72906,0.99829441309
72907,0.997272670269
72908,0.991573154926
72909,0.924888312817
72910,0.998153328896
72911,0.998606979847
72912,0.998606979847
72913,0.99820047617
72914,0.99848139286
72915,0.99793946743
72916,0.998606979847
72917,0.992393434048
72918,0.997370123863
72919,0.99644446373
72920,0.998260438442
72921,0.998606979847
72922,0.998606979847
72923,0.996603786945
72924,0.998606979847
72925,0.984152674675
72926,0.990705966949
72927,0.998406648636
72928,0.994841814041
72929,0.959043741226
72930,0.997475922108
72931,0.998606979847
72932,0.998606979847
72933,0.998606979847
72934,0.996073663235
72935,0.983326613903
72936,0.99838078022
72937,0.998483419418
72938,0.998606979847
72939,0.998606979847
72940,0.995249509811
72941,0.99820047617
72942,0.997828781605
72943,0.998220264912
72944,0.949492871761
72945,0.994292676449
72946,0.998606979847
72947,0.997486829758
72948,0.991519093513
72949,0.99793946743
72950,0.998606979847
72951,0.99848139286
72952,0.998606979847
72953,0.958073318005
72954,0.990218877792
72955,0.998606979847
72956,0.994906306267
72957,0.998606979847
72958,0.998606979847
72959,0.998406648636
72960,0.998606979847
72961,0.997820913792
72962,0.998145222664
72963,0.998129248619
72964,0.997866868973
72965,0.981506109238
72966,0.997826635838
72967,0.998406648636
72968,0.979895293713
72969,0.998606979847
72970,0.994436562061
72971,0.998606979847
72972,0.988214313984
72973,0.997225165367
72974,0.99848139286
72975,0.994560837746
72976,0.998606979847
72977,0.993091464043
72978,0.991210520267
72979,0.99848139286
72980,0.997804522514
72981,0.997190058231
72982,0.988916993141
72983,0.997685015202
72984,0.988136768341
72985,0.998112678528
72986,0.995569050312
72987,0.998368620872
72988,0.998200654984
72989,0.998606979847
72990,0.99278396368
72991,0.934521079063
72992,0.99838078022
72993,0.994701504707
72994,0.989848852158
72995,0.966902315617
72996,0.992829561234
72997,0.996611595154
72998,0.996961891651
72999,0.998606979847
73000,0.998406648636
73001,0.997858762741
73002,0.99782294035
73003,0.996411442757
73004,0.994704425335
73005,0.998273909092
73006,0.998013615608
73007,0.991413116455
73008,0.996529698372
73009,0.991583764553
73010,0.998606979847
73011,0.998606979847
73012,0.997679948807
73013,0.995327174664
73014,0.997475743294
73015,0.997373878956
73016,0.998606979847
73017,0.99793946743
73018,0.997900903225
73019,0.998606979847
73020,0.998606979847
73021,0.991142272949
73022,0.994186758995
73023,0.998606979847
73024,0.998407959938
73025,0.996603786945
73026,0.981311023235
73027,0.99848139286
73028,0.998220264912
73029,0.997783958912
73030,0.997474551201
73031,0.998407959938
73032,0.998368620872
73033,0.997889041901
73034,0.986011922359
73035,0.993285596371
73036,0.99838078022
73037,0.99848139286
73038,0.99848139286
73039,0.998606979847
73040,0.995508134365
73041,0.994087517262
73042,0.995801389217
73043,0.992614209652
73044,0.998483419418
73045,0.998606979847
73046,0.989498138428
73047,0.993914842606
73048,0.998606979847
73049,0.996842384338
73050,0.998428761959
73051,0.994572103024
73052,0.976507246494
73053,0.99848139286
73054,0.99782294035
73055,0.99838078022
73056,0.99848139286
73057,0.998606979847
73058,0.99838078022
73059,0.998606979847
73060,0.992947757244
73061,0.99793946743
73062,0.997900903225
73063,0.993178009987
73064,0.992287397385
73065,0.989475786686
73066,0.998606979847
73067,0.998606979847
73068,0.993018388748
73069,0.982744336128
73070,0.998606979847
73071,0.998407959938
73072,0.994375705719
73073,0.998483419418
73074,0.997900903225
73075,0.997464060783
73076,0.994463682175
73077,0.993826210499
73078,0.998606979847
73079,0.972393512726
73080,0.976418197155
73081,0.998606979847
73082,0.998606979847
73083,0.998406648636
73084,0.992234885693
73085,0.99227231741
73086,0.998406648636
73087,0.978679895401
73088,0.998606979847
73089,0.998022079468
73090,0.99705940485
73091,0.991268873215
73092,0.993826210499
73093,0.994795501232
73094,0.993394672871
73095,0.998406648636
73096,0.997455358505
73097,0.992436408997
73098,0.998606979847
73099,0.998606979847
73100,0.998606979847
73101,0.998606979847
73102,0.996842384338
73103,0.998200654984
73104,0.99718952179
73105,0.998483419418
73106,0.998181462288
73107,0.998606979847
73108,0.992418050766
73109,0.971067488194
73110,0.998406648636
73111,0.929853439331
73112,0.998407959938
73113,0.993803679943
73114,0.998606979847
73115,0.998483419418
73116,0.998368620872
73117,0.931460976601
73118,0.992657363415
73119,0.993048906326
73120,0.998145222664
73121,0.998606979847
73122,0.995809614658
73123,0.995316624641
73124,0.998606979847
73125,0.99848139286
73126,0.996140956879
73127,0.99838078022
73128,0.994803130627
73129,0.990789830685
73130,0.993319034576
73131,0.993375957012
73132,0.998200654984
73133,0.99801248312
73134,0.998606979847
73135,0.997713565826
73136,0.988742351532
73137,0.998606979847
73138,0.996146798134
73139,0.998483419418
73140,0.992050349712
73141,0.998145222664
73142,0.998606979847
73143,0.995678424835
73144,0.986214101315
73145,0.977482140064
73146,0.998606979847
73147,0.997858762741
73148,0.97967761755
73149,0.998606979847
73150,0.998606979847
73151,0.997889041901
73152,0.993909657001
73153,0.997121989727
73154,0.998368620872
73155,0.998606979847
73156,0.99848139286
73157,0.99838078022
73158,0.983280539513
73159,0.998406648636
73160,0.992829561234
73161,0.993375957012
73162,0.996586322784
73163,0.998406648636
73164,0.99024116993
73165,0.998079001904
73166,0.992257118225
73167,0.998606979847
73168,0.818696916103
73169,0.995878458023
73170,0.969264090061
73171,0.998606979847
73172,0.995357811451
73173,0.99838078022
73174,0.998606979847
73175,0.99848139286
73176,0.936481893063
73177,0.998606979847
73178,0.991670906544
73179,0.974526822567
73180,0.998606979847
73181,0.99848139286
73182,0.989114701748
73183,0.997486829758
73184,0.998606979847
73185,0.998260438442
73186,0.997903585434
73187,0.998606979847
73188,0.989107787609
73189,0.998352825642
73190,0.99046421051
73191,0.998606979847
73192,0.998606979847
73193,0.998606979847
73194,0.985566079617
73195,0.993338823318
73196,0.998606979847
73197,0.998606979847
73198,0.978878676891
73199,0.998260438442
73200,0.998606979847
73201,0.99848139286
73202,0.994841814041
73203,0.998606979847
73204,0.998606979847
73205,0.99848139286
73206,0.995413303375
73207,0.99838078022
73208,0.998235344887
73209,0.998606979847
73210,0.737323284149
73211,0.997889041901
73212,0.99793946743
73213,0.998483419418
73214,0.998406648636
73215,0.994175434113
73216,0.995879232883
73217,0.973607540131
73218,0.998606979847
73219,0.990705966949
73220,0.998606979847
73221,0.998606979847
73222,0.991687476635
73223,0.995751619339
73224,0.998606979847
73225,0.998406648636
73226,0.998606979847
73227,0.976976573467
73228,0.997346937656
73229,0.998606979847
73230,0.99848139286
73231,0.991879403591
73232,0.998606979847
73233,0.99848139286
73234,0.992687284946
73235,0.998276054859
73236,0.998184978962
73237,0.971889972687
73238,0.99848139286
73239,0.997621715069
73240,0.994786262512
73241,0.996027112007
73242,0.996842384338
73243,0.997464060783
73244,0.98540520668
73245,0.996062338352
73246,0.99554425478
73247,0.987732589245
73248,0.992328345776
73249,0.992947757244
73250,0.997464060783
73251,0.99848139286
73252,0.998606979847
73253,0.994102656841
73254,0.998406648636
73255,0.996414005756
73256,0.99848139286
73257,0.998064756393
73258,0.998260438442
73259,0.99848139286
73260,0.993688821793
73261,0.993695139885
73262,0.998606979847
73263,0.986129164696
73264,0.998153328896
73265,0.998606979847
73266,0.990732312202
73267,0.998606979847
73268,0.998606979847
73269,0.998606979847
73270,0.986172735691
73271,0.991777837276
73272,0.997900903225
73273,0.997160553932
73274,0.987457513809
73275,0.997783958912
73276,0.99793946743
73277,0.998112678528
73278,0.994102656841
73279,0.998606979847
73280,0.998606979847
73281,0.998273909092
73282,0.99848139286
73283,0.998606979847
73284,0.997246146202
73285,0.992389976978
73286,0.998606979847
73287,0.986423075199
73288,0.998606979847
73289,0.99848139286
73290,0.997900903225
73291,0.998606979847
73292,0.99793946743
73293,0.998302519321
73294,0.995668113232
73295,0.998606979847
73296,0.982870101929
73297,0.998054504395
73298,0.997568666935
73299,0.992050349712
73300,0.998200654984
73301,0.998081326485
73302,0.998606979847
73303,0.99829441309
73304,0.993826210499
73305,0.994940757751
73306,0.983873426914
73307,0.998094499111
73308,0.997734487057
73309,0.995937466621
73310,0.992829561234
73311,0.998406648636
73312,0.997888922691
73313,0.998428761959
73314,0.995464742184
73315,0.997485339642
73316,0.998606979847
73317,0.998606979847
73318,0.996842384338
73319,0.998220264912
73320,0.998606979847
73321,0.997127652168
73322,0.997204363346
73323,0.998483419418
73324,0.998407959938
73325,0.997277140617
73326,0.996186554432
73327,0.998606979847
73328,0.994436562061
73329,0.996411442757
73330,0.995751619339
73331,0.983081221581
73332,0.99820047617
73333,0.998606979847
73334,0.996956944466
73335,0.998606979847
73336,0.990705966949
73337,0.993271529675
73338,0.996842384338
73339,0.998606979847
73340,0.998260438442
73341,0.992687284946
73342,0.998101830482
73343,0.967241346836
73344,0.998153328896
73345,0.99848139286
73346,0.99793946743
73347,0.99334782362
73348,0.974040448666
73349,0.998606979847
73350,0.995401382446
73351,0.998606979847
73352,0.985384941101
73353,0.998352825642
73354,0.995223701
73355,0.998483419418
73356,0.997379899025
73357,0.986630380154
73358,0.998606979847
73359,0.995370090008
73360,0.992389976978
73361,0.986902177334
73362,0.998364388943
73363,0.971063911915
73364,0.998220264912
73365,0.996842384338
73366,0.997277140617
73367,0.994487464428
73368,0.93326073885
73369,0.997900903225
73370,0.943184196949
73371,0.995257675648
73372,0.998606979847
73373,0.995873570442
73374,0.99793946743
73375,0.995849609375
73376,0.99263459444
73377,0.998260438442
73378,0.992389976978
73379,0.995403885841
73380,0.998079001904
73381,0.991083145142
73382,0.997664451599
73383,0.99793946743
73384,0.992657363415
73385,0.998200178146
73386,0.990718007088
73387,0.831779956818
73388,0.99793946743
73389,0.994585633278
73390,0.998606979847
73391,0.921807646751
73392,0.998084783554
73393,0.998606979847
73394,0.992829561234
73395,0.997446119785
73396,0.994758427143
73397,0.993695139885
73398,0.968588411808
73399,0.998606979847
73400,0.998606979847
73401,0.998428761959
73402,0.991623580456
73403,0.994832515717
73404,0.997783958912
73405,0.996603786945
73406,0.99570608139
73407,0.998606979847
73408,0.998145222664
73409,0.998606979847
73410,0.99838078022
73411,0.995472192764
73412,0.994300663471
73413,0.970042347908
73414,0.995922982693
73415,0.998606979847
73416,0.998428761959
73417,0.998606979847
73418,0.993688821793
73419,0.998606979847
73420,0.991782307625
73421,0.998483419418
73422,0.972216844559
73423,0.989233255386
73424,0.998406648636
73425,0.997246146202
73426,0.995117902756
73427,0.998153328896
73428,0.992261469364
73429,0.994812428951
73430,0.998606979847
73431,0.998181462288
73432,0.995394945145
73433,0.991667091846
73434,0.998606979847
73435,0.998406648636
73436,0.99848139286
73437,0.998181462288
73438,0.988593876362
73439,0.995464742184
73440,0.976293802261
73441,0.992021083832
73442,0.998606979847
73443,0.998606979847
73444,0.998200178146
73445,0.988973140717
73446,0.996586322784
73447,0.99793946743
73448,0.994436562061
73449,0.982763290405
73450,0.997900903225
73451,0.993603289127
73452,0.996390998363
73453,0.96144503355
73454,0.986594855785
73455,0.99829441309
73456,0.992947757244
73457,0.99793946743
73458,0.997464060783
73459,0.998368620872
73460,0.997486829758
73461,0.997951805592
73462,0.994701504707
73463,0.992018818855
73464,0.994542479515
73465,0.992046952248
73466,0.993432462215
73467,0.998200178146
73468,0.998302519321
73469,0.998606979847
73470,0.985750436783
73471,0.997937321663
73472,0.670832693577
73473,0.998147010803
73474,0.998606979847
73475,0.989383995533
73476,0.996312081814
73477,0.998606979847
73478,0.998606979847
73479,0.981921434402
73480,0.997778773308
73481,0.99838078022
73482,0.991248846054
73483,0.986012816429
73484,0.99793946743
73485,0.979132473469
73486,0.982634425163
73487,0.993380248547
73488,0.984404504299
73489,0.99793946743
73490,0.998606979847
73491,0.997446119785
73492,0.998606979847
73493,0.992111325264
73494,0.998606979847
73495,0.998606979847
73496,0.988879621029
73497,0.953465402126
73498,0.995216012001
73499,0.977801561356
73500,0.998606979847
73501,0.998406648636
73502,0.998606979847
73503,0.992716789246
73504,0.90994066
73505,0.994525492191
73506,0.998276054859
73507,0.99032741785
73508,0.98695397377
73509,0.998606979847
73510,0.998606979847
73511,0.998606979847
73512,0.998606979847
73513,0.997783958912
73514,0.992716789246
73515,0.915157079697
73516,0.998368620872
73517,0.991934776306
73518,0.955231845379
73519,0.992829561234
73520,0.961077928543
73521,0.98111552
73522,0.991559207439
73523,0.955004870892
73524,0.991777837276
73525,0.99820369482
73526,0.998606979847
73527,0.993914842606
73528,0.998064756393
73529,0.998064756393
73530,0.997788965702
73531,0.998606979847
73532,0.980157971382
73533,0.991762518883
73534,0.99820047617
73535,0.989197134972
73536,0.99614328146
73537,0.998302519321
73538,0.997745871544
73539,0.995445966721
73540,0.998368620872
73541,0.998606979847
73542,0.998406648636
73543,0.998200654984
73544,0.992561161518
73545,0.942936658859
73546,0.99848139286
73547,0.994343042374
73548,0.998606979847
73549,0.997508645058
73550,0.99216490984
73551,0.99820047617
73552,0.996603786945
73553,0.99263459444
73554,0.990903437138
73555,0.994631052017
73556,0.99263459444
73557,0.992244899273
73558,0.989137291908
73559,0.964701533318
73560,0.969066560268
73561,0.976023495197
73562,0.998606979847
73563,0.997486829758
73564,0.995065510273
73565,0.988197386265
73566,0.998483419418
73567,0.998260438442
73568,0.998606979847
73569,0.997903585434
73570,0.995985627174
73571,0.998606979847
73572,0.995810329914
73573,0.998606979847
73574,0.986989855766
73575,0.994743466377
73576,0.998606979847
73577,0.998406648636
73578,0.992786586285
73579,0.998606979847
73580,0.99793946743
73581,0.992672145367
73582,0.978179335594
73583,0.997988402843
73584,0.998260438442
73585,0.997828781605
73586,0.992509663105
73587,0.992767930031
73588,0.989539563656
73589,0.995153963566
73590,0.996027112007
73591,0.998276054859
73592,0.9962053895
73593,0.943359553814
73594,0.99838078022
73595,0.995437681675
73596,0.962618052959
73597,0.964624345303
73598,0.998102426529
73599,0.998606979847
73600,0.995730161667
73601,0.99369853735
73602,0.987142324448
73603,0.996414005756
73604,0.986440062523
73605,0.998483419418
73606,0.993254601955
73607,0.996411442757
73608,0.997926533222
73609,0.992389976978
73610,0.997464060783
73611,0.988761782646
73612,0.998606979847
73613,0.996146798134
73614,0.989888846874
73615,0.998483419418
73616,0.998145222664
73617,0.998606979847
73618,0.99382430315
73619,0.996411442757
73620,0.998606979847
73621,0.99375462532
73622,0.990813434124
73623,0.997575700283
73624,0.906245172024
73625,0.99782294035
73626,0.997658252716
73627,0.99848139286
73628,0.987447142601
73629,0.998606979847
73630,0.993686556816
73631,0.998606979847
73632,0.998606979847
73633,0.997957646847
73634,0.998606979847
73635,0.998606979847
73636,0.996725976467
73637,0.998606979847
73638,0.997508645058
73639,0.997745871544
73640,0.991574287415
73641,0.995725095272
73642,0.99782294035
73643,0.988392472267
73644,0.99793946743
73645,0.989718794823
73646,0.998213946819
73647,0.998368620872
73648,0.996586322784
73649,0.994904756546
73650,0.998606979847
73651,0.997788965702
73652,0.994758427143
73653,0.963493168354
73654,0.998028457165
73655,0.998031020164
73656,0.956342458725
73657,0.998606979847
73658,0.99848139286
73659,0.998606979847
73660,0.993485808372
73661,0.99838078022
73662,0.991663277149
73663,0.998606979847
73664,0.998406648636
73665,0.99848139286
73666,0.99488645792
73667,0.998181462288
73668,0.987457513809
73669,0.998407959938
73670,0.998364388943
73671,0.998606979847
73672,0.979730546474
73673,0.986120045185
73674,0.994740188122
73675,0.998090028763
73676,0.992947757244
73677,0.975934326649
73678,0.998606979847
73679,0.998079001904
73680,0.993013441563
73681,0.998606979847
73682,0.998606979847
73683,0.994462072849
73684,0.992244899273
73685,0.998260438442
73686,0.99793946743
73687,0.992734134197
73688,0.998606979847
73689,0.998606979847
73690,0.998606979847
73691,0.994375705719
73692,0.992152631283
73693,0.983866214752
73694,0.991449117661
73695,0.997642397881
73696,0.990228652954
73697,0.997464060783
73698,0.998606979847
73699,0.985598802567
73700,0.998220264912
73701,0.985950708389
73702,0.998081982136
73703,0.998406648636
73704,0.998606979847
73705,0.998606979847
73706,0.95279699564
73707,0.99838078022
73708,0.997593820095
73709,0.971598029137
73710,0.976801812649
73711,0.997522652149
73712,0.998406648636
73713,0.998178064823
73714,0.998406648636
73715,0.99848139286
73716,0.990167737007
73717,0.998606979847
73718,0.997828781605
73719,0.998606979847
73720,0.998153328896
73721,0.998153328896
73722,0.995226442814
73723,0.998606979847
73724,0.995079517365
73725,0.998606979847
73726,0.998406648636
73727,0.995367050171
73728,0.998406648636
73729,0.998606979847
73730,0.997532427311
73731,0.994847655296
73732,0.99793946743
73733,0.994965314865
73734,0.992695271969
73735,0.997571587563
73736,0.998606979847
73737,0.997296869755
73738,0.998606979847
73739,0.991672158241
73740,0.998606979847
73741,0.998406648636
73742,0.990469574928
73743,0.99793946743
73744,0.996292173862
73745,0.993603289127
73746,0.998606979847
73747,0.993670046329
73748,0.998112678528
73749,0.998606979847
73750,0.994758427143
73751,0.993551790714
73752,0.997900903225
73753,0.988983869553
73754,0.998102426529
73755,0.996339023113
73756,0.998606979847
73757,0.998407959938
73758,0.995189845562
73759,0.998145222664
73760,0.998606979847
73761,0.998606979847
73762,0.998406648636
73763,0.997525453568
73764,0.99793946743
73765,0.998406648636
73766,0.992826342583
73767,0.998181462288
73768,0.997889041901
73769,0.997393488884
73770,0.992948293686
73771,0.998606979847
73772,0.975401937962
73773,0.956352651119
73774,0.998368620872
73775,0.97907269001
73776,0.969398617744
73777,0.991667091846
73778,0.975561320782
73779,0.992903709412
73780,0.993914842606
73781,0.998406648636
73782,0.992778658867
73783,0.998606979847
73784,0.998406648636
73785,0.998406648636
73786,0.983603000641
73787,0.99829441309
73788,0.998200654984
73789,0.998606979847
73790,0.907947778702
73791,0.998606979847
73792,0.989848852158
73793,0.995351314545
73794,0.996138811111
73795,0.998606979847
73796,0.950347483158
73797,0.99848139286
73798,0.962223410606
73799,0.99793946743
73800,0.998606979847
73801,0.996076047421
73802,0.998606979847
73803,0.976892590523
73804,0.998606979847
73805,0.985942423344
73806,0.996390998363
73807,0.998606979847
73808,0.998606979847
73809,0.982019364834
73810,0.95502436161
73811,0.873005449772
73812,0.972185909748
73813,0.998063981533
73814,0.98461830616
73815,0.998606979847
73816,0.997412025928
73817,0.998606979847
73818,0.996353328228
73819,0.998606979847
73820,0.994841814041
73821,0.998364388943
73822,0.991799712181
73823,0.998260438442
73824,0.985845327377
73825,0.997464060783
73826,0.996842384338
73827,0.998216986656
73828,0.997725665569
73829,0.996411442757
73830,0.998368620872
73831,0.933878064156
73832,0.950459241867
73833,0.995518863201
73834,0.998407959938
73835,0.994619429111
73836,0.99848139286
73837,0.993727147579
73838,0.998368620872
73839,0.998406648636
73840,0.998606979847
73841,0.998260438442
73842,0.917688906193
73843,0.998606979847
73844,0.99644446373
73845,0.959466218948
73846,0.975224792957
73847,0.998606979847
73848,0.99613493681
73849,0.99271351099
73850,0.996309936047
73851,0.99838078022
73852,0.998606979847
73853,0.980157971382
73854,0.998606979847
73855,0.996842384338
73856,0.976852715015
73857,0.998606979847
73858,0.998606979847
73859,0.996072053909
73860,0.984155714512
73861,0.991949796677
73862,0.998606979847
73863,0.997420966625
73864,0.955691218376
73865,0.998606979847
73866,0.998406648636
73867,0.998324692249
73868,0.953283250332
73869,0.998406648636
73870,0.992447793484
73871,0.99076706171
73872,0.99793946743
73873,0.99570608139
73874,0.997889041901
73875,0.997574031353
73876,0.993065655231
73877,0.998276054859
73878,0.995825171471
73879,0.998606979847
73880,0.998606979847
73881,0.994596481323
73882,0.998606979847
73883,0.992820084095
73884,0.998606979847
73885,0.99848139286
73886,0.998406648636
73887,0.998606979847
73888,0.998606979847
73889,0.995883405209
73890,0.993085086346
73891,0.989918351173
73892,0.994375705719
73893,0.992546677589
73894,0.997574031353
73895,0.998606979847
73896,0.992503225803
73897,0.950914561749
73898,0.993826210499
73899,0.998606979847
73900,0.919032275677
73901,0.997879803181
73902,0.983494222164
73903,0.99838078022
73904,0.994000077248
73905,0.997903585434
73906,0.953130781651
73907,0.988145589828
73908,0.998153328896
73909,0.993763327599
73910,0.998606979847
73911,0.983271360397
73912,0.99848139286
73913,0.987762451172
73914,0.998145222664
73915,0.995076417923
73916,0.993969023228
73917,0.995828211308
73918,0.781185984612
73919,0.99829441309
73920,0.993564546108
73921,0.996414005756
73922,0.994702219963
73923,0.99848139286
73924,0.991098284721
73925,0.998406648636
73926,0.99848139286
73927,0.993365824223
73928,0.997580945492
73929,0.99848139286
73930,0.911451041698
73931,0.998606979847
73932,0.994841814041
73933,0.998606979847
73934,0.994058012962
73935,0.993826210499
73936,0.994444429874
73937,0.96521705389
73938,0.998606979847
73939,0.998003125191
73940,0.998266220093
73941,0.998606979847
73942,0.99848139286
73943,0.998407959938
73944,0.99820047617
73945,0.998155415058
73946,0.99782294035
73947,0.998364388943
73948,0.998368620872
73949,0.992762625217
73950,0.991142272949
73951,0.998606979847
73952,0.998407959938
73953,0.998606979847
73954,0.998606979847
73955,0.998309850693
73956,0.99848139286
73957,0.987535715103
73958,0.99848139286
73959,0.995408058167
73960,0.992719531059
73961,0.998606979847
73962,0.994262695312
73963,0.996334016323
73964,0.988987624645
73965,0.998273909092
73966,0.974021911621
73967,0.992100656033
73968,0.998606979847
73969,0.990172147751
73970,0.997746109962
73971,0.998606979847
73972,0.998145222664
73973,0.995305478573
73974,0.998606979847
73975,0.963093876839
73976,0.992020487785
73977,0.994758427143
73978,0.998606979847
73979,0.99838078022
73980,0.998606979847
73981,0.987812161446
73982,0.998406648636
73983,0.938620448112
73984,0.994930267334
73985,0.998406648636
73986,0.996353328228
73987,0.975189089775
73988,0.959701895714
73989,0.998606979847
73990,0.998606979847
73991,0.998302519321
73992,0.998302519321
73993,0.998220264912
73994,0.98533821106
73995,0.99848139286
73996,0.992875635624
73997,0.99848139286
73998,0.994099259377
73999,0.998606979847
74000,0.983035683632
74001,0.990807414055
74002,0.998054504395
74003,0.998606979847
74004,0.985544800758
74005,0.997510671616
74006,0.983235120773
74007,0.998606979847
74008,0.964577019215
74009,0.99848139286
74010,0.997901082039
74011,0.998606979847
74012,0.960866391659
74013,0.998606979847
74014,0.996027112007
74015,0.99838078022
74016,0.945997238159
74017,0.998606979847
74018,0.975012004375
74019,0.964488863945
74020,0.998606979847
74021,0.993305206299
74022,0.998047590256
74023,0.794794738293
74024,0.985916852951
74025,0.993826210499
74026,0.99644446373
74027,0.998368620872
74028,0.998047590256
74029,0.998368620872
74030,0.998606979847
74031,0.998406648636
74032,0.998406648636
74033,0.998606979847
74034,0.996795237064
74035,0.790243268013
74036,0.998428761959
74037,0.992693543434
74038,0.99793946743
74039,0.998200654984
74040,0.998606979847
74041,0.993618905544
74042,0.993921518326
74043,0.998368620872
74044,0.996842384338
74045,0.998276054859
74046,0.993826210499
74047,0.998606979847
74048,0.991871297359
74049,0.998054504395
74050,0.958669066429
74051,0.993287026882
74052,0.99793946743
74053,0.991576969624
74054,0.976266145706
74055,0.994731068611
74056,0.993352651596
74057,0.998276054859
74058,0.998606979847
74059,0.998606979847
74060,0.998013615608
74061,0.99263459444
74062,0.996842384338
74063,0.975372552872
74064,0.996984064579
74065,0.991418480873
74066,0.998483419418
74067,0.998606979847
74068,0.998606979847
74069,0.99838078022
74070,0.99838078022
74071,0.992225527763
74072,0.99829441309
74073,0.998260438442
74074,0.998302519321
74075,0.998606979847
74076,0.993048906326
74077,0.997828781605
74078,0.998606979847
74079,0.997533380985
74080,0.99848139286
74081,0.997783958912
74082,0.988977015018
74083,0.998606979847
74084,0.998606979847
74085,0.99848139286
74086,0.998147547245
74087,0.995757579803
74088,0.998606979847
74089,0.993489563465
74090,0.99644446373
74091,0.99232250452
74092,0.991810500622
74093,0.995484828949
74094,0.998181462288
74095,0.989532232285
74096,0.99793946743
74097,0.994616270065
74098,0.99829441309
74099,0.998102426529
74100,0.998606979847
74101,0.9974411726
74102,0.998079001904
74103,0.998241424561
74104,0.99848139286
74105,0.997880876064
74106,0.997900903225
74107,0.998606979847
74108,0.998483419418
74109,0.99848139286
74110,0.998606979847
74111,0.997745871544
74112,0.993686556816
74113,0.998260438442
74114,0.998606979847
74115,0.991435945034
74116,0.998153328896
74117,0.995243489742
74118,0.99327725172
74119,0.995879232883
74120,0.996586322784
74121,0.998606979847
74122,0.992175936699
74123,0.970302641392
74124,0.844185888767
74125,0.970859527588
74126,0.994886219501
74127,0.996007800102
74128,0.997728407383
74129,0.99644446373
74130,0.991519153118
74131,0.998606979847
74132,0.980324983597
74133,0.998606979847
74134,0.99848139286
74135,0.994701504707
74136,0.998606979847
74137,0.994299650192
74138,0.998606979847
74139,0.847209215164
74140,0.979354023933
74141,0.990681052208
74142,0.998606979847
74143,0.963713347912
74144,0.99829441309
74145,0.993533909321
74146,0.995143890381
74147,0.99848139286
74148,0.99838078022
74149,0.976798415184
74150,0.998606979847
74151,0.997510671616
74152,0.99838078022
74153,0.997370183468
74154,0.997900903225
74155,0.998606979847
74156,0.991143465042
74157,0.998406648636
74158,0.998606979847
74159,0.99848139286
74160,0.993688642979
74161,0.99848139286
74162,0.988258063793
74163,0.993056833744
74164,0.998084068298
74165,0.99848139286
74166,0.998606979847
74167,0.99838078022
74168,0.994354307652
74169,0.99848139286
74170,0.99838078022
74171,0.880984842777
74172,0.969940662384
74173,0.998606979847
74174,0.994840085506
74175,0.990273118019
74176,0.998606979847
74177,0.993048906326
74178,0.996181607246
74179,0.99838078022
74180,0.994047820568
74181,0.996842384338
74182,0.997251152992
74183,0.826044559479
74184,0.998606979847
74185,0.987132668495
74186,0.99848139286
74187,0.998276054859
74188,0.988240659237
74189,0.99848139286
74190,0.99793946743
74191,0.998483419418
74192,0.912386417389
74193,0.99820047617
74194,0.992813467979
74195,0.99820047617
74196,0.757598698139
74197,0.9909953475
74198,0.948525309563
74199,0.997621715069
74200,0.997783958912
74201,0.972656071186
74202,0.99838078022
74203,0.993543386459
74204,0.998606979847
74205,0.984444975853
74206,0.990172147751
74207,0.993048906326
74208,0.991452395916
74209,0.99782294035
74210,0.998606979847
74211,0.976521670818
74212,0.998606979847
74213,0.998606979847
74214,0.998005568981
74215,0.998606979847
74216,0.969137907028
74217,0.993511855602
74218,0.998406648636
74219,0.992875635624
74220,0.998606979847
74221,0.998606979847
74222,0.998606979847
74223,0.914688825607
74224,0.997418224812
74225,0.993826210499
74226,0.998606979847
74227,0.998047590256
74228,0.998483419418
74229,0.998606979847
74230,0.995922982693
74231,0.998606979847
74232,0.991586685181
74233,0.99848139286
74234,0.998406648636
74235,0.996353328228
74236,0.997725665569
74237,0.994143724442
74238,0.995328187943
74239,0.99263459444
74240,0.998606979847
74241,0.991418480873
74242,0.99186617136
74243,0.950501561165
74244,0.998216986656
74245,0.998606979847
74246,0.974737763405
74247,0.97097837925
74248,0.998606979847
74249,0.997783958912
74250,0.987720608711
74251,0.992429196835
74252,0.990946650505
74253,0.961859703064
74254,0.998606979847
74255,0.937874913216
74256,0.996312081814
74257,0.99644446373
74258,0.99570453167
74259,0.995609223843
74260,0.968028366566
74261,0.994561493397
74262,0.998260438442
74263,0.990929305553
74264,0.967975318432
74265,0.991242229939
74266,0.998406648636
74267,0.99820047617
74268,0.99793946743
74269,0.991963744164
74270,0.992288827896
74271,0.998483419418
74272,0.992829561234
74273,0.99838078022
74274,0.994453907013
74275,0.998079001904
74276,0.998079001904
74277,0.962906420231
74278,0.998606979847
74279,0.998606979847
74280,0.997580945492
74281,0.998407959938
74282,0.998606979847
74283,0.998606979847
74284,0.998260438442
74285,0.992524027824
74286,0.998129248619
74287,0.998134315014
74288,0.99848139286
74289,0.996027112007
74290,0.997236907482
74291,0.996603786945
74292,0.993206560612
74293,0.998407959938
74294,0.998606979847
74295,0.99793946743
74296,0.998606979847
74297,0.998606979847
74298,0.998606979847
74299,0.992072224617
74300,0.99259531498
74301,0.994341313839
74302,0.998260438442
74303,0.980586528778
74304,0.98184555769
74305,0.99838078022
74306,0.997464060783
74307,0.996334016323
74308,0.998606979847
74309,0.996754348278
74310,0.983969628811
74311,0.99848139286
74312,0.992650330067
74313,0.994348049164
74314,0.994462072849
74315,0.998606979847
74316,0.984417080879
74317,0.996073663235
74318,0.992635965347
74319,0.97805917263
74320,0.996073663235
74321,0.977804720402
74322,0.998483419418
74323,0.992897689342
74324,0.99848139286
74325,0.997558534145
74326,0.984263420105
74327,0.979391217232
74328,0.992160916328
74329,0.99804186821
74330,0.998483419418
74331,0.994000613689
74332,0.997881770134
74333,0.998606979847
74334,0.998606979847
74335,0.992741286755
74336,0.997881054878
74337,0.998022079468
74338,0.921612918377
74339,0.965177237988
74340,0.993375957012
74341,0.993945300579
74342,0.998352825642
74343,0.988911747932
74344,0.962470054626
74345,0.998153328896
74346,0.998606979847
74347,0.99359691143
74348,0.996309936047
74349,0.992172002792
74350,0.99848139286
74351,0.992947757244
74352,0.998606979847
74353,0.962987780571
74354,0.991452395916
74355,0.992311537266
74356,0.998606979847
74357,0.998276054859
74358,0.987341761589
74359,0.998606979847
74360,0.998606979847
74361,0.993952155113
74362,0.983964502811
74363,0.996667027473
74364,0.998184978962
74365,0.983159005642
74366,0.992947757244
74367,0.998200654984
74368,0.993327736855
74369,0.997828781605
74370,0.998061478138
74371,0.998606979847
74372,0.99793946743
74373,0.998606979847
74374,0.976185977459
74375,0.95114916563
74376,0.998606979847
74377,0.998145222664
74378,0.998606979847
74379,0.994937956333
74380,0.992160916328
74381,0.992665708065
74382,0.992160916328
74383,0.998260438442
74384,0.998406648636
74385,0.986856520176
74386,0.998606979847
74387,0.998220264912
74388,0.982899904251
74389,0.995221316814
74390,0.998013615608
74391,0.998606979847
74392,0.995879232883
74393,0.99804186821
74394,0.980862557888
74395,0.998606979847
74396,0.998606979847
74397,0.996738255024
74398,0.998013615608
74399,0.94330394268
74400,0.997828781605
74401,0.995329856873
74402,0.995817005634
74403,0.992296934128
74404,0.996146798134
74405,0.993826210499
74406,0.994781494141
74407,0.976540923119
74408,0.964986562729
74409,0.994992673397
74410,0.996956944466
74411,0.997783958912
74412,0.997889041901
74413,0.997900903225
74414,0.998606979847
74415,0.998276054859
74416,0.99359691143
74417,0.992525339127
74418,0.992586314678
74419,0.998606979847
74420,0.998606979847
74421,0.994908452034
74422,0.992730379105
74423,0.946520626545
74424,0.998606979847
74425,0.986661314964
74426,0.995257675648
74427,0.987565279007
74428,0.985970914364
74429,0.998606979847
74430,0.991347789764
74431,0.952804088593
74432,0.998606979847
74433,0.99820047617
74434,0.992947757244
74435,0.990218877792
74436,0.998606979847
74437,0.992740154266
74438,0.985514223576
74439,0.987558186054
74440,0.977021336555
74441,0.992525339127
74442,0.991143465042
74443,0.998081326485
74444,0.986603021622
74445,0.997989296913
74446,0.993769347668
74447,0.994525492191
74448,0.977348268032
74449,0.994326114655
74450,0.998081982136
74451,0.996842384338
74452,0.956024289131
74453,0.987561166286
74454,0.992244899273
74455,0.998220264912
74456,0.997599542141
74457,0.99793946743
74458,0.998606979847
74459,0.975802659988
74460,0.998606979847
74461,0.993110239506
74462,0.998606979847
74463,0.998606979847
74464,0.99848139286
74465,0.995897948742
74466,0.998276054859
74467,0.95076161623
74468,0.99793946743
74469,0.992331385612
74470,0.988388180733
74471,0.974876523018
74472,0.998406648636
74473,0.996076047421
74474,0.995914697647
74475,0.99848139286
74476,0.998606979847
74477,0.946937024593
74478,0.985489070415
74479,0.998153328896
74480,0.998606979847
74481,0.993551790714
74482,0.998606979847
74483,0.998364388943
74484,0.998200654984
74485,0.998606979847
74486,0.989643394947
74487,0.99848139286
74488,0.916467428207
74489,0.99240732193
74490,0.996027112007
74491,0.998606979847
74492,0.998407959938
74493,0.991453289986
74494,0.998364388943
74495,0.997723698616
74496,0.974366605282
74497,0.996309936047
74498,0.996073663235
74499,0.998606979847
74500,0.998606979847
74501,0.99848139286
74502,0.99848139286
74503,0.997783958912
74504,0.998606979847
74505,0.975733935833
74506,0.993048906326
74507,0.998302519321
74508,0.997888922691
74509,0.998606979847
74510,0.998606979847
74511,0.992947757244
74512,0.991297543049
74513,0.998220264912
74514,0.994989395142
74515,0.994300663471
74516,0.998368620872
74517,0.991970896721
74518,0.989167630672
74519,0.998606979847
74520,0.979353427887
74521,0.988678455353
74522,0.99168497324
74523,0.993837594986
74524,0.998606979847
74525,0.998606979847
74526,0.998406648636
74527,0.998606979847
74528,0.998181462288
74529,0.998406648636
74530,0.997642576694
74531,0.998406648636
74532,0.99032741785
74533,0.997373878956
74534,0.994841814041
74535,0.993212997913
74536,0.99838078022
74537,0.980395436287
74538,0.99838078022
74539,0.988277375698
74540,0.983002603054
74541,0.998606979847
74542,0.995845198631
74543,0.994462072849
74544,0.994560360909
74545,0.99848139286
74546,0.99848139286
74547,0.99848139286
74548,0.998200654984
74549,0.988857209682
74550,0.998606979847
74551,0.99848139286
74552,0.98757982254
74553,0.97643584013
74554,0.998368620872
74555,0.99838078022
74556,0.998406648636
74557,0.938064992428
74558,0.99782294035
74559,0.99285441637
74560,0.998606979847
74561,0.990617930889
74562,0.998606979847
74563,0.96002393961
74564,0.995186805725
74565,0.996954917908
74566,0.994678735733
74567,0.983391702175
74568,0.997828781605
74569,0.998606979847
74570,0.996185719967
74571,0.99848139286
74572,0.996140956879
74573,0.950916349888
74574,0.992136061192
74575,0.990819871426
74576,0.99793946743
74577,0.99838078022
74578,0.998428761959
74579,0.998483419418
74580,0.998606979847
74581,0.984620928764
74582,0.998606979847
74583,0.993603289127
74584,0.998606979847
74585,0.998606979847
74586,0.971352815628
74587,0.998606979847
74588,0.992947757244
74589,0.988388180733
74590,0.997685015202
74591,0.990172147751
74592,0.99394762516
74593,0.995897114277
74594,0.992962658405
74595,0.998406648636
74596,0.998406648636
74597,0.998606979847
74598,0.998606979847
74599,0.998606979847
74600,0.997679948807
74601,0.989376008511
74602,0.998606979847
74603,0.998606979847
74604,0.998606979847
74605,0.998606979847
74606,0.998406648636
74607,0.995047926903
74608,0.997926175594
74609,0.998606979847
74610,0.99848139286
74611,0.992619872093
74612,0.993590176105
74613,0.998606979847
74614,0.998606979847
74615,0.99323707819
74616,0.998406648636
74617,0.989973247051
74618,0.998606979847
74619,0.998606979847
74620,0.99801248312
74621,0.99838078022
74622,0.997642576694
74623,0.998606979847
74624,0.998047590256
74625,0.98847836256
74626,0.998153328896
74627,0.994749844074
74628,0.972501695156
74629,0.96779280901
74630,0.99848139286
74631,0.99369096756
74632,0.997035980225
74633,0.998606979847
74634,0.994217097759
74635,0.994165718555
74636,0.998606979847
74637,0.982072949409
74638,0.99838078022
74639,0.996353328228
74640,0.998606979847
74641,0.990806818008
74642,0.996353328228
74643,0.974850833416
74644,0.998606979847
74645,0.99848139286
74646,0.998606979847
74647,0.996826887131
74648,0.998606979847
74649,0.997679948807
74650,0.998406648636
74651,0.972536981106
74652,0.998134315014
74653,0.997685015202
74654,0.998368620872
74655,0.998406648636
74656,0.992473721504
74657,0.998200654984
74658,0.998606979847
74659,0.998606979847
74660,0.998407959938
74661,0.998483419418
74662,0.998407959938
74663,0.994301259518
74664,0.998407959938
74665,0.951125264168
74666,0.997703015804
74667,0.968558490276
74668,0.998606979847
74669,0.998406648636
74670,0.987583458424
74671,0.996852695942
74672,0.998407959938
74673,0.997745871544
74674,0.998606979847
74675,0.996411442757
74676,0.997498333454
74677,0.998145222664
74678,0.996027112007
74679,0.994099259377
74680,0.973661243916
74681,0.996471583843
74682,0.998606979847
74683,0.998606979847
74684,0.992393434048
74685,0.99361628294
74686,0.99848139286
74687,0.998606979847
74688,0.99561804533
74689,0.991143465042
74690,0.996027112007
74691,0.998606979847
74692,0.994370102882
74693,0.994701504707
74694,0.991934776306
74695,0.998606979847
74696,0.998606979847
74697,0.993561327457
74698,0.996842384338
74699,0.99848139286
74700,0.995472192764
74701,0.998606979847
74702,0.998606979847
74703,0.957118332386
74704,0.993826210499
74705,0.998606979847
74706,0.955230951309
74707,0.994448900223
74708,0.997464060783
74709,0.99838078022
74710,0.998181462288
74711,0.997745871544
74712,0.997734487057
74713,0.99804186821
74714,0.997828781605
74715,0.995921373367
74716,0.998364388943
74717,0.991934776306
74718,0.998606979847
74719,0.998241424561
74720,0.969892859459
74721,0.994758427143
74722,0.996334016323
74723,0.99793946743
74724,0.990422189236
74725,0.984019339085
74726,0.997615814209
74727,0.990856289864
74728,0.988828063011
74729,0.998483419418
74730,0.910457313061
74731,0.988838076591
74732,0.957163333893
74733,0.993243992329
74734,0.99838078022
74735,0.997967541218
74736,0.99320846796
74737,0.997828781605
74738,0.998606979847
74739,0.988589406013
74740,0.998407959938
74741,0.99848139286
74742,0.998406648636
74743,0.992829561234
74744,0.990473270416
74745,0.998483419418
74746,0.995044291019
74747,0.99848139286
74748,0.998606979847
74749,0.97772693634
74750,0.98925447464
74751,0.995043575764
74752,0.99820047617
74753,0.998153328896
74754,0.971705555916
74755,0.998606979847
74756,0.991190314293
74757,0.9935785532
74758,0.998273909092
74759,0.987820446491
74760,0.998406648636
74761,0.998606979847
74762,0.991777837276
74763,0.998606979847
74764,0.996603786945
74765,0.998606979847
74766,0.998606979847
74767,0.992787539959
74768,0.988885104656
74769,0.998606979847
74770,0.996842384338
74771,0.998606979847
74772,0.998606979847
74773,0.994135022163
74774,0.975120782852
74775,0.998606979847
74776,0.993414878845
74777,0.99848139286
74778,0.997464060783
74779,0.99820047617
74780,0.998606979847
74781,0.998606979847
74782,0.979093670845
74783,0.998606979847
74784,0.998483419418
74785,0.993382036686
74786,0.998606979847
74787,0.996603786945
74788,0.998606979847
74789,0.998606979847
74790,0.998606979847
74791,0.993826210499
74792,0.990806818008
74793,0.987776696682
74794,0.988044202328
74795,0.968184888363
74796,0.994300663471
74797,0.998094499111
74798,0.998606979847
74799,0.997954785824
74800,0.976013123989
74801,0.989773511887
74802,0.998606979847
74803,0.998079001904
74804,0.998606979847
74805,0.99829441309
74806,0.998145222664
74807,0.997532427311
74808,0.99165135622
74809,0.964880645275
74810,0.923205137253
74811,0.9909953475
74812,0.99838078022
74813,0.996140956879
74814,0.974138796329
74815,0.998606979847
74816,0.99679851532
74817,0.998302519321
74818,0.99838078022
74819,0.998606979847
74820,0.997685015202
74821,0.989552974701
74822,0.991835653782
74823,0.998606979847
74824,0.905365586281
74825,0.996603786945
74826,0.998606979847
74827,0.990769982338
74828,0.991693496704
74829,0.997464060783
74830,0.98586833477
74831,0.996946036816
74832,0.972905576229
74833,0.998606979847
74834,0.995040535927
74835,0.970284819603
74836,0.998606979847
74837,0.993533909321
74838,0.884261548519
74839,0.993178665638
74840,0.998606979847
74841,0.998145222664
74842,0.998606979847
74843,0.99838078022
74844,0.998013615608
74845,0.998606979847
74846,0.99793946743
74847,0.998200654984
74848,0.988235294819
74849,0.99848139286
74850,0.998606979847
74851,0.99848139286
74852,0.995388090611
74853,0.992829561234
74854,0.956915676594
74855,0.998606979847
74856,0.991943776608
74857,0.998606979847
74858,0.996027112007
74859,0.980259895325
74860,0.998606979847
74861,0.992883503437
74862,0.998428761959
74863,0.998606979847
74864,0.997900903225
74865,0.910193502903
74866,0.951459944248
74867,0.998606979847
74868,0.997900903225
74869,0.984727621078
74870,0.998260438442
74871,0.991310417652
74872,0.990580916405
74873,0.996073663235
74874,0.998483419418
74875,0.998606979847
74876,0.998606979847
74877,0.998606979847
74878,0.993240177631
74879,0.971495389938
74880,0.99793946743
74881,0.998200654984
74882,0.993319034576
74883,0.998200654984
74884,0.998606979847
74885,0.988119602203
74886,0.993826210499
74887,0.994530022144
74888,0.998606979847
74889,0.987040519714
74890,0.997475743294
74891,0.998153328896
74892,0.998606979847
74893,0.985400140285
74894,0.998606979847
74895,0.988103747368
74896,0.998606979847
74897,0.99038952589
74898,0.998220264912
74899,0.993620932102
74900,0.991711616516
74901,0.996027112007
74902,0.972462594509
74903,0.998606979847
74904,0.998606979847
74905,0.996027112007
74906,0.998155415058
74907,0.992829561234
74908,0.98063325882
74909,0.997769594193
74910,0.88866186142
74911,0.959750175476
74912,0.993543565273
74913,0.992829561234
74914,0.998153328896
74915,0.99848139286
74916,0.995879232883
74917,0.99323707819
74918,0.998606979847
74919,0.990705966949
74920,0.932249426842
74921,0.998606979847
74922,0.990628898144
74923,0.998606979847
74924,0.99848139286
74925,0.964471518993
74926,0.918588995934
74927,0.99820047617
74928,0.997468531132
74929,0.99848139286
74930,0.940061330795
74931,0.997679948807
74932,0.99259775877
74933,0.998606979847
74934,0.99801248312
74935,0.99775236845
74936,0.998606979847
74937,0.985926389694
74938,0.993756711483
74939,0.998181462288
74940,0.998200654984
74941,0.963218510151
74942,0.998364388943
74943,0.99804186821
74944,0.998606979847
74945,0.998302519321
74946,0.994844973087
74947,0.998606979847
74948,0.997889041901
74949,0.98902451992
74950,0.998364388943
74951,0.873040616512
74952,0.99838078022
74953,0.995143890381
74954,0.989708900452
74955,0.993457436562
74956,0.990510284901
74957,0.998606979847
74958,0.993202805519
74959,0.997621715069
74960,0.996140956879
74961,0.998606979847
74962,0.998606979847
74963,0.998406648636
74964,0.998606979847
74965,0.998606979847
74966,0.998606979847
74967,0.998606979847
74968,0.98102337122
74969,0.998606979847
74970,0.994262695312
74971,0.99793946743
74972,0.998081028461
74973,0.998606979847
74974,0.974974691868
74975,0.99488145113
74976,0.992389976978
74977,0.994908452034
74978,0.994143724442
74979,0.998606979847
74980,0.998606979847
74981,0.99848139286
74982,0.998428761959
74983,0.993513405323
74984,0.991285979748
74985,0.970888495445
74986,0.974540472031
74987,0.998220264912
74988,0.993826210499
74989,0.992522060871
74990,0.996292173862
74991,0.968584656715
74992,0.966389477253
74993,0.998200654984
74994,0.989554405212
74995,0.998406648636
74996,0.993349730968
74997,0.976994514465
74998,0.980048537254
74999,0.99633949995
75000,0.998606979847
75001,0.998200654984
75002,0.99848139286
75003,0.991576969624
75004,0.998606979847
75005,0.99848139286
75006,0.998081326485
75007,0.99644446373
75008,0.99848139286
75009,0.996353328228
75010,0.996904432774
75011,0.998220264912
75012,0.991347789764
75013,0.993826210499
75014,0.998241424561
75015,0.992717385292
75016,0.990172147751
75017,0.991142272949
75018,0.998200654984
75019,0.993048906326
75020,0.968923687935
75021,0.998606979847
75022,0.998606979847
75023,0.994492769241
75024,0.99838078022
75025,0.997888922691
75026,0.998364388943
75027,0.995464742184
75028,0.998241424561
75029,0.99848139286
75030,0.998368620872
75031,0.998606979847
75032,0.998606979847
75033,0.99793946743
75034,0.997822642326
75035,0.998606979847
75036,0.914892077446
75037,0.99644613266
75038,0.99848139286
75039,0.997685015202
75040,0.998606979847
75041,0.99614328146
75042,0.985268712044
75043,0.99263459444
75044,0.998606979847
75045,0.998153328896
75046,0.988546252251
75047,0.998606979847
75048,0.99793946743
75049,0.993914842606
75050,0.998081028461
75051,0.998606979847
75052,0.998276054859
75053,0.972949683666
75054,0.998606979847
75055,0.998606979847
75056,0.994940757751
75057,0.997783958912
75058,0.998606979847
75059,0.982837975025
75060,0.998483419418
75061,0.984251379967
75062,0.998407959938
75063,0.998276054859
75064,0.956484138966
75065,0.998606979847
75066,0.994853854179
75067,0.998606979847
75068,0.998606979847
75069,0.99693018198
75070,0.992614209652
75071,0.982638955116
75072,0.992740154266
75073,0.998200654984
75074,0.994299650192
75075,0.99838078022
75076,0.998184978962
75077,0.998606979847
75078,0.995517611504
75079,0.998606979847
75080,0.998606979847
75081,0.99848139286
75082,0.997160553932
75083,0.996946036816
75084,0.995063900948
75085,0.998406648636
75086,0.998153328896
75087,0.998606979847
75088,0.980795800686
75089,0.99633949995
75090,0.997642397881
75091,0.998407959938
75092,0.995186090469
75093,0.99848139286
75094,0.998606979847
75095,0.991715908051
75096,0.998606979847
75097,0.998606979847
75098,0.998005568981
75099,0.985281407833
75100,0.974537491798
75101,0.997900903225
75102,0.996027112007
75103,0.95463514328
75104,0.998368620872
75105,0.993826210499
75106,0.99554425478
75107,0.994841814041
75108,0.993766009808
75109,0.998407959938
75110,0.998606979847
75111,0.998606979847
75112,0.998606979847
75113,0.994375705719
75114,0.987201809883
75115,0.998200654984
75116,0.98383551836
75117,0.993365824223
75118,0.991087138653
75119,0.998606979847
75120,0.99308526516
75121,0.982859790325
75122,0.995275914669
75123,0.98647236824
75124,0.998260438442
75125,0.998406648636
75126,0.998606979847
75127,0.998260438442
75128,0.991377651691
75129,0.994371831417
75130,0.998606979847
75131,0.998606979847
75132,0.995922386646
75133,0.998606979847
75134,0.998606979847
75135,0.991386532784
75136,0.998483419418
75137,0.998483419418
75138,0.998606979847
75139,0.805042266846
75140,0.99472463131
75141,0.998407959938
75142,0.998031020164
75143,0.99848139286
75144,0.968432426453
75145,0.996603786945
75146,0.99273699522
75147,0.998483419418
75148,0.998606979847
75149,0.99838078022
75150,0.989180624485
75151,0.995290398598
75152,0.980272948742
75153,0.998406648636
75154,0.998428761959
75155,0.998260438442
75156,0.988641738892
75157,0.939786314964
75158,0.953553318977
75159,0.997960448265
75160,0.993854820728
75161,0.997679948807
75162,0.998022854328
75163,0.998220264912
75164,0.995544314384
75165,0.998606979847
75166,0.998606979847
75167,0.995636641979
75168,0.997530579567
75169,0.99848139286
75170,0.998606979847
75171,0.997900903225
75172,0.998606979847
75173,0.998266220093
75174,0.998606979847
75175,0.991514325142
75176,0.993826210499
75177,0.998606979847
75178,0.992829561234
75179,0.992614209652
75180,0.99848139286
75181,0.99829441309
75182,0.998302519321
75183,0.997913062572
75184,0.997664451599
75185,0.997673869133
75186,0.99644446373
75187,0.976687133312
75188,0.998606979847
75189,0.994007110596
75190,0.991128146648
75191,0.990399479866
75192,0.992836296558
75193,0.998064756393
75194,0.998022079468
75195,0.998406648636
75196,0.993959903717
75197,0.998368620872
75198,0.998606979847
75199,0.998260438442
75200,0.992971658707
75201,0.976846694946
75202,0.998606979847
75203,0.99838078022
75204,0.997364997864
75205,0.986193418503
75206,0.99848139286
75207,0.997615814209
75208,0.998606979847
75209,0.99804186821
75210,0.99838078022
75211,0.986362457275
75212,0.994872868061
75213,0.969524979591
75214,0.998606979847
75215,0.998606979847
75216,0.997855246067
75217,0.998606979847
75218,0.997446119785
75219,0.998606979847
75220,0.998145222664
75221,0.992740154266
75222,0.934745371342
75223,0.998606979847
75224,0.994580805302
75225,0.997828781605
75226,0.994463682175
75227,0.998606979847
75228,0.998606979847
75229,0.998031020164
75230,0.99848139286
75231,0.987997591496
75232,0.992245495319
75233,0.991787135601
75234,0.998606979847
75235,0.99644446373
75236,0.986473083496
75237,0.998407959938
75238,0.998260438442
75239,0.997926533222
75240,0.991670906544
75241,0.998606979847
75242,0.998606979847
75243,0.996027112007
75244,0.998606979847
75245,0.983723640442
75246,0.998606979847
75247,0.998200654984
75248,0.998606979847
75249,0.996842384338
75250,0.998260438442
75251,0.998606979847
75252,0.998606979847
75253,0.996163904667
75254,0.953492760658
75255,0.99838078022
75256,0.996138811111
75257,0.97065359354
75258,0.99848139286
75259,0.998145222664
75260,0.99359691143
75261,0.998606979847
75262,0.998606979847
75263,0.998606979847
75264,0.997828781605
75265,0.998606979847
75266,0.998606979847
75267,0.998606979847
75268,0.998606979847
75269,0.939043343067
75270,0.972543656826
75271,0.992050349712
75272,0.998606979847
75273,0.991304636002
75274,0.998134315014
75275,0.992829561234
75276,0.993048906326
75277,0.998094499111
75278,0.977486133575
75279,0.998606979847
75280,0.998606979847
75281,0.992947757244
75282,0.997415661812
75283,0.983550786972
75284,0.99848139286
75285,0.991040229797
75286,0.997222423553
75287,0.997771561146
75288,0.994579970837
75289,0.998407959938
75290,0.989163458347
75291,0.998407959938
75292,0.998606979847
75293,0.992790162563
75294,0.989542245865
75295,0.998260438442
75296,0.993722617626
75297,0.998606979847
75298,0.992829561234
75299,0.993826210499
75300,0.998606979847
75301,0.99829441309
75302,0.998483419418
75303,0.996034264565
75304,0.98461830616
75305,0.989158034325
75306,0.998407959938
75307,0.99848139286
75308,0.997889041901
75309,0.988411903381
75310,0.998094499111
75311,0.998406648636
75312,0.990296661854
75313,0.985411703587
75314,0.998483419418
75315,0.994989395142
75316,0.98920160532
75317,0.99820047617
75318,0.968113362789
75319,0.99838078022
75320,0.99829441309
75321,0.992829561234
75322,0.998606979847
75323,0.989031732082
75324,0.998606979847
75325,0.979017019272
75326,0.998368620872
75327,0.998606979847
75328,0.99848139286
75329,0.998606979847
75330,0.944212734699
75331,0.998606979847
75332,0.993826210499
75333,0.998606979847
75334,0.99848139286
75335,0.998606979847
75336,0.996389865875
75337,0.996158778667
75338,0.99829441309
75339,0.994158625603
75340,0.971847653389
75341,0.998606979847
75342,0.99633949995
75343,0.935861766338
75344,0.998606979847
75345,0.993722617626
75346,0.998483419418
75347,0.998606979847
75348,0.998606979847
75349,0.998606979847
75350,0.998302519321
75351,0.99838078022
75352,0.998606979847
75353,0.998013615608
75354,0.99254989624
75355,0.995321452618
75356,0.988489627838
75357,0.997089266777
75358,0.998260438442
75359,0.998406648636
75360,0.963894128799
75361,0.998606979847
75362,0.998606979847
75363,0.99848139286
75364,0.998606979847
75365,0.997828781605
75366,0.990014493465
75367,0.99782294035
75368,0.998368620872
75369,0.986804902554
75370,0.998606979847
75371,0.997509837151
75372,0.995275914669
75373,0.998606979847
75374,0.99820047617
75375,0.997679948807
75376,0.998606979847
75377,0.998266220093
75378,0.992740154266
75379,0.975745797157
75380,0.998406648636
75381,0.998606979847
75382,0.99820047617
75383,0.991688430309
75384,0.996309936047
75385,0.998606979847
75386,0.998606979847
75387,0.997679948807
75388,0.997866868973
75389,0.9875395298
75390,0.998094499111
75391,0.998606979847
75392,0.940960407257
75393,0.94326287508
75394,0.963419556618
75395,0.992921948433
75396,0.99120259285
75397,0.998606979847
75398,0.99793112278
75399,0.998606979847
75400,0.995518863201
75401,0.991152226925
75402,0.992406487465
75403,0.996704697609
75404,0.991182029247
75405,0.998606979847
75406,0.998407959938
75407,0.997530579567
75408,0.996353328228
75409,0.997141003609
75410,0.998606979847
75411,0.991871297359
75412,0.996878802776
75413,0.989167630672
75414,0.998407959938
75415,0.998483419418
75416,0.998606979847
75417,0.998606979847
75418,0.998606979847
75419,0.998181462288
75420,0.998293995857
75421,0.998606979847
75422,0.991803646088
75423,0.998276054859
75424,0.998483419418
75425,0.998260438442
75426,0.99848139286
75427,0.994187355042
75428,0.998407959938
75429,0.99793946743
75430,0.998606979847
75431,0.994758427143
75432,0.998428761959
75433,0.998243689537
75434,0.998155415058
75435,0.997968196869
75436,0.930818557739
75437,0.99359691143
75438,0.99848139286
75439,0.998606979847
75440,0.997642397881
75441,0.99829441309
75442,0.997900903225
75443,0.99263459444
75444,0.975960075855
75445,0.992829561234
75446,0.998606979847
75447,0.995858848095
75448,0.992829561234
75449,0.995117902756
75450,0.998606979847
75451,0.957559943199
75452,0.99793946743
75453,0.967400670052
75454,0.992829561234
75455,0.970760345459
75456,0.997913062572
75457,0.995962321758
75458,0.998428761959
75459,0.998606979847
75460,0.992296934128
75461,0.997783958912
75462,0.885288119316
75463,0.936030745506
75464,0.99848139286
75465,0.99770206213
75466,0.994841814041
75467,0.991959631443
75468,0.998241424561
75469,0.998406648636
75470,0.931793451309
75471,0.985112011433
75472,0.998606979847
75473,0.99838078022
75474,0.99838078022
75475,0.962429344654
75476,0.997783958912
75477,0.998606979847
75478,0.998407959938
75479,0.99644446373
75480,0.991591691971
75481,0.982276618481
75482,0.992947757244
75483,0.995516598225
75484,0.997592926025
75485,0.995228469372
75486,0.993483781815
75487,0.998407959938
75488,0.996735036373
75489,0.985243439674
75490,0.998153328896
75491,0.998606979847
75492,0.985480725765
75493,0.994103848934
75494,0.998153328896
75495,0.994596600533
75496,0.995079517365
75497,0.99263459444
75498,0.99263459444
75499,0.996146798134
75500,0.998606979847
75501,0.998163342476
75502,0.996842384338
75503,0.998606979847
75504,0.981236338615
75505,0.990875482559
75506,0.998606979847
75507,0.993183076382
75508,0.958827674389
75509,0.996353328228
75510,0.996842384338
75511,0.998483419418
75512,0.991025626659
75513,0.998606979847
75514,0.998406648636
75515,0.989501178265
75516,0.997592926025
75517,0.995244979858
75518,0.997889041901
75519,0.996027112007
75520,0.996034264565
75521,0.99848139286
75522,0.998260438442
75523,0.998220264912
75524,0.995717763901
75525,0.998407959938
75526,0.998293995857
75527,0.992930233479
75528,0.998606979847
75529,0.984697163105
75530,0.998153328896
75531,0.998407959938
75532,0.998013615608
75533,0.998606979847
75534,0.991143465042
75535,0.998483419418
75536,0.995188713074
75537,0.994369328022
75538,0.99848139286
75539,0.992355406284
75540,0.995275914669
75541,0.992875635624
75542,0.99848139286
75543,0.993952155113
75544,0.997788965702
75545,0.99838078022
75546,0.997571706772
75547,0.99838078022
75548,0.998606979847
75549,0.998606979847
75550,0.998606979847
75551,0.997828781605
75552,0.990705966949
75553,0.821244418621
75554,0.998241424561
75555,0.998606979847
75556,0.976310789585
75557,0.998606979847
75558,0.995484411716
75559,0.998606979847
75560,0.995571017265
75561,0.836802721024
75562,0.99848139286
75563,0.998153328896
75564,0.992829561234
75565,0.998352825642
75566,0.991193175316
75567,0.993945837021
75568,0.998606979847
75569,0.998606979847
75570,0.996414005756
75571,0.998606979847
75572,0.99204492569
75573,0.998606979847
75574,0.99848139286
75575,0.99263894558
75576,0.992261469364
75577,0.990932404995
75578,0.997879803181
75579,0.99550229311
75580,0.998260438442
75581,0.995620787144
75582,0.990826129913
75583,0.993485808372
75584,0.995563745499
75585,0.992393434048
75586,0.998606979847
75587,0.998406648636
75588,0.945667862892
75589,0.99838078022
75590,0.998606979847
75591,0.997296869755
75592,0.997900903225
75593,0.998606979847
75594,0.998031020164
75595,0.99793946743
75596,0.992328345776
75597,0.99829441309
75598,0.998260438442
75599,0.991397321224
75600,0.99848139286
75601,0.991333305836
75602,0.95581048727
75603,0.997486829758
75604,0.991697609425
75605,0.99829441309
75606,0.99793946743
75607,0.998079001904
75608,0.987180113792
75609,0.99848139286
75610,0.994173824787
75611,0.998606979847
75612,0.969993710518
75613,0.973441660404
75614,0.998220264912
75615,0.998260438442
75616,0.997002005577
75617,0.970014333725
75618,0.990484118462
75619,0.991519153118
75620,0.985058367252
75621,0.99838078022
75622,0.998406648636
75623,0.985393047333
75624,0.998606979847
75625,0.998606979847
75626,0.998406648636
75627,0.993432462215
75628,0.99848139286
75629,0.994518518448
75630,0.998606979847
75631,0.998606979847
75632,0.99838078022
75633,0.998606979847
75634,0.994758427143
75635,0.994165718555
75636,0.991995751858
75637,0.881615698338
75638,0.985884189606
75639,0.998013615608
75640,0.995123803616
75641,0.998606979847
75642,0.998606979847
75643,0.99838078022
75644,0.998276054859
75645,0.997889041901
75646,0.99263459444
75647,0.99570608139
75648,0.998102426529
75649,0.99820047617
75650,0.989338994026
75651,0.972675144672
75652,0.992244780064
75653,0.99848139286
75654,0.998220264912
75655,0.996262788773
75656,0.983353972435
75657,0.994662106037
75658,0.998483419418
75659,0.993480682373
75660,0.997436404228
75661,0.912122249603
75662,0.995472192764
75663,0.998606979847
75664,0.994897544384
75665,0.998022079468
75666,0.998483419418
75667,0.989322721958
75668,0.968632340431
75669,0.985751867294
75670,0.996698200703
75671,0.97784358263
75672,0.997900903225
75673,0.98371553421
75674,0.993855595589
75675,0.994841814041
75676,0.998606979847
75677,0.998606979847
75678,0.998483419418
75679,0.99848139286
75680,0.998606979847
75681,0.997597813606
75682,0.993036985397
75683,0.998606979847
75684,0.998606979847
75685,0.998158633709
75686,0.998606979847
75687,0.99820047617
75688,0.996353328228
75689,0.972472727299
75690,0.998260438442
75691,0.998606979847
75692,0.99848139286
75693,0.998606979847
75694,0.977756559849
75695,0.997977256775
75696,0.974207520485
75697,0.99271351099
75698,0.99838078022
75699,0.997783958912
75700,0.998606979847
75701,0.998606979847
75702,0.998606979847
75703,0.997498333454
75704,0.998220264912
75705,0.980781972408
75706,0.997629582882
75707,0.998483419418
75708,0.99829441309
75709,0.998606979847
75710,0.992519795895
75711,0.997852921486
75712,0.998606979847
75713,0.99793946743
75714,0.997988402843
75715,0.997850000858
75716,0.998606979847
75717,0.992947757244
75718,0.998606979847
75719,0.997393488884
75720,0.998406648636
75721,0.977819085121
75722,0.995117902756
75723,0.997713565826
75724,0.998606979847
75725,0.998606979847
75726,0.990152537823
75727,0.998407959938
75728,0.998153328896
75729,0.99793946743
75730,0.992379844189
75731,0.993826210499
75732,0.997322142124
75733,0.996027112007
75734,0.998606979847
75735,0.99829441309
75736,0.99848139286
75737,0.969221055508
75738,0.997866868973
75739,0.997713565826
75740,0.951186954975
75741,0.998406648636
75742,0.997045040131
75743,0.993261575699
75744,0.997951805592
75745,0.998606979847
75746,0.99848139286
75747,0.984693408012
75748,0.99848139286
75749,0.996946036816
75750,0.992878556252
75751,0.998606979847
75752,0.998145222664
75753,0.995128631592
75754,0.991971492767
75755,0.998606979847
75756,0.99635130167
75757,0.997266829014
75758,0.992778658867
75759,0.989414155483
75760,0.985999464989
75761,0.998406648636
75762,0.926892518997
75763,0.99838078022
75764,0.998483419418
75765,0.991576969624
75766,0.99848139286
75767,0.997713565826
75768,0.980563402176
75769,0.998606979847
75770,0.998406648636
75771,0.99838078022
75772,0.996989548206
75773,0.992829561234
75774,0.998606979847
75775,0.985650002956
75776,0.998606979847
75777,0.99644446373
75778,0.99848139286
75779,0.992272436619
75780,0.998606979847
75781,0.998606979847
75782,0.990612030029
75783,0.998606979847
75784,0.993818759918
75785,0.995107889175
75786,0.998113453388
75787,0.997525453568
75788,0.925528287888
75789,0.982512235641
75790,0.99375975132
75791,0.998153328896
75792,0.99838078022
75793,0.99838078022
75794,0.998407959938
75795,0.998606979847
75796,0.997558534145
75797,0.970782697201
75798,0.898341476917
75799,0.994685232639
75800,0.993225693703
75801,0.998181462288
75802,0.991308510303
75803,0.994071483612
75804,0.993722617626
75805,0.996842384338
75806,0.99793946743
75807,0.998220264912
75808,0.993826210499
75809,0.995877921581
75810,0.990400075912
75811,0.993914842606
75812,0.996309936047
75813,0.99761903286
75814,0.882591366768
75815,0.998606979847
75816,0.998407959938
75817,0.996146798134
75818,0.986611843109
75819,0.99793946743
75820,0.997455358505
75821,0.998407959938
75822,0.99848139286
75823,0.99829441309
75824,0.998606979847
75825,0.992400109768
75826,0.965691626072
75827,0.997636258602
75828,0.995609223843
75829,0.99793946743
75830,0.998606979847
75831,0.992829561234
75832,0.99793946743
75833,0.996414005756
75834,0.998606979847
75835,0.995464742184
75836,0.99848139286
75837,0.914203464985
75838,0.99848139286
75839,0.992014110088
75840,0.994202435017
75841,0.998260438442
75842,0.998352825642
75843,0.994561493397
75844,0.998606979847
75845,0.998200654984
75846,0.994841814041
75847,0.994996786118
75848,0.998302519321
75849,0.99085611105
75850,0.992657363415
75851,0.997788965702
75852,0.995924890041
75853,0.992167234421
75854,0.95457971096
75855,0.996842384338
75856,0.998406648636
75857,0.998606979847
75858,0.99829441309
75859,0.993685662746
75860,0.995879232883
75861,0.998368620872
75862,0.99793946743
75863,0.99375975132
75864,0.992323517799
75865,0.99552744627
75866,0.990884780884
75867,0.991825997829
75868,0.998368620872
75869,0.998606979847
75870,0.992614209652
75871,0.991574406624
75872,0.992947757244
75873,0.998181462288
75874,0.980327129364
75875,0.998606979847
75876,0.991607248783
75877,0.994114518166
75878,0.997900903225
75879,0.99848139286
75880,0.997679948807
75881,0.996471583843
75882,0.997475922108
75883,0.998260438442
75884,0.998606979847
75885,0.998368620872
75886,0.997475922108
75887,0.998606979847
75888,0.99838078022
75889,0.997968196869
75890,0.997889816761
75891,0.998022079468
75892,0.997664451599
75893,0.993048906326
75894,0.998068809509
75895,0.997728407383
75896,0.995924890041
75897,0.992243826389
75898,0.934486746788
75899,0.998606979847
75900,0.995388090611
75901,0.998606979847
75902,0.99848139286
75903,0.997900903225
75904,0.998606979847
75905,0.99848139286
75906,0.998606979847
75907,0.992103219032
75908,0.998606979847
75909,0.989466130733
75910,0.963203668594
75911,0.998094499111
75912,0.998606979847
75913,0.997879803181
75914,0.997745871544
75915,0.99224960804
75916,0.932781159878
75917,0.998031020164
75918,0.998260438442
75919,0.998368620872
75920,0.998200654984
75921,0.994902312756
75922,0.997121989727
75923,0.97535687685
75924,0.998606979847
75925,0.995879232883
75926,0.998220264912
75927,0.998406648636
75928,0.997121989727
75929,0.99076706171
75930,0.99024116993
75931,0.962212085724
75932,0.993301331997
75933,0.998606979847
75934,0.996842384338
75935,0.99793946743
75936,0.990192949772
75937,0.998324692249
75938,0.981151401997
75939,0.998606979847
75940,0.99848139286
75941,0.99793946743
75942,0.99838078022
75943,0.99644446373
75944,0.986175954342
75945,0.991992235184
75946,0.998606979847
75947,0.995937466621
75948,0.998407959938
75949,0.998606979847
75950,0.990999221802
75951,0.99848139286
75952,0.997745871544
75953,0.978359043598
75954,0.908199071884
75955,0.998031020164
75956,0.995437681675
75957,0.977835655212
75958,0.998406648636
75959,0.996842384338
75960,0.995487034321
75961,0.997858762741
75962,0.99848139286
75963,0.99848139286
75964,0.998406648636
75965,0.994916439056
75966,0.99838078022
75967,0.994392454624
75968,0.987457513809
75969,0.998606979847
75970,0.996562898159
75971,0.998606979847
75972,0.998406648636
75973,0.993942797184
75974,0.993603289127
75975,0.998406648636
75976,0.992296934128
75977,0.954956710339
75978,0.998606979847
75979,0.995924890041
75980,0.994262695312
75981,0.998302519321
75982,0.998079001904
75983,0.957431316376
75984,0.991925776005
75985,0.998211979866
75986,0.99838078022
75987,0.995962321758
75988,0.998606979847
75989,0.99848139286
75990,0.998483419418
75991,0.959760308266
75992,0.990991950035
75993,0.99554425478
75994,0.99838078022
75995,0.998606979847
75996,0.94821959734
75997,0.995968937874
75998,0.991649031639
75999,0.992829561234
76000,0.950397670269
76001,0.997568666935
76002,0.998606979847
76003,0.997506082058
76004,0.991670906544
76005,0.968920767307
76006,0.997464060783
76007,0.994099259377
76008,0.993014156818
76009,0.998407959938
76010,0.992393434048
76011,0.992646753788
76012,0.998606979847
76013,0.967346489429
76014,0.99829441309
76015,0.997209191322
76016,0.991342782974
76017,0.961907982826
76018,0.987669765949
76019,0.996334016323
76020,0.99838078022
76021,0.979110777378
76022,0.998606979847
76023,0.974417507648
76024,0.969709038734
76025,0.998216986656
76026,0.96890681982
76027,0.998606979847
76028,0.998606979847
76029,0.998606979847
76030,0.906066060066
76031,0.997700989246
76032,0.996062338352
76033,0.996146798134
76034,0.99829441309
76035,0.998079001904
76036,0.996027112007
76037,0.998606979847
76038,0.998606979847
76039,0.998606979847
76040,0.998606979847
76041,0.998406648636
76042,0.998606979847
76043,0.993048906326
76044,0.965945184231
76045,0.988547742367
76046,0.998606979847
76047,0.997464060783
76048,0.997498333454
76049,0.991643488407
76050,0.942508757114
76051,0.951348602772
76052,0.988962590694
76053,0.996795415878
76054,0.998260438442
76055,0.986288368702
76056,0.992947757244
76057,0.995924890041
76058,0.966964364052
76059,0.991254091263
76060,0.996603786945
76061,0.730155229568
76062,0.998606979847
76063,0.998606979847
76064,0.99829441309
76065,0.998606979847
76066,0.995178937912
76067,0.997828781605
76068,0.982859790325
76069,0.995050549507
76070,0.998276054859
76071,0.988442003727
76072,0.993551790714
76073,0.998606979847
76074,0.994841814041
76075,0.995164573193
76076,0.998181462288
76077,0.970960497856
76078,0.99633949995
76079,0.998200654984
76080,0.99838078022
76081,0.998606979847
76082,0.99848139286
76083,0.998606979847
76084,0.99848139286
76085,0.960706710815
76086,0.998235344887
76087,0.998606979847
76088,0.998606979847
76089,0.996411442757
76090,0.998606979847
76091,0.989431738853
76092,0.993826210499
76093,0.988551974297
76094,0.998606979847
76095,0.998407959938
76096,0.99848139286
76097,0.976869642735
76098,0.998606979847
76099,0.998606979847
76100,0.996353328228
76101,0.997828781605
76102,0.998406648636
76103,0.998606979847
76104,0.998064756393
76105,0.997575700283
76106,0.998606979847
76107,0.986011743546
76108,0.99848139286
76109,0.998606979847
76110,0.998606979847
76111,0.998406648636
76112,0.974614441395
76113,0.998081743717
76114,0.998406648636
76115,0.998406648636
76116,0.993695139885
76117,0.998606979847
76118,0.994214117527
76119,0.991182327271
76120,0.965493023396
76121,0.992160916328
76122,0.998606979847
76123,0.994960904121
76124,0.99793946743
76125,0.998302519321
76126,0.99848139286
76127,0.99848139286
76128,0.998368620872
76129,0.9887586236
76130,0.995678424835
76131,0.998606979847
76132,0.912471473217
76133,0.995817005634
76134,0.997988402843
76135,0.994376420975
76136,0.99359691143
76137,0.997145712376
76138,0.998181462288
76139,0.977775871754
76140,0.963177859783
76141,0.997788965702
76142,0.998606979847
76143,0.990172147751
76144,0.995914697647
76145,0.997473359108
76146,0.997114419937
76147,0.99717271328
76148,0.998606979847
76149,0.99829441309
76150,0.992046952248
76151,0.985750436783
76152,0.983122110367
76153,0.992740154266
76154,0.998606979847
76155,0.990705966949
76156,0.998406648636
76157,0.992716789246
76158,0.993969023228
76159,0.995189249516
76160,0.99838078022
76161,0.998064756393
76162,0.998054504395
76163,0.998368620872
76164,0.998407959938
76165,0.983716666698
76166,0.987638652325
76167,0.998606979847
76168,0.991182327271
76169,0.965749561787
76170,0.998606979847
76171,0.998606979847
76172,0.97962898016
76173,0.998094499111
76174,0.998606979847
76175,0.99430590868
76176,0.992400109768
76177,0.998606979847
76178,0.998606979847
76179,0.996842384338
76180,0.998220264912
76181,0.99793946743
76182,0.998606979847
76183,0.990014493465
76184,0.99848139286
76185,0.997828781605
76186,0.993301987648
76187,0.954123675823
76188,0.99848139286
76189,0.998368620872
76190,0.964443147182
76191,0.997464060783
76192,0.992740154266
76193,0.998406648636
76194,0.998364388943
76195,0.998606979847
76196,0.979804694653
76197,0.998118519783
76198,0.993533909321
76199,0.998606979847
76200,0.997788965702
76201,0.987076401711
76202,0.992307126522
76203,0.993568480015
76204,0.997901082039
76205,0.902729153633
76206,0.992164075375
76207,0.998428761959
76208,0.99793946743
76209,0.997850000858
76210,0.993048906326
76211,0.994847416878
76212,0.998028457165
76213,0.998145222664
76214,0.998364388943
76215,0.870282590389
76216,0.998407959938
76217,0.988254308701
76218,0.99730527401
76219,0.998606979847
76220,0.992716789246
76221,0.97385507822
76222,0.994438052177
76223,0.992703855038
76224,0.958533465862
76225,0.980785965919
76226,0.952534854412
76227,0.998364388943
76228,0.99793946743
76229,0.991879403591
76230,0.997967541218
76231,0.998406648636
76232,0.998606979847
76233,0.99848139286
76234,0.998483419418
76235,0.99263459444
76236,0.992328345776
76237,0.998428761959
76238,0.997508645058
76239,0.998606979847
76240,0.998081326485
76241,0.99801248312
76242,0.997685015202
76243,0.997773170471
76244,0.996027112007
76245,0.996411442757
76246,0.992829561234
76247,0.991604208946
76248,0.98648327589
76249,0.979449689388
76250,0.998606979847
76251,0.991583764553
76252,0.982328236103
76253,0.991182327271
76254,0.984711587429
76255,0.997828781605
76256,0.997673869133
76257,0.998407959938
76258,0.99848139286
76259,0.984547555447
76260,0.998606979847
76261,0.998606979847
76262,0.998309850693
76263,0.997807383537
76264,0.985614836216
76265,0.998606979847
76266,0.998606979847
76267,0.998352825642
76268,0.998302519321
76269,0.983099341393
76270,0.995466709137
76271,0.988045990467
76272,0.993945300579
76273,0.998276054859
76274,0.998606979847
76275,0.99829441309
76276,0.998606979847
76277,0.989141047001
76278,0.995010972023
76279,0.99793946743
76280,0.992389976978
76281,0.983726978302
76282,0.997783958912
76283,0.997484982014
76284,0.99848139286
76285,0.945448458195
76286,0.998606979847
76287,0.987507283688
76288,0.998145222664
76289,0.989682912827
76290,0.998606979847
76291,0.998606979847
76292,0.992614209652
76293,0.99232250452
76294,0.99848139286
76295,0.998216986656
76296,0.992947757244
76297,0.99793946743
76298,0.992829561234
76299,0.992614209652
76300,0.998606979847
76301,0.99848139286
76302,0.991934776306
76303,0.99848139286
76304,0.995357811451
76305,0.99838078022
76306,0.998606979847
76307,0.998606979847
76308,0.998606979847
76309,0.99838078022
76310,0.995839357376
76311,0.997783958912
76312,0.998406648636
76313,0.991304636002
76314,0.998606979847
76315,0.99848139286
76316,0.99848139286
76317,0.994385898113
76318,0.996603786945
76319,0.996411442757
76320,0.990880608559
76321,0.998606979847
76322,0.998606979847
76323,0.99554425478
76324,0.994758427143
76325,0.9951415658
76326,0.919447720051
76327,0.998260438442
76328,0.995464742184
76329,0.998406648636
76330,0.994881808758
76331,0.99848139286
76332,0.998606979847
76333,0.998324692249
76334,0.985991120338
76335,0.994369268417
76336,0.998200654984
76337,0.998606979847
76338,0.992328345776
76339,0.991537690163
76340,0.996603786945
76341,0.964691638947
76342,0.992719531059
76343,0.953178286552
76344,0.998054504395
76345,0.998606979847
76346,0.997926175594
76347,0.998293995857
76348,0.993826210499
76349,0.998606979847
76350,0.998406648636
76351,0.994643688202
76352,0.99848139286
76353,0.967941462994
76354,0.998606979847
76355,0.998213946819
76356,0.992154538631
76357,0.99271351099
76358,0.997903585434
76359,0.998606979847
76360,0.998606979847
76361,0.99848139286
76362,0.998407959938
76363,0.996586322784
76364,0.943419694901
76365,0.99793946743
76366,0.996353328228
76367,0.957500576973
76368,0.998406648636
76369,0.998276054859
76370,0.996411442757
76371,0.825564861298
76372,0.998606979847
76373,0.998155415058
76374,0.992716789246
76375,0.990580916405
76376,0.998606979847
76377,0.992051482201
76378,0.998606979847
76379,0.944447755814
76380,0.998606979847
76381,0.998606979847
76382,0.997889041901
76383,0.998606979847
76384,0.998606979847
76385,0.996353328228
76386,0.997592926025
76387,0.99848139286
76388,0.998606979847
76389,0.998005568981
76390,0.991615355015
76391,0.998273909092
76392,0.996353328228
76393,0.993263065815
76394,0.979126751423
76395,0.998428761959
76396,0.992416918278
76397,0.992777049541
76398,0.997889041901
76399,0.996292173862
76400,0.995487928391
76401,0.998606979847
76402,0.99820047617
76403,0.998113453388
76404,0.995809614658
76405,0.994321525097
76406,0.99013119936
76407,0.992307126522
76408,0.993319034576
76409,0.998428761959
76410,0.998606979847
76411,0.97861379385
76412,0.99313634634
76413,0.99848139286
76414,0.998606979847
76415,0.998483419418
76416,0.998606979847
76417,0.994115173817
76418,0.998200654984
76419,0.997783958912
76420,0.992829561234
76421,0.995879232883
76422,0.998606979847
76423,0.986279666424
76424,0.994841814041
76425,0.995403885841
76426,0.998606979847
76427,0.99793946743
76428,0.99848139286
76429,0.997658252716
76430,0.998406648636
76431,0.991413116455
76432,0.992069005966
76433,0.996533155441
76434,0.986348688602
76435,0.998606979847
76436,0.998606979847
76437,0.998606979847
76438,0.998200654984
76439,0.998606979847
76440,0.997373878956
76441,0.998134315014
76442,0.998302519321
76443,0.942224621773
76444,0.998606979847
76445,0.99481344223
76446,0.988461077213
76447,0.994867861271
76448,0.993048906326
76449,0.992829561234
76450,0.99848139286
76451,0.995472192764
76452,0.998606979847
76453,0.991583764553
76454,0.966182947159
76455,0.997243046761
76456,0.997069001198
76457,0.997446119785
76458,0.996586322784
76459,0.991934776306
76460,0.99210113287
76461,0.99079144001
76462,0.959932386875
76463,0.998606979847
76464,0.991188049316
76465,0.998606979847
76466,0.997396528721
76467,0.990142822266
76468,0.99820047617
76469,0.997783958912
76470,0.99848139286
76471,0.996818959713
76472,0.997783958912
76473,0.99613493681
76474,0.998606979847
76475,0.998407959938
76476,0.985936403275
76477,0.99263459444
76478,0.996586322784
76479,0.995464742184
76480,0.947656750679
76481,0.9825065732
76482,0.998606979847
76483,0.973210632801
76484,0.998606979847
76485,0.973469555378
76486,0.998606979847
76487,0.998606979847
76488,0.977573215961
76489,0.99848139286
76490,0.994047224522
76491,0.998606979847
76492,0.997903585434
76493,0.997512340546
76494,0.998606979847
76495,0.998112678528
76496,0.938512384892
76497,0.998606979847
76498,0.99829441309
76499,0.997900903225
76500,0.997224986553
76501,0.998260438442
76502,0.997866868973
76503,0.998273909092
76504,0.99268746376
76505,0.992592096329
76506,0.994474589825
76507,0.99848139286
76508,0.998606979847
76509,0.99793946743
76510,0.998260438442
76511,0.998606979847
76512,0.998606979847
76513,0.987301588058
76514,0.992829561234
76515,0.994884312153
76516,0.998606979847
76517,0.995681643486
76518,0.99801248312
76519,0.991935968399
76520,0.998064756393
76521,0.998407959938
76522,0.992947757244
76523,0.996411442757
76524,0.997866868973
76525,0.993826210499
76526,0.99210113287
76527,0.998606979847
76528,0.998606979847
76529,0.998260438442
76530,0.998273909092
76531,0.998428761959
76532,0.998606979847
76533,0.998606979847
76534,0.99848139286
76535,0.99848139286
76536,0.998606979847
76537,0.998428761959
76538,0.998368620872
76539,0.998606979847
76540,0.998483419418
76541,0.994912445545
76542,0.993914008141
76543,0.998606979847
76544,0.994530022144
76545,0.998155415058
76546,0.998606979847
76547,0.99848139286
76548,0.969117820263
76549,0.997311890125
76550,0.991422832012
76551,0.997828781605
76552,0.99359691143
76553,0.998483419418
76554,0.989199876785
76555,0.998606979847
76556,0.998606979847
76557,0.998606979847
76558,0.998606979847
76559,0.997889041901
76560,0.99848139286
76561,0.998606979847
76562,0.998022079468
76563,0.946767508984
76564,0.99838078022
76565,0.996027112007
76566,0.99848139286
76567,0.996353328228
76568,0.995273649693
76569,0.997685015202
76570,0.99359691143
76571,0.992897689342
76572,0.993722617626
76573,0.986509144306
76574,0.995189845562
76575,0.99633949995
76576,0.998406648636
76577,0.992425143719
76578,0.996603786945
76579,0.994041442871
76580,0.998220264912
76581,0.996842384338
76582,0.992829561234
76583,0.998112678528
76584,0.996140956879
76585,0.998266220093
76586,0.99793946743
76587,0.998406648636
76588,0.998368620872
76589,0.99848139286
76590,0.998031020164
76591,0.996027112007
76592,0.998324692249
76593,0.998606979847
76594,0.964900553226
76595,0.99838078022
76596,0.914787888527
76597,0.977702021599
76598,0.991576969624
76599,0.998606979847
76600,0.998181462288
76601,0.998155415058
76602,0.998606979847
76603,0.998606979847
76604,0.992288827896
76605,0.990669906139
76606,0.941298365593
76607,0.990218877792
76608,0.996533155441
76609,0.99848139286
76610,0.99848139286
76611,0.998302519321
76612,0.99848139286
76613,0.99848139286
76614,0.996586322784
76615,0.993697226048
76616,0.998606979847
76617,0.997600734234
76618,0.996027112007
76619,0.997879803181
76620,0.981802582741
76621,0.99848139286
76622,0.995658397675
76623,0.997537434101
76624,0.988208055496
76625,0.995678424835
76626,0.998352825642
76627,0.992947757244
76628,0.998406648636
76629,0.985446333885
76630,0.997575700283
76631,0.993557095528
76632,0.991347789764
76633,0.998407959938
76634,0.996603786945
76635,0.995930373669
76636,0.99848139286
76637,0.990767657757
76638,0.986708819866
76639,0.99226975441
76640,0.884298682213
76641,0.99848139286
76642,0.998606979847
76643,0.997725665569
76644,0.99793946743
76645,0.998293995857
76646,0.998606979847
76647,0.998606979847
76648,0.99369096756
76649,0.98896753788
76650,0.99829441309
76651,0.998606979847
76652,0.995117902756
76653,0.99848139286
76654,0.993948221207
76655,0.998368620872
76656,0.997783958912
76657,0.997708141804
76658,0.995189845562
76659,0.993489563465
76660,0.987841725349
76661,0.991623580456
76662,0.998606979847
76663,0.950534403324
76664,0.980628550053
76665,0.998606979847
76666,0.997486829758
76667,0.99838078022
76668,0.998606979847
76669,0.997783958912
76670,0.997250020504
76671,0.995389699936
76672,0.994214355946
76673,0.998606979847
76674,0.998606979847
76675,0.997713565826
76676,0.995467782021
76677,0.99838078022
76678,0.998606979847
76679,0.992840051651
76680,0.9936876297
76681,0.991076231003
76682,0.998606979847
76683,0.950890302658
76684,0.993291437626
76685,0.99263459444
76686,0.998606979847
76687,0.997937142849
76688,0.997778773308
76689,0.998260438442
76690,0.997037529945
76691,0.993561327457
76692,0.996339023113
76693,0.997788965702
76694,0.998227238655
76695,0.99848139286
76696,0.992947757244
76697,0.994841814041
76698,0.996842384338
76699,0.998406648636
76700,0.998606979847
76701,0.998227238655
76702,0.993229389191
76703,0.990455806255
76704,0.998606979847
76705,0.998606979847
76706,0.994814932346
76707,0.985477149487
76708,0.998483419418
76709,0.99848139286
76710,0.997682273388
76711,0.994414925575
76712,0.993354678154
76713,0.991934418678
76714,0.998606979847
76715,0.998406648636
76716,0.99848139286
76717,0.99829441309
76718,0.998606979847
76719,0.992231249809
76720,0.99782294035
76721,0.981560826302
76722,0.998324692249
76723,0.981752514839
76724,0.98925447464
76725,0.99272787571
76726,0.980590581894
76727,0.997783958912
76728,0.997961580753
76729,0.998364388943
76730,0.996411442757
76731,0.998606979847
76732,0.998081326485
76733,0.997685015202
76734,0.959328114986
76735,0.998606979847
76736,0.987176179886
76737,0.998606979847
76738,0.997464060783
76739,0.99848139286
76740,0.961095929146
76741,0.99793946743
76742,0.99070584774
76743,0.989031732082
76744,0.996027112007
76745,0.99838078022
76746,0.996411442757
76747,0.987929582596
76748,0.998406648636
76749,0.996603786945
76750,0.998005568981
76751,0.996185719967
76752,0.998200654984
76753,0.992520272732
76754,0.996583402157
76755,0.998606979847
76756,0.998606979847
76757,0.997708141804
76758,0.981180429459
76759,0.998606979847
76760,0.995141208172
76761,0.998606979847
76762,0.99838078022
76763,0.998606979847
76764,0.99644446373
76765,0.993496000767
76766,0.995351314545
76767,0.993688821793
76768,0.998406648636
76769,0.99820047617
76770,0.998406648636
76771,0.935956835747
76772,0.981687307358
76773,0.998005568981
76774,0.990258395672
76775,0.997879803181
76776,0.994446337223
76777,0.998606979847
76778,0.998013615608
76779,0.993503570557
76780,0.994481861591
76781,0.998406648636
76782,0.993178665638
76783,0.998606979847
76784,0.996603786945
76785,0.998079001904
76786,0.988529503345
76787,0.99793946743
76788,0.880056321621
76789,0.998606979847
76790,0.949976086617
76791,0.998276054859
76792,0.998324692249
76793,0.984652876854
76794,0.998606979847
76795,0.994262695312
76796,0.959863245487
76797,0.998260438442
76798,0.996140956879
76799,0.998406648636
76800,0.991144537926
76801,0.995117902756
76802,0.99848139286
76803,0.998155415058
76804,0.998606979847
76805,0.99829441309
76806,0.992829561234
76807,0.982297480106
76808,0.998606979847
76809,0.948231160641
76810,0.998606979847
76811,0.995044231415
76812,0.998022079468
76813,0.998606979847
76814,0.99014800787
76815,0.998407959938
76816,0.998153328896
76817,0.998364388943
76818,0.998606979847
76819,0.998181462288
76820,0.998606979847
76821,0.994787812233
76822,0.998606979847
76823,0.998276054859
76824,0.998606979847
76825,0.998606979847
76826,0.991289615631
76827,0.992829561234
76828,0.998606979847
76829,0.997879803181
76830,0.993826210499
76831,0.965731143951
76832,0.993337392807
76833,0.997530579567
76834,0.998606979847
76835,0.958543300629
76836,0.979180932045
76837,0.99271351099
76838,0.99848139286
76839,0.995226562023
76840,0.996292173862
76841,0.991777837276
76842,0.99793946743
76843,0.993272960186
76844,0.992971599102
76845,0.990788519382
76846,0.998606979847
76847,0.998606979847
76848,0.998606979847
76849,0.996465861797
76850,0.981213152409
76851,0.985681474209
76852,0.993483781815
76853,0.964155375957
76854,0.998276054859
76855,0.992005586624
76856,0.99820047617
76857,0.99433028698
76858,0.989418268204
76859,0.992767930031
76860,0.982145607471
76861,0.998606979847
76862,0.992716789246
76863,0.989625751972
76864,0.99263459444
76865,0.997988402843
76866,0.997989296913
76867,0.723196387291
76868,0.989415109158
76869,0.974428415298
76870,0.998153328896
76871,0.998606979847
76872,0.99848139286
76873,0.995143890381
76874,0.99848139286
76875,0.997685015202
76876,0.997621715069
76877,0.994536221027
76878,0.995117902756
76879,0.9837667346
76880,0.996166825294
76881,0.994145154953
76882,0.998606979847
76883,0.99848139286
76884,0.997126221657
76885,0.990086436272
76886,0.996795237064
76887,0.99793946743
76888,0.993511855602
76889,0.99848139286
76890,0.99848139286
76891,0.991874694824
76892,0.998406648636
76893,0.990399479866
76894,0.996146798134
76895,0.998406648636
76896,0.998003125191
76897,0.996842384338
76898,0.998181462288
76899,0.998606979847
76900,0.990677177906
76901,0.992047011852
76902,0.992897689342
76903,0.997852921486
76904,0.975493848324
76905,0.998606979847
76906,0.998260438442
76907,0.991850674152
76908,0.99848139286
76909,0.982809901237
76910,0.97829836607
76911,0.997753620148
76912,0.812506973743
76913,0.994479596615
76914,0.998260438442
76915,0.969480872154
76916,0.984539985657
76917,0.998302519321
76918,0.998606979847
76919,0.993408322334
76920,0.99633949995
76921,0.998606979847
76922,0.99724894762
76923,0.998352825642
76924,0.998276054859
76925,0.99848139286
76926,0.993422687054
76927,0.990381896496
76928,0.996162950993
76929,0.998200654984
76930,0.987868010998
76931,0.959659457207
76932,0.998606979847
76933,0.998090028763
76934,0.96948826313
76935,0.991879403591
76936,0.992377758026
76937,0.998606979847
76938,0.949737548828
76939,0.998606979847
76940,0.99829441309
76941,0.993087649345
76942,0.997967541218
76943,0.998145222664
76944,0.998406648636
76945,0.998606979847
76946,0.998606979847
76947,0.99848139286
76948,0.998293995857
76949,0.998260438442
76950,0.99517416954
76951,0.995602190495
76952,0.998081326485
76953,0.991143465042
76954,0.998606979847
76955,0.993826210499
76956,0.997638404369
76957,0.99578422308
76958,0.998200654984
76959,0.997464060783
76960,0.997850000858
76961,0.991355717182
76962,0.998606979847
76963,0.99848139286
76964,0.99263459444
76965,0.99829441309
76966,0.998606979847
76967,0.99793946743
76968,0.995849609375
76969,0.99848139286
76970,0.998606979847
76971,0.991917729378
76972,0.997464060783
76973,0.998220264912
76974,0.99838078022
76975,0.983280956745
76976,0.994741737843
76977,0.998606979847
76978,0.998200654984
76979,0.991033136845
76980,0.995712637901
76981,0.998606979847
76982,0.99801248312
76983,0.99829441309
76984,0.995508730412
76985,0.95426440239
76986,0.992407917976
76987,0.998606979847
76988,0.996474921703
76989,0.997988402843
76990,0.995464742184
76991,0.992030262947
76992,0.992829561234
76993,0.993782103062
76994,0.990261495113
76995,0.979585528374
76996,0.998184978962
76997,0.998606979847
76998,0.996603786945
76999,0.998606979847
77000,0.993548631668
77001,0.998406648636
77002,0.982744336128
77003,0.992787539959
77004,0.996027112007
77005,0.998606979847
77006,0.996163904667
77007,0.993489563465
77008,0.978436350822
77009,0.998406648636
77010,0.993826210499
77011,0.998302519321
77012,0.998364388943
77013,0.992716789246
77014,0.988631904125
77015,0.920022130013
77016,0.998364388943
77017,0.93945145607
77018,0.997889041901
77019,0.996842384338
77020,0.997783958912
77021,0.998181462288
77022,0.998028457165
77023,0.998368620872
77024,0.988160967827
77025,0.998606979847
77026,0.994189381599
77027,0.995010972023
77028,0.998606979847
77029,0.996471583843
77030,0.998428761959
77031,0.998606979847
77032,0.987705290318
77033,0.992844104767
77034,0.997069001198
77035,0.989619135857
77036,0.99684548378
77037,0.99613493681
77038,0.989841461182
77039,0.993826210499
77040,0.998155415058
77041,0.98898345232
77042,0.998606979847
77043,0.998606979847
77044,0.996842384338
77045,0.996027112007
77046,0.988496601582
77047,0.99820047617
77048,0.99793946743
77049,0.993826210499
77050,0.948309481144
77051,0.986167907715
77052,0.998153328896
77053,0.9914534688
77054,0.869453668594
77055,0.991943776608
77056,0.99848139286
77057,0.975407361984
77058,0.993164896965
77059,0.992331385612
77060,0.998102426529
77061,0.99724894762
77062,0.996573746204
77063,0.99793946743
77064,0.995385885239
77065,0.998606979847
77066,0.987029731274
77067,0.998368620872
77068,0.991452395916
77069,0.992614209652
77070,0.99346101284
77071,0.995883405209
77072,0.994212210178
77073,0.998606979847
77074,0.947256326675
77075,0.998013615608
77076,0.998606979847
77077,0.998606979847
77078,0.970478832722
77079,0.998606979847
77080,0.992288827896
77081,0.998606979847
77082,0.995257675648
77083,0.997850000858
77084,0.994462072849
77085,0.99259531498
77086,0.988179206848
77087,0.998428761959
77088,0.997889041901
77089,0.998155415058
77090,0.997464060783
77091,0.997679948807
77092,0.998606979847
77093,0.99607437849
77094,0.984419882298
77095,0.998184978962
77096,0.978933930397
77097,0.998406648636
77098,0.998606979847
77099,0.998606979847
77100,0.977005422115
77101,0.997828781605
77102,0.986696898937
77103,0.997679948807
77104,0.983605742455
77105,0.998606979847
77106,0.992829561234
77107,0.969704687595
77108,0.998606979847
77109,0.992569327354
77110,0.99793946743
77111,0.998406648636
77112,0.998181462288
77113,0.99848139286
77114,0.998606979847
77115,0.998606979847
77116,0.998606979847
77117,0.966567277908
77118,0.998606979847
77119,0.994836211205
77120,0.997900903225
77121,0.998260438442
77122,0.998606979847
77123,0.992198586464
77124,0.995954334736
77125,0.99848139286
77126,0.99848139286
77127,0.997783958912
77128,0.992372989655
77129,0.99848139286
77130,0.981178939342
77131,0.998606979847
77132,0.998606979847
77133,0.998606979847
77134,0.998483419418
77135,0.989773511887
77136,0.995517492294
77137,0.998406648636
77138,0.997960448265
77139,0.993485212326
77140,0.98366189003
77141,0.998276054859
77142,0.994007945061
77143,0.99838078022
77144,0.998368620872
77145,0.998606979847
77146,0.994514465332
77147,0.956889092922
77148,0.996339023113
77149,0.99848139286
77150,0.998606979847
77151,0.998606979847
77152,0.994137227535
77153,0.998368620872
77154,0.998606979847
77155,0.99848139286
77156,0.998606979847
77157,0.992614209652
77158,0.998483419418
77159,0.99848139286
77160,0.998606979847
77161,0.992806494236
77162,0.998606979847
77163,0.993870198727
77164,0.99129897356
77165,0.997309565544
77166,0.9832290411
77167,0.992762625217
77168,0.974978923798
77169,0.998153328896
77170,0.998606979847
77171,0.993826210499
77172,0.99788749218
77173,0.99263459444
77174,0.990806818008
77175,0.996784746647
77176,0.995464742184
77177,0.998606979847
77178,0.998407959938
77179,0.994508862495
77180,0.997841417789
77181,0.998606979847
77182,0.998181462288
77183,0.994353055954
77184,0.993413150311
77185,0.998606979847
77186,0.998118519783
77187,0.994930326939
77188,0.992947757244
77189,0.99848139286
77190,0.998606979847
77191,0.99838078022
77192,0.996027112007
77193,0.998302519321
77194,0.998606979847
77195,0.995751619339
77196,0.998606979847
77197,0.998606979847
77198,0.977962613106
77199,0.998606979847
77200,0.998606979847
77201,0.992046952248
77202,0.996027112007
77203,0.998260438442
77204,0.998606979847
77205,0.998606979847
77206,0.993048906326
77207,0.992744863033
77208,0.996842384338
77209,0.99848139286
77210,0.931997597218
77211,0.998606979847
77212,0.992596030235
77213,0.99848139286
77214,0.998181462288
77215,0.998145222664
77216,0.998606979847
77217,0.993826210499
77218,0.998112678528
77219,0.998324692249
77220,0.995117902756
77221,0.957459449768
77222,0.992762625217
77223,0.991670906544
77224,0.998079001904
77225,0.973425805569
77226,0.992933571339
77227,0.998606979847
77228,0.991576969624
77229,0.998606979847
77230,0.998606979847
77231,0.993826210499
77232,0.997446119785
77233,0.973543822765
77234,0.998129248619
77235,0.996603786945
77236,0.998407959938
77237,0.99848139286
77238,0.998606979847
77239,0.998606979847
77240,0.998309850693
77241,0.997866868973
77242,0.995669066906
77243,0.997967541218
77244,0.986029028893
77245,0.991096496582
77246,0.998302519321
77247,0.986223995686
77248,0.998200654984
77249,0.988383114338
77250,0.99848139286
77251,0.96801763773
77252,0.996181607246
77253,0.998368620872
77254,0.998483419418
77255,0.979757547379
77256,0.993685662746
77257,0.998606979847
77258,0.99076706171
77259,0.979079425335
77260,0.998606979847
77261,0.998184978962
77262,0.976708114147
77263,0.99848139286
77264,0.99793946743
77265,0.99820047617
77266,0.997464060783
77267,0.997850000858
77268,0.998081326485
77269,0.964859783649
77270,0.990265846252
77271,0.997114419937
77272,0.998081743717
77273,0.998606979847
77274,0.998200654984
77275,0.969231307507
77276,0.982539772987
77277,0.998407959938
77278,0.992657363415
77279,0.998606979847
77280,0.995208263397
77281,0.998606979847
77282,0.978952765465
77283,0.997889041901
77284,0.998606979847
77285,0.997486829758
77286,0.993301331997
77287,0.995388090611
77288,0.998606979847
77289,0.942016482353
77290,0.995370090008
77291,0.998606979847
77292,0.982418835163
77293,0.984263420105
77294,0.998606979847
77295,0.985411703587
77296,0.996312081814
77297,0.99782294035
77298,0.997988402843
77299,0.993914842606
77300,0.998606979847
77301,0.998606979847
77302,0.99848139286
77303,0.993052482605
77304,0.994509637356
77305,0.99848139286
77306,0.998606979847
77307,0.990124881268
77308,0.998606979847
77309,0.998606979847
77310,0.99848139286
77311,0.991472840309
77312,0.995055854321
77313,0.997243046761
77314,0.998184978962
77315,0.945016682148
77316,0.929740130901
77317,0.99838078022
77318,0.998606979847
77319,0.995801389217
77320,0.998153328896
77321,0.998101770878
77322,0.998324692249
77323,0.995313107967
77324,0.998606979847
77325,0.998368620872
77326,0.99848139286
77327,0.998606979847
77328,0.99717271328
77329,0.997745871544
77330,0.919017255306
77331,0.998428761959
77332,0.998028457165
77333,0.990880608559
77334,0.998606979847
77335,0.99838078022
77336,0.986065328121
77337,0.990348696709
77338,0.991596400738
77339,0.996193289757
77340,0.998606979847
77341,0.997020661831
77342,0.991377651691
77343,0.998368620872
77344,0.994916439056
77345,0.99829441309
77346,0.998606979847
77347,0.99693018198
77348,0.938680231571
77349,0.998606979847
77350,0.976037561893
77351,0.997866868973
77352,0.96762406826
77353,0.998606979847
77354,0.998153328896
77355,0.99848139286
77356,0.997745871544
77357,0.949629127979
77358,0.99369096756
77359,0.993903100491
77360,0.992853164673
77361,0.991785109043
77362,0.997279524803
77363,0.998406648636
77364,0.99249458313
77365,0.996586322784
77366,0.992050349712
77367,0.998606979847
77368,0.994965314865
77369,0.995721697807
77370,0.989915907383
77371,0.992740154266
77372,0.99793946743
77373,0.99848139286
77374,0.99848139286
77375,0.998606979847
77376,0.992552280426
77377,0.990099549294
77378,0.998606979847
77379,0.997728407383
77380,0.990005195141
77381,0.992947757244
77382,0.998276054859
77383,0.998145222664
77384,0.963925778866
77385,0.991004824638
77386,0.991413116455
77387,0.998013615608
77388,0.991249144077
77389,0.998606979847
77390,0.997866868973
77391,0.998606979847
77392,0.965943098068
77393,0.995822131634
77394,0.996842384338
77395,0.997373878956
77396,0.998606979847
77397,0.998606979847
77398,0.997713565826
77399,0.998606979847
77400,0.998266220093
77401,0.993375957012
77402,0.984818279743
77403,0.988809943199
77404,0.992237567902
77405,0.98721152544
77406,0.998302519321
77407,0.980589449406
77408,0.993365824223
77409,0.993826210499
77410,0.99254232645
77411,0.998606979847
77412,0.993583083153
77413,0.99848139286
77414,0.991787135601
77415,0.989459216595
77416,0.993914842606
77417,0.997988402843
77418,0.996842384338
77419,0.998606979847
77420,0.991413116455
77421,0.993826210499
77422,0.996842384338
77423,0.996411442757
77424,0.97187435627
77425,0.998483419418
77426,0.996842384338
77427,0.959789633751
77428,0.962546467781
77429,0.998606979847
77430,0.991347789764
77431,0.996612906456
77432,0.998606979847
77433,0.956115007401
77434,0.998406648636
77435,0.998483419418
77436,0.993050992489
77437,0.998483419418
77438,0.993826210499
77439,0.99829441309
77440,0.99848139286
77441,0.998181462288
77442,0.998276054859
77443,0.998076677322
77444,0.998606979847
77445,0.976690351963
77446,0.99848139286
77447,0.998606979847
77448,0.99848139286
77449,0.998241424561
77450,0.996603786945
77451,0.998606979847
77452,0.995243489742
77453,0.99793946743
77454,0.991377651691
77455,0.994762957096
77456,0.980780124664
77457,0.998155415058
77458,0.996586322784
77459,0.995748877525
77460,0.99838078022
77461,0.998606979847
77462,0.974093317986
77463,0.998606979847
77464,0.99521613121
77465,0.983512639999
77466,0.993015944958
77467,0.997783958912
77468,0.998606979847
77469,0.984398365021
77470,0.990871369839
77471,0.997486829758
77472,0.998606979847
77473,0.998483419418
77474,0.994542121887
77475,0.983015120029
77476,0.994222998619
77477,0.998606979847
77478,0.985455811024
77479,0.998606979847
77480,0.998606979847
77481,0.996015369892
77482,0.998406648636
77483,0.993826210499
77484,0.961614727974
77485,0.996842384338
77486,0.998407959938
77487,0.992947757244
77488,0.998606979847
77489,0.99838078022
77490,0.997900903225
77491,0.996140956879
77492,0.99848139286
77493,0.997118115425
77494,0.99848139286
77495,0.998606979847
77496,0.993925392628
77497,0.997900903225
77498,0.994187355042
77499,0.991979956627
77500,0.991638123989
77501,0.965860247612
77502,0.96812158823
77503,0.991800963879
77504,0.998606979847
77505,0.998054504395
77506,0.998407959938
77507,0.986511468887
77508,0.963219046593
77509,0.993285596371
77510,0.998606979847
77511,0.998013615608
77512,0.995076417923
77513,0.996027112007
77514,0.974243938923
77515,0.978074610233
77516,0.99848139286
77517,0.998606979847
77518,0.997691512108
77519,0.997835695744
77520,0.998606979847
77521,0.998606979847
77522,0.961256980896
77523,0.991586685181
77524,0.992145001888
77525,0.99044251442
77526,0.998406648636
77527,0.994423389435
77528,0.994841575623
77529,0.99793946743
77530,0.998102426529
77531,0.998094499111
77532,0.998606979847
77533,0.982793152332
77534,0.998406648636
77535,0.993319034576
77536,0.998606979847
77537,0.99848139286
77538,0.99232250452
77539,0.99848139286
77540,0.997457504272
77541,0.998483419418
77542,0.998606979847
77543,0.99793946743
77544,0.998407959938
77545,0.996146798134
77546,0.99838078022
77547,0.907978236675
77548,0.99829441309
77549,0.998606979847
77550,0.95209479332
77551,0.995189845562
77552,0.997788965702
77553,0.998200654984
77554,0.992122530937
77555,0.99793946743
77556,0.998606979847
77557,0.995051026344
77558,0.998606979847
77559,0.998094499111
77560,0.974280774593
77561,0.996390998363
77562,0.99614328146
77563,0.996309936047
77564,0.899314463139
77565,0.998606979847
77566,0.998276054859
77567,0.998606979847
77568,0.991142272949
77569,0.998606979847
77570,0.992716789246
77571,0.984098434448
77572,0.998606979847
77573,0.994840085506
77574,0.998406648636
77575,0.985877096653
77576,0.993491709232
77577,0.998352825642
77578,0.99644446373
77579,0.998483419418
77580,0.997900903225
77581,0.993319034576
77582,0.998406648636
77583,0.995678424835
77584,0.963883578777
77585,0.998606979847
77586,0.997783958912
77587,0.992336511612
77588,0.993956506252
77589,0.995326340199
77590,0.99848139286
77591,0.99793946743
77592,0.998606979847
77593,0.993316888809
77594,0.998606979847
77595,0.992829561234
77596,0.993064284325
77597,0.998276054859
77598,0.998606979847
77599,0.998606979847
77600,0.998606979847
77601,0.998606979847
77602,0.967619121075
77603,0.99848139286
77604,0.998606979847
77605,0.994627535343
77606,0.998200654984
77607,0.97845095396
77608,0.995175778866
77609,0.998211979866
77610,0.991540431976
77611,0.992679297924
77612,0.99793946743
77613,0.991780221462
77614,0.991377651691
77615,0.99596875906
77616,0.998606979847
77617,0.994781434536
77618,0.998606979847
77619,0.993952155113
77620,0.994262695312
77621,0.99838078022
77622,0.995357811451
77623,0.997866868973
77624,0.998220264912
77625,0.998260438442
77626,0.935781359673
77627,0.998260438442
77628,0.99820047617
77629,0.99838078022
77630,0.986957192421
77631,0.994058012962
77632,0.991251409054
77633,0.99848139286
77634,0.998606979847
77635,0.987101912498
77636,0.993048906326
77637,0.991307139397
77638,0.998606979847
77639,0.995782911777
77640,0.998606979847
77641,0.997202575207
77642,0.998606979847
77643,0.99848139286
77644,0.998079001904
77645,0.99263459444
77646,0.974014163017
77647,0.997879803181
77648,0.99838078022
77649,0.994867861271
77650,0.994758427143
77651,0.998606979847
77652,0.995546400547
77653,0.909526765347
77654,0.957984209061
77655,0.99848139286
77656,0.996262788773
77657,0.998606979847
77658,0.997951805592
77659,0.99838078022
77660,0.997170507908
77661,0.998241424561
77662,0.99848139286
77663,0.99848139286
77664,0.994549274445
77665,0.995422959328
77666,0.998606979847
77667,0.985801875591
77668,0.998220264912
77669,0.992080330849
77670,0.998606979847
77671,0.990713000298
77672,0.976212918758
77673,0.912499308586
77674,0.996309936047
77675,0.992962598801
77676,0.998407959938
77677,0.995547652245
77678,0.998606979847
77679,0.998606979847
77680,0.985467076302
77681,0.998606979847
77682,0.998606979847
77683,0.995879232883
77684,0.96433442831
77685,0.998606979847
77686,0.99829441309
77687,0.998606979847
77688,0.998407959938
77689,0.991934776306
77690,0.998606979847
77691,0.997535705566
77692,0.954225242138
77693,0.948219180107
77694,0.99848139286
77695,0.998606979847
77696,0.99838078022
77697,0.997889041901
77698,0.998012661934
77699,0.998606979847
77700,0.9909953475
77701,0.99838078022
77702,0.996471583843
77703,0.998606979847
77704,0.995464742184
77705,0.994534313679
77706,0.996073663235
77707,0.991142272949
77708,0.986414372921
77709,0.997510671616
77710,0.997682273388
77711,0.998145222664
77712,0.993949949741
77713,0.99838078022
77714,0.997250974178
77715,0.897485375404
77716,0.99458527565
77717,0.998406648636
77718,0.976681947708
77719,0.996034264565
77720,0.99838078022
77721,0.998606979847
77722,0.986444711685
77723,0.996603786945
77724,0.998153328896
77725,0.994841814041
77726,0.996411442757
77727,0.996876478195
77728,0.99793946743
77729,0.993826210499
77730,0.99020588398
77731,0.998606979847
77732,0.997900903225
77733,0.997592926025
77734,0.998606979847
77735,0.99848139286
77736,0.995445966721
77737,0.998112678528
77738,0.993722617626
77739,0.992389976978
77740,0.990926682949
77741,0.99829441309
77742,0.998220264912
77743,0.997822642326
77744,0.99829441309
77745,0.998302519321
77746,0.998606979847
77747,0.99813079834
77748,0.99829441309
77749,0.998302519321
77750,0.99848139286
77751,0.997700989246
77752,0.98737847805
77753,0.979364871979
77754,0.998606979847
77755,0.978316187859
77756,0.998406648636
77757,0.99848139286
77758,0.998220264912
77759,0.89114433527
77760,0.995997309685
77761,0.995586276054
77762,0.998606979847
77763,0.998606979847
77764,0.992742478848
77765,0.998606979847
77766,0.998145222664
77767,0.998013615608
77768,0.973000705242
77769,0.998606979847
77770,0.99848139286
77771,0.99113380909
77772,0.998606979847
77773,0.993826210499
77774,0.917468011379
77775,0.998406648636
77776,0.988209664822
77777,0.986739516258
77778,0.995401382446
77779,0.987076640129
77780,0.998406648636
77781,0.998606979847
77782,0.998606979847
77783,0.97639977932
77784,0.998407959938
77785,0.998406648636
77786,0.994099259377
77787,0.998220264912
77788,0.989365279675
77789,0.998368620872
77790,0.998606979847
77791,0.998407959938
77792,0.998606979847
77793,0.991422832012
77794,0.998606979847
77795,0.994836211205
77796,0.99820047617
77797,0.995143890381
77798,0.998606979847
77799,0.998606979847
77800,0.993485808372
77801,0.992614209652
77802,0.998606979847
77803,0.998406648636
77804,0.998211562634
77805,0.992947757244
77806,0.998005568981
77807,0.9962053895
77808,0.991576969624
77809,0.863296627998
77810,0.987786054611
77811,0.997525453568
77812,0.997579574585
77813,0.998606979847
77814,0.99793946743
77815,0.998428761959
77816,0.998406648636
77817,0.988597095013
77818,0.998145222664
77819,0.99232250452
77820,0.994262695312
77821,0.993551790714
77822,0.976488053799
77823,0.99644446373
77824,0.995843172073
77825,0.998606979847
77826,0.99263459444
77827,0.991670906544
77828,0.976410865784
77829,0.998606979847
77830,0.998079001904
77831,0.998606979847
77832,0.996984064579
77833,0.995836913586
77834,0.99709379673
77835,0.998483419418
77836,0.993178665638
77837,0.998364388943
77838,0.997486829758
77839,0.997788965702
77840,0.99644446373
77841,0.998606979847
77842,0.992829561234
77843,0.993826210499
77844,0.99848139286
77845,0.99838078022
77846,0.993826210499
77847,0.996984064579
77848,0.998606979847
77849,0.998606979847
77850,0.997630357742
77851,0.998606979847
77852,0.99848139286
77853,0.994895756245
77854,0.994525492191
77855,0.99838078022
77856,0.99829441309
77857,0.991799712181
77858,0.99848139286
77859,0.977869093418
77860,0.997841417789
77861,0.998406648636
77862,0.998276054859
77863,0.995287179947
77864,0.998260438442
77865,0.998606979847
77866,0.996842384338
77867,0.998181462288
77868,0.998407959938
77869,0.99848139286
77870,0.997828781605
77871,0.998407959938
77872,0.995472192764
77873,0.989121198654
77874,0.998127579689
77875,0.996842384338
77876,0.991143465042
77877,0.992614209652
77878,0.998606979847
77879,0.994959950447
77880,0.99838078022
77881,0.998606979847
77882,0.998606979847
77883,0.99848139286
77884,0.99594938755
77885,0.998606979847
77886,0.996390998363
77887,0.998606979847
77888,0.997743785381
77889,0.967044353485
77890,0.998216986656
77891,0.993252694607
77892,0.998200654984
77893,0.99848139286
77894,0.991995751858
77895,0.998606979847
77896,0.998606979847
77897,0.984768390656
77898,0.991297006607
77899,0.995076417923
77900,0.994867026806
77901,0.997841417789
77902,0.9962053895
77903,0.997486829758
77904,0.997317194939
77905,0.992875635624
77906,0.987914681435
77907,0.998013615608
77908,0.985305130482
77909,0.998606979847
77910,0.978566586971
77911,0.996140956879
77912,0.998368620872
77913,0.998606979847
77914,0.998181462288
77915,0.998428761959
77916,0.998606979847
77917,0.998606979847
77918,0.97856426239
77919,0.997783958912
77920,0.970612764359
77921,0.994847416878
77922,0.998606979847
77923,0.998302519321
77924,0.992356538773
77925,0.998368620872
77926,0.998606979847
77927,0.997373878956
77928,0.997937142849
77929,0.998606979847
77930,0.982745885849
77931,0.992829561234
77932,0.988592088223
77933,0.998606979847
77934,0.991355717182
77935,0.994272470474
77936,0.975248754025
77937,0.998145222664
77938,0.992875635624
77939,0.996353328228
77940,0.996028125286
77941,0.785320997238
77942,0.998606979847
77943,0.998606979847
77944,0.99848139286
77945,0.992829561234
77946,0.998266220093
77947,0.99848139286
77948,0.998606979847
77949,0.981044948101
77950,0.994326353073
77951,0.998606979847
77952,0.952992320061
77953,0.994977116585
77954,0.99848139286
77955,0.993255913258
77956,0.997700989246
77957,0.998407959938
77958,0.998606979847
77959,0.998102426529
77960,0.993048906326
77961,0.935385704041
77962,0.992795109749
77963,0.998606979847
77964,0.989952027798
77965,0.99793946743
77966,0.998606979847
77967,0.99838078022
77968,0.994563996792
77969,0.980966091156
77970,0.995134055614
77971,0.998220264912
77972,0.998302519321
77973,0.998406648636
77974,0.998606979847
77975,0.996842384338
77976,0.998606979847
77977,0.998606979847
77978,0.99044573307
77979,0.998153328896
77980,0.99793946743
77981,0.994007945061
77982,0.993826210499
77983,0.994212210178
77984,0.998606979847
77985,0.988258063793
77986,0.998606979847
77987,0.992947757244
77988,0.965876221657
77989,0.989808320999
77990,0.990077137947
77991,0.998606979847
77992,0.997211098671
77993,0.99838078022
77994,0.971016287804
77995,0.998276054859
77996,0.997889041901
77997,0.998102426529
77998,0.868501365185
77999,0.99848139286
78000,0.99793946743
78001,0.996573746204
78002,0.998276054859
78003,0.99271351099
78004,0.998606979847
78005,0.995609223843
78006,0.99594938755
78007,0.998606979847
78008,0.994904756546
78009,0.99500733614
78010,0.99820047617
78011,0.976773917675
78012,0.852666735649
78013,0.99213540554
78014,0.99263459444
78015,0.995254278183
78016,0.989985406399
78017,0.98474419117
78018,0.997464060783
78019,0.998606979847
78020,0.980735063553
78021,0.997815132141
78022,0.991235792637
78023,0.998428761959
78024,0.99793946743
78025,0.992767930031
78026,0.996954917908
78027,0.979667127132
78028,0.99848139286
78029,0.996027112007
78030,0.993416488171
78031,0.996026277542
78032,0.998153328896
78033,0.997887313366
78034,0.998606979847
78035,0.998606979847
78036,0.997783958912
78037,0.99838078022
78038,0.994758427143
78039,0.997615814209
78040,0.998013615608
78041,0.990399479866
78042,0.992507100105
78043,0.990877568722
78044,0.99848139286
78045,0.994154632092
78046,0.998606979847
78047,0.996586322784
78048,0.998606979847
78049,0.909916579723
78050,0.954933047295
78051,0.992871642113
78052,0.997783958912
78053,0.971828281879
78054,0.996603786945
78055,0.99848139286
78056,0.998200654984
78057,0.99838078022
78058,0.993496000767
78059,0.998428761959
78060,0.994722723961
78061,0.998155415058
78062,0.998127579689
78063,0.998406648636
78064,0.99838078022
78065,0.99848139286
78066,0.997700989246
78067,0.997575700283
78068,0.998406648636
78069,0.998483419418
78070,0.998407959938
78071,0.989278018475
78072,0.998211979866
78073,0.998606979847
78074,0.994694232941
78075,0.996544718742
78076,0.99838078022
78077,0.998483419418
78078,0.990258395672
78079,0.991140246391
78080,0.980774223804
78081,0.998606979847
78082,0.99514746666
78083,0.998606979847
78084,0.998606979847
78085,0.998606979847
78086,0.998227238655
78087,0.99848139286
78088,0.997615814209
78089,0.992282092571
78090,0.99263459444
78091,0.998013615608
78092,0.996842384338
78093,0.922446250916
78094,0.992767930031
78095,0.998005568981
78096,0.998428761959
78097,0.995044231415
78098,0.956256687641
78099,0.995044231415
78100,0.998302519321
78101,0.996067047119
78102,0.996014237404
78103,0.998483419418
78104,0.995372235775
78105,0.998606979847
78106,0.990705966949
78107,0.997271239758
78108,0.997976005077
78109,0.996411442757
78110,0.99848139286
78111,0.99829441309
78112,0.998606979847
78113,0.998606979847
78114,0.99848139286
78115,0.99848139286
78116,0.998406648636
78117,0.959324896336
78118,0.862556040287
78119,0.978377342224
78120,0.995922982693
78121,0.997571706772
78122,0.998606979847
78123,0.998606979847
78124,0.992829561234
78125,0.998309850693
78126,0.993914842606
78127,0.992856621742
78128,0.998054504395
78129,0.998022854328
78130,0.99848139286
78131,0.99848139286
78132,0.992947757244
78133,0.952556908131
78134,0.992225527763
78135,0.998606979847
78136,0.994534313679
78137,0.990512430668
78138,0.998483419418
78139,0.998606979847
78140,0.94829428196
78141,0.99801248312
78142,0.981579184532
78143,0.996140956879
78144,0.99829441309
78145,0.984318971634
78146,0.995561957359
78147,0.99829441309
78148,0.988388180733
78149,0.998606979847
78150,0.995625376701
78151,0.99139291048
78152,0.998483419418
78153,0.995727539062
78154,0.99793946743
78155,0.997621715069
78156,0.998184978962
78157,0.997783958912
78158,0.998606979847
78159,0.998273909092
78160,0.994375705719
78161,0.992921948433
78162,0.996674835682
78163,0.998606979847
78164,0.991356611252
78165,0.99284774065
78166,0.99848139286
78167,0.99820047617
78168,0.993612885475
78169,0.997585535049
78170,0.998606979847
78171,0.998606979847
78172,0.997676849365
78173,0.99554425478
78174,0.964745402336
78175,0.99829441309
78176,0.996027112007
78177,0.957985520363
78178,0.992716789246
78179,0.998200654984
78180,0.972634851933
78181,0.998606979847
78182,0.998606979847
78183,0.994271993637
78184,0.992787539959
78185,0.998606979847
78186,0.987108528614
78187,0.997788965702
78188,0.993914842606
78189,0.99195933342
78190,0.983400464058
78191,0.995730161667
78192,0.998606979847
78193,0.942066788673
78194,0.998606979847
78195,0.99838078022
78196,0.969765663147
78197,0.997666656971
78198,0.998184978962
78199,0.998606979847
78200,0.998483419418
78201,0.99633949995
78202,0.992441296577
78203,0.998606979847
78204,0.995625376701
78205,0.998606979847
78206,0.986591994762
78207,0.998260438442
78208,0.984290242195
78209,0.998153328896
78210,0.993064284325
78211,0.998407959938
78212,0.995464742184
78213,0.997571706772
78214,0.882898569107
78215,0.998606979847
78216,0.998266220093
78217,0.998181462288
78218,0.997508645058
78219,0.99273699522
78220,0.969720363617
78221,0.994413077831
78222,0.98955899477
78223,0.998606979847
78224,0.99848139286
78225,0.993914842606
78226,0.991143465042
78227,0.997804522514
78228,0.986506402493
78229,0.997977256775
78230,0.998273909092
78231,0.998407959938
78232,0.998606979847
78233,0.99848139286
78234,0.985087811947
78235,0.998606979847
78236,0.608060061932
78237,0.998102426529
78238,0.995010972023
78239,0.994906306267
78240,0.941459298134
78241,0.979235708714
78242,0.991852402687
78243,0.993722617626
78244,0.99793946743
78245,0.99838078022
78246,0.99813079834
78247,0.99848139286
78248,0.990218877792
78249,0.995825171471
78250,0.9807690382
78251,0.998302519321
78252,0.986224889755
78253,0.998483419418
78254,0.995985627174
78255,0.994519114494
78256,0.997685015202
78257,0.998606979847
78258,0.993607103825
78259,0.998260438442
78260,0.948598861694
78261,0.99793946743
78262,0.996586322784
78263,0.994877338409
78264,0.993353128433
78265,0.996390998363
78266,0.997988402843
78267,0.993811905384
78268,0.998200654984
78269,0.997121989727
78270,0.984734594822
78271,0.998606979847
78272,0.998606979847
78273,0.998606979847
78274,0.929569661617
78275,0.997599542141
78276,0.99848139286
78277,0.928931355476
78278,0.994397580624
78279,0.997679948807
78280,0.998606979847
78281,0.996917426586
78282,0.997953295708
78283,0.951650500298
78284,0.92042773962
78285,0.996842384338
78286,0.996956944466
78287,0.998302519321
78288,0.998606979847
78289,0.998352825642
78290,0.992356598377
78291,0.998606979847
78292,0.998276054859
78293,0.99820047617
78294,0.989063620567
78295,0.994619250298
78296,0.993949949741
78297,0.995216012001
78298,0.997126221657
78299,0.99793946743
78300,0.993319034576
78301,0.961055040359
78302,0.982934653759
78303,0.97805917263
78304,0.998483419418
78305,0.995936155319
78306,0.998606979847
78307,0.95490193367
78308,0.993811905384
78309,0.998220264912
78310,0.99793946743
78311,0.943395316601
78312,0.992829561234
78313,0.993048906326
78314,0.998406648636
78315,0.998606979847
78316,0.981145441532
78317,0.998102426529
78318,0.951719641685
78319,0.997664451599
78320,0.996411442757
78321,0.998606979847
78322,0.996573448181
78323,0.993178665638
78324,0.99848139286
78325,0.991742730141
78326,0.99644446373
78327,0.997817575932
78328,0.992947757244
78329,0.996842384338
78330,0.97143226862
78331,0.969658732414
78332,0.99838078022
78333,0.99848139286
78334,0.995416641235
78335,0.995284616947
78336,0.981408655643
78337,0.998483419418
78338,0.988592088223
78339,0.998352825642
78340,0.997788965702
78341,0.998406648636
78342,0.998606979847
78343,0.998606979847
78344,0.99848139286
78345,0.998606979847
78346,0.998606979847
78347,0.998606979847
78348,0.982299089432
78349,0.998606979847
78350,0.998606979847
78351,0.998606979847
78352,0.998606979847
78353,0.997430801392
78354,0.998606979847
78355,0.992707014084
78356,0.991648852825
78357,0.998406648636
78358,0.99593526125
78359,0.994290411472
78360,0.996048867702
78361,0.998606979847
78362,0.990705966949
78363,0.983412325382
78364,0.994291603565
78365,0.703828215599
78366,0.994815647602
78367,0.958970427513
78368,0.998302519321
78369,0.998406648636
78370,0.998483419418
78371,0.996027112007
78372,0.997967541218
78373,0.998147547245
78374,0.990400075912
78375,0.99829441309
78376,0.992883503437
78377,0.997968196869
78378,0.998147547245
78379,0.998606979847
78380,0.990172147751
78381,0.981984436512
78382,0.993255913258
78383,0.990264356136
78384,0.998606979847
78385,0.998606979847
78386,0.998606979847
78387,0.995401382446
78388,0.588979840279
78389,0.99848139286
78390,0.998606979847
78391,0.998606979847
78392,0.99793946743
78393,0.996946036816
78394,0.998406648636
78395,0.998606979847
78396,0.99793946743
78397,0.989037632942
78398,0.968059122562
78399,0.996146798134
78400,0.996775329113
78401,0.998606979847
78402,0.998220264912
78403,0.99793946743
78404,0.998260438442
78405,0.997889041901
78406,0.99848139286
78407,0.998606979847
78408,0.995874881744
78409,0.977411329746
78410,0.989862859249
78411,0.998606979847
78412,0.974694371223
78413,0.993541896343
78414,0.940455794334
78415,0.998606979847
78416,0.998406648636
78417,0.997841417789
78418,0.998606979847
78419,0.997788965702
78420,0.996842384338
78421,0.997621417046
78422,0.998606979847
78423,0.993246197701
78424,0.997525453568
78425,0.998483419418
78426,0.998606979847
78427,0.996842384338
78428,0.990289568901
78429,0.998013615608
78430,0.997305929661
78431,0.970662295818
78432,0.998276054859
78433,0.99848139286
78434,0.99848139286
78435,0.998606979847
78436,0.998606979847
78437,0.991934776306
78438,0.998184978962
78439,0.99829441309
78440,0.996146798134
78441,0.993426382542
78442,0.99253988266
78443,0.996917426586
78444,0.988971710205
78445,0.98625600338
78446,0.998606979847
78447,0.996603786945
78448,0.99628162384
78449,0.99263459444
78450,0.979771733284
78451,0.995975792408
78452,0.99793946743
78453,0.973095178604
78454,0.993952155113
78455,0.99848139286
78456,0.996842384338
78457,0.991934776306
78458,0.998407959938
78459,0.99838078022
78460,0.99848139286
78461,0.998606979847
78462,0.99838078022
78463,0.991006672382
78464,0.998606979847
78465,0.987859725952
78466,0.995782911777
78467,0.998606979847
78468,0.998276054859
78469,0.997574031353
78470,0.985922694206
78471,0.997592926025
78472,0.998406648636
78473,0.992932081223
78474,0.983749330044
78475,0.99838078022
78476,0.998081982136
78477,0.998606979847
78478,0.984091281891
78479,0.998407959938
78480,0.998606979847
78481,0.99508947134
78482,0.99793946743
78483,0.988252460957
78484,0.998606979847
78485,0.949285387993
78486,0.997096657753
78487,0.992580413818
78488,0.993325173855
78489,0.958988070488
78490,0.997615814209
78491,0.996034264565
78492,0.996842384338
78493,0.996138811111
78494,0.99820047617
78495,0.998606979847
78496,0.996027112007
78497,0.998606979847
78498,0.996034264565
78499,0.998606979847
78500,0.998406648636
78501,0.992787539959
78502,0.991576969624
78503,0.992416918278
78504,0.984693408012
78505,0.992614209652
78506,0.997580945492
78507,0.996334016323
78508,0.991871297359
78509,0.998606979847
78510,0.99848139286
78511,0.998181462288
78512,0.997585535049
78513,0.991183340549
78514,0.998406648636
78515,0.998200654984
78516,0.994814932346
78517,0.993794560432
78518,0.990172147751
78519,0.998606979847
78520,0.998406648636
78521,0.975563406944
78522,0.993703603745
78523,0.998606979847
78524,0.998111128807
78525,0.998606979847
78526,0.99137288332
78527,0.99313634634
78528,0.99848139286
78529,0.998145222664
78530,0.998483419418
78531,0.969066798687
78532,0.998220264912
78533,0.997664451599
78534,0.996353328228
78535,0.99848139286
78536,0.992716789246
78537,0.99114638567
78538,0.994468450546
78539,0.995472192764
78540,0.998606979847
78541,0.99263459444
78542,0.996842384338
78543,0.998606979847
78544,0.998407959938
78545,0.986831367016
78546,0.998606979847
78547,0.99848139286
78548,0.998606979847
78549,0.99838078022
78550,0.994521141052
78551,0.99793946743
78552,0.980965733528
78553,0.998606979847
78554,0.998606979847
78555,0.996544718742
78556,0.992288827896
78557,0.998606979847
78558,0.998606979847
78559,0.996027112007
78560,0.996334016323
78561,0.993048906326
78562,0.99848139286
78563,0.995117902756
78564,0.998606979847
78565,0.993826210499
78566,0.997879803181
78567,0.995516598225
78568,0.998606979847
78569,0.993722617626
78570,0.998606979847
78571,0.998606979847
78572,0.993178665638
78573,0.993618905544
78574,0.969582080841
78575,0.998483419418
78576,0.997481524944
78577,0.998606979847
78578,0.991726458073
78579,0.998483419418
78580,0.998606979847
78581,0.998606979847
78582,0.996334016323
78583,0.998606979847
78584,0.996414005756
78585,0.998428761959
78586,0.99359691143
78587,0.99838078022
78588,0.99838078022
78589,0.99848139286
78590,0.991556942463
78591,0.997575700283
78592,0.977892637253
78593,0.998606979847
78594,0.991912543774
78595,0.994598031044
78596,0.998220264912
78597,0.997508645058
78598,0.976579666138
78599,0.985199391842
78600,0.9909953475
78601,0.99848139286
78602,0.998145222664
78603,0.99788749218
78604,0.998606979847
78605,0.99838078022
78606,0.99848139286
78607,0.995456814766
78608,0.997926533222
78609,0.996586322784
78610,0.989960491657
78611,0.998606979847
78612,0.998606979847
78613,0.998606979847
78614,0.998606979847
78615,0.99820047617
78616,0.997900903225
78617,0.991687476635
78618,0.974148988724
78619,0.998606979847
78620,0.960649728775
78621,0.998406648636
78622,0.998047590256
78623,0.977702021599
78624,0.998606979847
78625,0.998407959938
78626,0.998606979847
78627,0.998606979847
78628,0.995879232883
78629,0.996353328228
78630,0.986397206783
78631,0.998079001904
78632,0.998606979847
78633,0.998606979847
78634,0.994240999222
78635,0.997783958912
78636,0.997597813606
78637,0.991143465042
78638,0.998302519321
78639,0.998037517071
78640,0.998606979847
78641,0.99820047617
78642,0.932671248913
78643,0.998606979847
78644,0.994291126728
78645,0.998606979847
78646,0.992079973221
78647,0.998606979847
78648,0.998606979847
78649,0.994481623173
78650,0.99793946743
78651,0.985467076302
78652,0.992614209652
78653,0.998606979847
78654,0.976650059223
78655,0.99838078022
78656,0.997617065907
78657,0.998260438442
78658,0.920248985291
78659,0.990047752857
78660,0.988935053349
78661,0.992050349712
78662,0.998606979847
78663,0.99793946743
78664,0.990603804588
78665,0.994262695312
78666,0.998145222664
78667,0.998606979847
78668,0.99848139286
78669,0.993048906326
78670,0.98042756319
78671,0.986103534698
78672,0.998241424561
78673,0.953833937645
78674,0.998606979847
78675,0.998266220093
78676,0.998606979847
78677,0.929725468159
78678,0.996842384338
78679,0.998483419418
78680,0.976637661457
78681,0.998606979847
78682,0.998155415058
78683,0.998220264912
78684,0.992046952248
78685,0.997703015804
78686,0.998483419418
78687,0.97195827961
78688,0.996842384338
78689,0.995205163956
78690,0.99210113287
78691,0.99793946743
78692,0.998184978962
78693,0.998483419418
78694,0.99848139286
78695,0.998606979847
78696,0.998606979847
78697,0.992657363415
78698,0.998606979847
78699,0.99820047617
78700,0.993867456913
78701,0.949884057045
78702,0.983907997608
78703,0.996411442757
78704,0.972669839859
78705,0.99838078022
78706,0.99594938755
78707,0.991651415825
78708,0.998606979847
78709,0.981961667538
78710,0.989737331867
78711,0.992154538631
78712,0.998606979847
78713,0.99838078022
78714,0.993826210499
78715,0.998606979847
78716,0.990606427193
78717,0.991333842278
78718,0.976532459259
78719,0.983809411526
78720,0.977409660816
78721,0.998606979847
78722,0.99804186821
78723,0.990171551704
78724,0.996842384338
78725,0.998606979847
78726,0.997947633266
78727,0.968910872936
78728,0.998606979847
78729,0.998406648636
78730,0.998606979847
78731,0.99829441309
78732,0.992168784142
78733,0.99263459444
78734,0.99838078022
78735,0.987180650234
78736,0.997170507908
78737,0.990400075912
78738,0.998606979847
78739,0.993826210499
78740,0.996073663235
78741,0.99792098999
78742,0.997989296913
78743,0.998606979847
78744,0.996146798134
78745,0.995035707951
78746,0.998606979847
78747,0.99848139286
78748,0.993352651596
78749,0.998220264912
78750,0.998368620872
78751,0.998606979847
78752,0.998606979847
78753,0.935732603073
78754,0.99848139286
78755,0.994099259377
78756,0.998606979847
78757,0.998606979847
78758,0.998407959938
78759,0.995305478573
78760,0.998061478138
78761,0.998606979847
78762,0.998031020164
78763,0.997866868973
78764,0.97728729248
78765,0.992895662785
78766,0.998013615608
78767,0.998483419418
78768,0.991033136845
78769,0.998606979847
78770,0.993375957012
78771,0.99848139286
78772,0.985750436783
78773,0.998483419418
78774,0.998220264912
78775,0.998079001904
78776,0.99829441309
78777,0.996603786945
78778,0.99644446373
78779,0.998022854328
78780,0.998200654984
78781,0.992829561234
78782,0.998184978962
78783,0.996603786945
78784,0.990866541862
78785,0.997320711613
78786,0.99240732193
78787,0.998407959938
78788,0.998483419418
78789,0.99848139286
78790,0.99509447813
78791,0.994678735733
78792,0.992716789246
78793,0.998606979847
78794,0.992525339127
78795,0.998153328896
78796,0.998606979847
78797,0.993255913258
78798,0.99848139286
78799,0.9912545681
78800,0.997373878956
78801,0.994924485683
78802,0.996027112007
78803,0.984784245491
78804,0.99838078022
78805,0.998606979847
78806,0.809199750423
78807,0.998406648636
78808,0.998081326485
78809,0.99848139286
78810,0.888257622719
78811,0.993130862713
78812,0.998200178146
78813,0.994841814041
78814,0.998145222664
78815,0.995962321758
78816,0.988083779812
78817,0.997901082039
78818,0.991182327271
78819,0.982860803604
78820,0.998081743717
78821,0.998094499111
78822,0.998276054859
78823,0.991670906544
78824,0.995316624641
78825,0.998216986656
78826,0.984752058983
78827,0.998220264912
78828,0.992947757244
78829,0.99838078022
78830,0.994525492191
78831,0.99423122406
78832,0.99848139286
78833,0.985147118568
78834,0.993544280529
78835,0.98511326313
78836,0.95232385397
78837,0.983641922474
78838,0.998406648636
78839,0.984435915947
78840,0.9699472785
78841,0.998200654984
78842,0.991697609425
78843,0.99829441309
78844,0.997430801392
78845,0.992077350616
78846,0.998200654984
78847,0.99804186821
78848,0.993917584419
78849,0.888920247555
78850,0.997834384441
78851,0.993914842606
78852,0.992045760155
78853,0.998606979847
78854,0.992257118225
78855,0.998015642166
78856,0.998368620872
78857,0.991615355015
78858,0.998606979847
78859,0.989973247051
78860,0.992740154266
78861,0.995216012001
78862,0.998606979847
78863,0.998606979847
78864,0.996842384338
78865,0.990181863308
78866,0.959137678146
78867,0.997472524643
78868,0.998260438442
78869,0.972882986069
78870,0.998276054859
78871,0.998606979847
78872,0.998606979847
78873,0.99271351099
78874,0.997464060783
78875,0.99838078022
78876,0.998606979847
78877,0.821198225021
78878,0.993551790714
78879,0.989542067051
78880,0.998606979847
78881,0.995751619339
78882,0.998005568981
78883,0.998054504395
78884,0.99848139286
78885,0.998606979847
78886,0.998606979847
78887,0.998606979847
78888,0.996146798134
78889,0.991142272949
78890,0.887688040733
78891,0.991871058941
78892,0.996353328228
78893,0.995111644268
78894,0.99271351099
78895,0.997329175472
78896,0.996842384338
78897,0.998407959938
78898,0.981582522392
78899,0.99793946743
78900,0.994840085506
78901,0.994273543358
78902,0.998606979847
78903,0.998606979847
78904,0.992164134979
78905,0.998260438442
78906,0.99793946743
78907,0.995969891548
78908,0.997621715069
78909,0.998606979847
78910,0.998028457165
78911,0.998302519321
78912,0.977227389812
78913,0.975274205208
78914,0.998606979847
78915,0.997989296913
78916,0.99793946743
78917,0.997828781605
78918,0.99793946743
78919,0.99485296011
78920,0.997850000858
78921,0.993583083153
78922,0.920259773731
78923,0.998606979847
78924,0.998606979847
78925,0.985135793686
78926,0.998606979847
78927,0.943863928318
78928,0.992883503437
78929,0.998606979847
78930,0.99838078022
78931,0.993914842606
78932,0.998606979847
78933,0.99793946743
78934,0.992875635624
78935,0.993919014931
78936,0.987927258015
78937,0.998606979847
78938,0.99345189333
78939,0.998606979847
78940,0.99804186821
78941,0.993826210499
78942,0.991586685181
78943,0.998606979847
78944,0.997783958912
78945,0.998606979847
78946,0.998606979847
78947,0.988973140717
78948,0.99829441309
78949,0.998013615608
78950,0.991672158241
78951,0.997508645058
78952,0.995832204819
78953,0.99848139286
78954,0.998079001904
78955,0.99838078022
78956,0.998428761959
78957,0.99838078022
78958,0.994299054146
78959,0.893293678761
78960,0.997889041901
78961,0.99848139286
78962,0.998606979847
78963,0.998302519321
78964,0.995372951031
78965,0.993826210499
78966,0.998406648636
78967,0.991413116455
78968,0.977866590023
78969,0.998606979847
78970,0.996551156044
78971,0.997396945953
78972,0.99145758152
78973,0.998606979847
78974,0.998407959938
78975,0.994199514389
78976,0.998606979847
78977,0.998428761959
78978,0.992021083832
78979,0.99838078022
78980,0.989554405212
78981,0.998606979847
78982,0.998260438442
78983,0.995897114277
78984,0.998606979847
78985,0.990996003151
78986,0.99793946743
78987,0.994448900223
78988,0.98627692461
78989,0.991464734077
78990,0.976613163948
78991,0.934028327465
78992,0.998406648636
78993,0.998606979847
78994,0.994040966034
78995,0.998606979847
78996,0.992906391621
78997,0.998364388943
78998,0.997481524944
78999,0.998606979847
79000,0.990562200546
79001,0.998606979847
79002,0.998606979847
79003,0.996334016323
79004,0.998606979847
79005,0.99554425478
79006,0.928353488445
79007,0.991891384125
79008,0.942925512791
79009,0.907598495483
79010,0.998606979847
79011,0.95118701458
79012,0.996312081814
79013,0.997888922691
79014,0.998606979847
79015,0.992740154266
79016,0.998047590256
79017,0.998606979847
79018,0.998606979847
79019,0.998200654984
79020,0.99359691143
79021,0.998273909092
79022,0.997771561146
79023,0.99761903286
79024,0.971441507339
79025,0.998200178146
79026,0.998153328896
79027,0.998022079468
79028,0.992875874043
79029,0.99829441309
79030,0.985414743423
79031,0.990483760834
79032,0.998606979847
79033,0.998606979847
79034,0.986167907715
79035,0.998407959938
79036,0.998606979847
79037,0.99848139286
79038,0.998606979847
79039,0.99848139286
79040,0.990172147751
79041,0.99820047617
79042,0.994689583778
79043,0.99848139286
79044,0.984812378883
79045,0.99684047699
79046,0.919505774975
79047,0.998606979847
79048,0.998606979847
79049,0.998406648636
79050,0.99838078022
79051,0.998606979847
79052,0.991301476955
79053,0.997745871544
79054,0.989956736565
79055,0.966571509838
79056,0.998606979847
79057,0.99848139286
79058,0.990157842636
79059,0.996603786945
79060,0.998606979847
79061,0.961736857891
79062,0.998260438442
79063,0.998406648636
79064,0.96963429451
79065,0.992538273335
79066,0.985320568085
79067,0.998606979847
79068,0.993603289127
79069,0.993826210499
79070,0.998309850693
79071,0.998368620872
79072,0.991849601269
79073,0.99793946743
79074,0.998028457165
79075,0.998200654984
79076,0.993826210499
79077,0.990738630295
79078,0.996146798134
79079,0.998606979847
79080,0.98142439127
79081,0.997170507908
79082,0.998606979847
79083,0.965221464634
79084,0.998606979847
79085,0.998200654984
79086,0.997203886509
79087,0.997723698616
79088,0.99761903286
79089,0.99848139286
79090,0.998606979847
79091,0.995117902756
79092,0.988262712955
79093,0.998406648636
79094,0.989134967327
79095,0.997900903225
79096,0.997866868973
79097,0.998079001904
79098,0.998606979847
79099,0.997114419937
79100,0.99848139286
79101,0.998606979847
79102,0.935392200947
79103,0.998606979847
79104,0.955028176308
79105,0.989875018597
79106,0.996842384338
79107,0.947022438049
79108,0.998153328896
79109,0.995464742184
79110,0.98955065012
79111,0.997642576694
79112,0.939494431019
79113,0.99793946743
79114,0.998606979847
79115,0.998606979847
79116,0.984707057476
79117,0.9951171875
79118,0.996312081814
79119,0.941132426262
79120,0.998273909092
79121,0.997889041901
79122,0.985506117344
79123,0.83332157135
79124,0.997571587563
79125,0.998155415058
79126,0.97951477766
79127,0.993375957012
79128,0.99848139286
79129,0.998406648636
79130,0.991777837276
79131,0.998260438442
79132,0.962479114532
79133,0.998276054859
79134,0.998606979847
79135,0.998606979847
79136,0.996411442757
79137,0.998045504093
79138,0.992829561234
79139,0.99829441309
79140,0.990014493465
79141,0.984348893166
79142,0.998606979847
79143,0.998094499111
79144,0.998406648636
79145,0.998606979847
79146,0.997458517551
79147,0.997636258602
79148,0.992198586464
79149,0.989723682404
79150,0.998428761959
79151,0.997850000858
79152,0.998606979847
79153,0.998407959938
79154,0.982416093349
79155,0.994384765625
79156,0.99848139286
79157,0.992582261562
79158,0.996842384338
79159,0.998606979847
79160,0.99848139286
79161,0.998606979847
79162,0.99848139286
79163,0.963203847408
79164,0.991281867027
79165,0.998606979847
79166,0.99848139286
79167,0.992341697216
79168,0.998260438442
79169,0.958480715752
79170,0.946634471416
79171,0.915971636772
79172,0.984651386738
79173,0.998606979847
79174,0.995068669319
79175,0.998606979847
79176,0.998145222664
79177,0.998606979847
79178,0.99829441309
79179,0.988261759281
79180,0.99848139286
79181,0.99820047617
79182,0.998483419418
79183,0.991002976894
79184,0.995774447918
79185,0.998181462288
79186,0.997430801392
79187,0.994965314865
79188,0.997725665569
79189,0.998352825642
79190,0.927022397518
79191,0.99848139286
79192,0.998406648636
79193,0.993084907532
79194,0.991799712181
79195,0.996146798134
79196,0.998364388943
79197,0.990172147751
79198,0.997988402843
79199,0.997900903225
79200,0.978407979012
79201,0.998406648636
79202,0.993714749813
79203,0.990448951721
79204,0.998606979847
79205,0.998606979847
79206,0.998013615608
79207,0.99793946743
79208,0.99644446373
79209,0.975308179855
79210,0.979701817036
79211,0.998606979847
79212,0.998606979847
79213,0.992051482201
79214,0.978680253029
79215,0.99848139286
79216,0.998407959938
79217,0.998606979847
79218,0.998606979847
79219,0.984707176685
79220,0.997788965702
79221,0.99793946743
79222,0.998153328896
79223,0.996411442757
79224,0.998606979847
79225,0.998200654984
79226,0.996842384338
79227,0.958731889725
79228,0.998606979847
79229,0.993826210499
79230,0.998606979847
79231,0.997246146202
79232,0.998606979847
79233,0.998606979847
79234,0.993381917477
79235,0.99848139286
79236,0.998155415058
79237,0.998606979847
79238,0.9966391325
79239,0.998407959938
79240,0.95947676897
79241,0.998406648636
79242,0.997903585434
79243,0.998606979847
79244,0.998606979847
79245,0.993671059608
79246,0.998606979847
79247,0.99829441309
79248,0.993673026562
79249,0.984519481659
79250,0.99848139286
79251,0.998606979847
79252,0.998606979847
79253,0.976339280605
79254,0.998407959938
79255,0.99793946743
79256,0.998606979847
79257,0.99829441309
79258,0.958417832851
79259,0.998153328896
79260,0.998606979847
79261,0.998364388943
79262,0.988589406013
79263,0.993255913258
79264,0.998483419418
79265,0.991309702396
79266,0.996353328228
79267,0.998406648636
79268,0.998200654984
79269,0.992499291897
79270,0.998102426529
79271,0.998606979847
79272,0.998606979847
79273,0.927080094814
79274,0.964128792286
79275,0.998200654984
79276,0.99848139286
79277,0.998606979847
79278,0.998276054859
79279,0.998606979847
79280,0.991671204567
79281,0.998145222664
79282,0.998606979847
79283,0.995668113232
79284,0.994095623493
79285,0.982765734196
79286,0.998167812824
79287,0.998606979847
79288,0.980188250542
79289,0.994143724442
79290,0.996958851814
79291,0.986615777016
79292,0.998606979847
79293,0.99644446373
79294,0.992921948433
79295,0.989136040211
79296,0.998606979847
79297,0.991747617722
79298,0.995096862316
79299,0.99554425478
79300,0.985930621624
79301,0.994441747665
79302,0.985890984535
79303,0.998181462288
79304,0.998606979847
79305,0.997486829758
79306,0.985636353493
79307,0.998406648636
79308,0.998606979847
79309,0.995858848095
79310,0.994300663471
79311,0.998406648636
79312,0.998606979847
79313,0.99838078022
79314,0.994549274445
79315,0.969730615616
79316,0.998013615608
79317,0.994146645069
79318,0.99793946743
79319,0.995825171471
79320,0.997446119785
79321,0.998606979847
79322,0.994989812374
79323,0.996411442757
79324,0.998606979847
79325,0.993769347668
79326,0.99087625742
79327,0.998606979847
79328,0.99820047617
79329,0.994634270668
79330,0.995388090611
79331,0.984866559505
79332,0.998606979847
79333,0.991687476635
79334,0.998606979847
79335,0.99829441309
79336,0.998606979847
79337,0.998483419418
79338,0.998606979847
79339,0.997049808502
79340,0.998606979847
79341,0.991272270679
79342,0.986567020416
79343,0.998606979847
79344,0.994004368782
79345,0.99838078022
79346,0.998155415058
79347,0.998276054859
79348,0.997558534145
79349,0.995782911777
79350,0.997272670269
79351,0.99793946743
79352,0.998200178146
79353,0.998406648636
79354,0.994061648846
79355,0.998606979847
79356,0.997679948807
79357,0.992829561234
79358,0.998606979847
79359,0.997464060783
79360,0.998606979847
79361,0.998606979847
79362,0.996146798134
79363,0.996158778667
79364,0.99848139286
79365,0.998200654984
79366,0.993688821793
79367,0.99848139286
79368,0.994375705719
79369,0.992288827896
79370,0.99848139286
79371,0.996027112007
79372,0.993826210499
79373,0.998606979847
79374,0.99848139286
79375,0.984586179256
79376,0.99848139286
79377,0.998428761959
79378,0.995085835457
79379,0.929114818573
79380,0.991413116455
79381,0.998606979847
79382,0.996027112007
79383,0.998155415058
79384,0.9846752882
79385,0.998155415058
79386,0.992636919022
79387,0.987686693668
79388,0.994758427143
79389,0.998220264912
79390,0.993826210499
79391,0.998606979847
79392,0.995153903961
79393,0.998406648636
79394,0.980361998081
79395,0.971169114113
79396,0.99848139286
79397,0.997486829758
79398,0.992614209652
79399,0.990853428841
79400,0.990572929382
79401,0.995681643486
79402,0.987154483795
79403,0.992082774639
79404,0.998606979847
79405,0.998483419418
79406,0.988828063011
79407,0.997745871544
79408,0.998368620872
79409,0.998606979847
79410,0.985930144787
79411,0.98914539814
79412,0.989991307259
79413,0.997953295708
79414,0.992035984993
79415,0.99848139286
79416,0.998606979847
79417,0.992240548134
79418,0.992264389992
79419,0.993722617626
79420,0.998241424561
79421,0.998606979847
79422,0.993826210499
79423,0.992144882679
79424,0.998406648636
79425,0.995083153248
79426,0.998302519321
79427,0.998260438442
79428,0.913290798664
79429,0.900097608566
79430,0.998606979847
79431,0.99565923214
79432,0.993048906326
79433,0.998406648636
79434,0.959718167782
79435,0.995567977428
79436,0.995789766312
79437,0.988489627838
79438,0.994841814041
79439,0.984666705132
79440,0.997486829758
79441,0.987481296062
79442,0.996390998363
79443,0.991777837276
79444,0.99838078022
79445,0.998606979847
79446,0.994897544384
79447,0.998606979847
79448,0.99793946743
79449,0.998037517071
79450,0.998606979847
79451,0.996842384338
79452,0.990479052067
79453,0.997951805592
79454,0.99554425478
79455,0.99705940485
79456,0.995351314545
79457,0.93964111805
79458,0.997713565826
79459,0.990653574467
79460,0.997900903225
79461,0.994666576385
79462,0.998606979847
79463,0.962461829185
79464,0.994187355042
79465,0.992829561234
79466,0.998273909092
79467,0.944119691849
79468,0.992355406284
79469,0.998606979847
79470,0.993276536465
79471,0.998260438442
79472,0.979895293713
79473,0.998606979847
79474,0.998483419418
79475,0.998606979847
79476,0.995879232883
79477,0.990606427193
79478,0.99848139286
79479,0.99838078022
79480,0.995213985443
79481,0.97914236784
79482,0.998606979847
79483,0.998145222664
79484,0.997703015804
79485,0.998184978962
79486,0.996014237404
79487,0.975322902203
79488,0.998606979847
79489,0.996586322784
79490,0.991142272949
79491,0.99848139286
79492,0.998606979847
79493,0.998606979847
79494,0.942142963409
79495,0.996162116528
79496,0.981108546257
79497,0.988530158997
79498,0.993946254253
79499,0.998368620872
79500,0.998606979847
79501,0.990705966949
79502,0.998606979847
79503,0.99838078022
79504,0.948461592197
79505,0.998054504395
79506,0.996146798134
79507,0.998606979847
79508,0.998606979847
79509,0.995556473732
79510,0.998606979847
79511,0.993914842606
79512,0.989918351173
79513,0.98602360487
79514,0.998155415058
79515,0.888718008995
79516,0.995901405811
79517,0.998483419418
79518,0.998153328896
79519,0.998606979847
79520,0.99820047617
79521,0.998155415058
79522,0.99848139286
79523,0.975743472576
79524,0.998368620872
79525,0.995654821396
79526,0.99848139286
79527,0.998606979847
79528,0.994165241718
79529,0.993643283844
79530,0.99793946743
79531,0.99644446373
79532,0.997879803181
79533,0.991621494293
79534,0.99848139286
79535,0.997834682465
79536,0.991143465042
79537,0.993826210499
79538,0.941452682018
79539,0.998606979847
79540,0.992778658867
79541,0.998606979847
79542,0.998260438442
79543,0.995565950871
79544,0.992227017879
79545,0.996936738491
79546,0.991879403591
79547,0.992288827896
79548,0.998022079468
79549,0.992499649525
79550,0.998037517071
79551,0.992154538631
79552,0.998260438442
79553,0.998606979847
79554,0.92359650135
79555,0.998606979847
79556,0.99848139286
79557,0.998606979847
79558,0.998276054859
79559,0.998406648636
79560,0.926293671131
79561,0.998200654984
79562,0.982935011387
79563,0.973591029644
79564,0.995518863201
79565,0.993167459965
79566,0.998606979847
79567,0.994958102703
79568,0.992947757244
79569,0.997889041901
79570,0.998079001904
79571,0.998273909092
79572,0.998163342476
79573,0.986520588398
79574,0.994758427143
79575,0.99793946743
79576,0.997828781605
79577,0.998324692249
79578,0.99838078022
79579,0.997855246067
79580,0.997472524643
79581,0.995516598225
79582,0.986170768738
79583,0.998606979847
79584,0.998153328896
79585,0.991879403591
79586,0.991009533405
79587,0.99644446373
79588,0.998022854328
79589,0.998012661934
79590,0.998606979847
79591,0.998276054859
79592,0.998606979847
79593,0.99644446373
79594,0.977912902832
79595,0.596034884453
79596,0.979301631451
79597,0.998266220093
79598,0.998606979847
79599,0.99848139286
79600,0.997473359108
79601,0.99587225914
79602,0.997903585434
79603,0.998483419418
79604,0.998606979847
79605,0.998407959938
79606,0.982205271721
79607,0.998606979847
79608,0.997900903225
79609,0.997430801392
79610,0.991182327271
79611,0.997889816761
79612,0.998606979847
79613,0.992549002171
79614,0.990823686123
79615,0.998352825642
79616,0.998606979847
79617,0.990931510925
79618,0.986582696438
79619,0.958552479744
79620,0.8640152812
79621,0.997713565826
79622,0.998606979847
79623,0.998483419418
79624,0.998606979847
79625,0.998407959938
79626,0.99263459444
79627,0.989898860455
79628,0.992716789246
79629,0.998606979847
79630,0.997170507908
79631,0.997679948807
79632,0.997592926025
79633,0.991004824638
79634,0.998606979847
79635,0.998606979847
79636,0.997580945492
79637,0.998606979847
79638,0.998054504395
79639,0.987481534481
79640,0.99848139286
79641,0.99848139286
79642,0.998145222664
79643,0.989848852158
79644,0.997224986553
79645,0.991959631443
79646,0.998606979847
79647,0.99848139286
79648,0.99848139286
79649,0.993826210499
79650,0.997988402843
79651,0.93247616291
79652,0.970193862915
79653,0.995730161667
79654,0.989665806293
79655,0.99838078022
79656,0.99848139286
79657,0.992790222168
79658,0.99848139286
79659,0.998606979847
79660,0.998606979847
79661,0.996146798134
79662,0.982462763786
79663,0.998606979847
79664,0.99263459444
79665,0.990598380566
79666,0.998606979847
79667,0.977326154709
79668,0.998606979847
79669,0.997807383537
79670,0.997745871544
79671,0.998606979847
79672,0.998054504395
79673,0.998406648636
79674,0.998606979847
79675,0.99848139286
79676,0.998428761959
79677,0.998606979847
79678,0.998483419418
79679,0.992619514465
79680,0.998606979847
79681,0.982373297215
79682,0.998302519321
79683,0.991637825966
79684,0.99848139286
79685,0.997977256775
79686,0.99838078022
79687,0.998606979847
79688,0.988589406013
79689,0.998406648636
79690,0.998606979847
79691,0.998606979847
79692,0.998276054859
79693,0.994725286961
79694,0.870449304581
79695,0.997568666935
79696,0.995437681675
79697,0.997472524643
79698,0.99829441309
79699,0.998302519321
79700,0.992050349712
79701,0.998606979847
79702,0.994299650192
79703,0.998606979847
79704,0.995897114277
79705,0.997561335564
79706,0.998406648636
79707,0.982675015926
79708,0.996586322784
79709,0.99848139286
79710,0.99793946743
79711,0.995117902756
79712,0.993776381016
79713,0.998606979847
79714,0.997982680798
79715,0.996015369892
79716,0.995267987251
79717,0.993293881416
79718,0.998260438442
79719,0.99838078022
79720,0.995360195637
79721,0.983640551567
79722,0.998606979847
79723,0.99793946743
79724,0.998606979847
79725,0.998606979847
79726,0.998260438442
79727,0.915807843208
79728,0.998483419418
79729,0.998606979847
79730,0.997685015202
79731,0.996411442757
79732,0.997850000858
79733,0.997621715069
79734,0.998606979847
79735,0.997126221657
79736,0.998483419418
79737,0.998606979847
79738,0.993305206299
79739,0.937338292599
79740,0.991143465042
79741,0.996411442757
79742,0.990815103054
79743,0.998606979847
79744,0.9846752882
79745,0.994184076786
79746,0.997485339642
79747,0.998606979847
79748,0.997277140617
79749,0.99263459444
79750,0.993568837643
79751,0.998302519321
79752,0.98571562767
79753,0.901177108288
79754,0.989031732082
79755,0.998220264912
79756,0.998606979847
79757,0.998606979847
79758,0.99848139286
79759,0.997889041901
79760,0.99793946743
79761,0.992018818855
79762,0.995690464973
79763,0.991268873215
79764,0.988388180733
79765,0.996978104115
79766,0.998181462288
79767,0.992773473263
79768,0.997891008854
79769,0.981529474258
79770,0.961780428886
79771,0.998606979847
79772,0.998260438442
79773,0.997367501259
79774,0.998606979847
79775,0.998606979847
79776,0.998606979847
79777,0.997685015202
79778,0.998406648636
79779,0.959858477116
79780,0.995517611504
79781,0.998134315014
79782,0.998309850693
79783,0.994187355042
79784,0.958755373955
79785,0.994087517262
79786,0.998406648636
79787,0.994627535343
79788,0.998112678528
79789,0.99848139286
79790,0.991670906544
79791,0.998606979847
79792,0.996146798134
79793,0.992060244083
79794,0.998324692249
79795,0.995311737061
79796,0.99820047617
79797,0.998407959938
79798,0.998606979847
79799,0.998260438442
79800,0.99848139286
79801,0.991492033005
79802,0.998606979847
79803,0.989434540272
79804,0.993048906326
79805,0.993715405464
79806,0.99848139286
79807,0.997916638851
79808,0.984592020512
79809,0.998606979847
79810,0.99838078022
79811,0.997664451599
79812,0.998606979847
79813,0.99848139286
79814,0.998606979847
79815,0.998407959938
79816,0.997988402843
79817,0.993222057819
79818,0.998606979847
79819,0.992047786713
79820,0.998606979847
79821,0.998606979847
79822,0.99848139286
79823,0.99045920372
79824,0.998406648636
79825,0.995687246323
79826,0.998606979847
79827,0.998606979847
79828,0.996586322784
79829,0.998406648636
79830,0.986506998539
79831,0.951224327087
79832,0.989723682404
79833,0.930473566055
79834,0.981784105301
79835,0.998606979847
79836,0.998606979847
79837,0.996146798134
79838,0.9974411726
79839,0.997900903225
79840,0.998606979847
79841,0.99838078022
79842,0.99848139286
79843,0.990350246429
79844,0.993048906326
79845,0.998606979847
79846,0.99829441309
79847,0.997866868973
79848,0.997960448265
79849,0.995472192764
79850,0.998406648636
79851,0.998606979847
79852,0.993883609772
79853,0.998406648636
79854,0.997172415257
79855,0.998606979847
79856,0.998606979847
79857,0.993013441563
79858,0.998064756393
79859,0.998606979847
79860,0.996971487999
79861,0.996001303196
79862,0.985751271248
79863,0.998606979847
79864,0.998407959938
79865,0.983551681042
79866,0.998153328896
79867,0.998406648636
79868,0.981417417526
79869,0.992019057274
79870,0.927326321602
79871,0.998606979847
79872,0.990791141987
79873,0.991687476635
79874,0.998606979847
79875,0.991934776306
79876,0.992829561234
79877,0.998276054859
79878,0.996698200703
79879,0.993436634541
79880,0.996027112007
79881,0.99848139286
79882,0.998153328896
79883,0.995924890041
79884,0.982875227928
79885,0.991540431976
79886,0.992244899273
79887,0.989396393299
79888,0.998606979847
79889,0.977155089378
79890,0.99644446373
79891,0.989167630672
79892,0.998606979847
79893,0.998153328896
79894,0.998606979847
79895,0.996162950993
79896,0.994251906872
79897,0.99848139286
79898,0.998606979847
79899,0.993352651596
79900,0.998407959938
79901,0.998606979847
79902,0.995117902756
79903,0.994187355042
79904,0.99848139286
79905,0.963125407696
79906,0.995678424835
79907,0.998266220093
79908,0.99848139286
79909,0.925158083439
79910,0.997828781605
79911,0.998606979847
79912,0.988721907139
79913,0.978185594082
79914,0.98707562685
79915,0.990853428841
79916,0.99829441309
79917,0.995107889175
79918,0.993955612183
79919,0.99793946743
79920,0.998606979847
79921,0.996586322784
79922,0.998606979847
79923,0.997771561146
79924,0.962865591049
79925,0.99848139286
79926,0.998606979847
79927,0.951127707958
79928,0.980309844017
79929,0.99848139286
79930,0.994780063629
79931,0.970242321491
79932,0.998483419418
79933,0.998406648636
79934,0.995883405209
79935,0.991777837276
79936,0.987812876701
79937,0.998028457165
79938,0.998302519321
79939,0.996603786945
79940,0.99804186821
79941,0.983326613903
79942,0.998145222664
79943,0.991687476635
79944,0.992657363415
79945,0.997121989727
79946,0.993826210499
79947,0.996140956879
79948,0.89561188221
79949,0.989258468151
79950,0.997342705727
79951,0.980568528175
79952,0.998606979847
79953,0.967297673225
79954,0.998406648636
79955,0.986871540546
79956,0.998606979847
79957,0.997828781605
79958,0.998153328896
79959,0.971864640713
79960,0.994080066681
79961,0.993352651596
79962,0.995464742184
79963,0.979508638382
79964,0.998606979847
79965,0.992912769318
79966,0.986099362373
79967,0.993051707745
79968,0.955691218376
79969,0.997393488884
79970,0.998483419418
79971,0.99838078022
79972,0.954585254192
79973,0.935875952244
79974,0.992716789246
79975,0.991992294788
79976,0.99644446373
79977,0.998606979847
79978,0.998606979847
79979,0.96652251482
79980,0.998606979847
79981,0.998606979847
79982,0.998181462288
79983,0.99801248312
79984,0.99800080061
79985,0.998407959938
79986,0.997568666935
79987,0.996523976326
79988,0.990189194679
79989,0.997803032398
79990,0.998606979847
79991,0.998184978962
79992,0.998145222664
79993,0.997473359108
79994,0.998606979847
79995,0.99820047617
79996,0.991777837276
79997,0.996194720268
79998,0.998483419418
79999,0.998606979847
80000,0.998606979847
80001,0.995117902756
80002,0.998606979847
80003,0.992288827896
80004,0.998407959938
80005,0.976552963257
80006,0.992244899273
80007,0.994701504707
80008,0.998606979847
80009,0.990350246429
80010,0.998260438442
80011,0.998606979847
80012,0.998606979847
80013,0.998606979847
80014,0.998606979847
80015,0.998406648636
80016,0.996984064579
80017,0.983163952827
80018,0.998368620872
80019,0.992969572544
80020,0.998606979847
80021,0.99848139286
80022,0.990425884724
80023,0.998211979866
80024,0.998368620872
80025,0.998606979847
80026,0.975969076157
80027,0.998606979847
80028,0.997828781605
80029,0.997783958912
80030,0.998606979847
80031,0.988069474697
80032,0.993041574955
80033,0.998606979847
80034,0.997828781605
80035,0.996009111404
80036,0.998606979847
80037,0.997418224812
80038,0.998606979847
80039,0.998406648636
80040,0.997815132141
80041,0.99848139286
80042,0.998606979847
80043,0.998483419418
80044,0.998037517071
80045,0.993784725666
80046,0.997144877911
80047,0.998606979847
80048,0.994287908077
80049,0.992174506187
80050,0.998406648636
80051,0.998606979847
80052,0.994375705719
80053,0.9873675704
80054,0.998260438442
80055,0.997783958912
80056,0.942258954048
80057,0.998406648636
80058,0.99848139286
80059,0.991864085197
80060,0.994989395142
80061,0.991105735302
80062,0.836830735207
80063,0.998606979847
80064,0.997599542141
80065,0.998606979847
80066,0.998606979847
80067,0.992074012756
80068,0.994975984097
80069,0.998606979847
80070,0.998606979847
80071,0.995272696018
80072,0.99469178915
80073,0.998276054859
80074,0.991694092751
80075,0.971603929996
80076,0.968765556812
80077,0.992216765881
80078,0.99327981472
80079,0.998352825642
80080,0.998606979847
80081,0.99848139286
80082,0.998324692249
80083,0.997889041901
80084,0.942172169685
80085,0.988483428955
80086,0.998606979847
80087,0.997393488884
80088,0.980828762054
80089,0.996842384338
80090,0.998155415058
80091,0.996033489704
80092,0.985860943794
80093,0.998606979847
80094,0.994140684605
80095,0.998200654984
80096,0.992520272732
80097,0.968506038189
80098,0.998606979847
80099,0.936612188816
80100,0.977604389191
80101,0.995388925076
80102,0.974598050117
80103,0.997957646847
80104,0.996146798134
80105,0.992829561234
80106,0.995879232883
80107,0.998407959938
80108,0.997679948807
80109,0.992947757244
80110,0.997525453568
80111,0.963957488537
80112,0.998606979847
80113,0.996586322784
80114,0.99554425478
80115,0.998483419418
80116,0.998013615608
80117,0.998406648636
80118,0.986831009388
80119,0.99848139286
80120,0.996414005756
80121,0.992340862751
80122,0.990964055061
80123,0.998606979847
80124,0.99838078022
80125,0.998606979847
80126,0.998184978962
80127,0.996003031731
80128,0.996842384338
80129,0.998606979847
80130,0.998606979847
80131,0.997889041901
80132,0.997144877911
80133,0.998606979847
80134,0.960264921188
80135,0.992331385612
80136,0.994464218616
80137,0.997828781605
80138,0.993722617626
80139,0.99793946743
80140,0.991233110428
80141,0.998606979847
80142,0.965326547623
80143,0.994376420975
80144,0.99793946743
80145,0.998368620872
80146,0.964519381523
80147,0.998606979847
80148,0.998606979847
80149,0.998406648636
80150,0.99644613266
80151,0.995185136795
80152,0.99838078022
80153,0.952847957611
80154,0.993945300579
80155,0.998606979847
80156,0.903129220009
80157,0.998606979847
80158,0.99838078022
80159,0.998606979847
80160,0.997783958912
80161,0.99848139286
80162,0.992130160332
80163,0.99848139286
80164,0.99793946743
80165,0.996027112007
80166,0.998606979847
80167,0.998013615608
80168,0.972313523293
80169,0.989334285259
80170,0.972049117088
80171,0.997889041901
80172,0.990778326988
80173,0.985677480698
80174,0.998606979847
80175,0.998606979847
80176,0.996146798134
80177,0.998606979847
80178,0.992657363415
80179,0.99848139286
80180,0.971862673759
80181,0.995376586914
80182,0.991377651691
80183,0.998606979847
80184,0.992947757244
80185,0.991934776306
80186,0.998483419418
80187,0.993826210499
80188,0.998606979847
80189,0.998606979847
80190,0.975565433502
80191,0.9933847785
80192,0.99848139286
80193,0.99848139286
80194,0.996309936047
80195,0.967774093151
80196,0.998260438442
80197,0.998260438442
80198,0.991342782974
80199,0.996842384338
80200,0.998606979847
80201,0.997788965702
80202,0.995602190495
80203,0.997989296913
80204,0.913725495338
80205,0.998153328896
80206,0.998407959938
80207,0.992987334728
80208,0.99829441309
80209,0.998606979847
80210,0.996842384338
80211,0.993301331997
80212,0.997114419937
80213,0.995703101158
80214,0.994847416878
80215,0.984675645828
80216,0.983850300312
80217,0.996989548206
80218,0.99848139286
80219,0.98829138279
80220,0.938582837582
80221,0.99820047617
80222,0.998606979847
80223,0.998606979847
80224,0.998428761959
80225,0.996312081814
80226,0.99359446764
80227,0.991142272949
80228,0.989682912827
80229,0.998407959938
80230,0.954494953156
80231,0.994945585728
80232,0.992921948433
80233,0.995576560497
80234,0.845706582069
80235,0.968586981297
80236,0.998406648636
80237,0.998155415058
80238,0.997734487057
80239,0.998606979847
80240,0.998200654984
80241,0.998200654984
80242,0.998606979847
80243,0.995609223843
80244,0.991576969624
80245,0.939671576023
80246,0.998606979847
80247,0.996076047421
80248,0.995878458023
80249,0.987646639347
80250,0.998606979847
80251,0.998606979847
80252,0.99793946743
80253,0.99848139286
80254,0.995243489742
80255,0.998606979847
80256,0.998364388943
80257,0.992829561234
80258,0.996573746204
80259,0.993301331997
80260,0.925064682961
80261,0.997745871544
80262,0.998483419418
80263,0.964653074741
80264,0.998302519321
80265,0.935251712799
80266,0.997828781605
80267,0.992069661617
80268,0.997828781605
80269,0.997713565826
80270,0.997828781605
80271,0.993375957012
80272,0.99848139286
80273,0.998368620872
80274,0.998606979847
80275,0.985406398773
80276,0.993498086929
80277,0.99848139286
80278,0.991453289986
80279,0.998200654984
80280,0.995738744736
80281,0.996842384338
80282,0.998483419418
80283,0.997745871544
80284,0.995849609375
80285,0.989047527313
80286,0.993722617626
80287,0.998260438442
80288,0.998606979847
80289,0.998606979847
80290,0.998606979847
80291,0.998606979847
80292,0.976892590523
80293,0.998606979847
80294,0.982027292252
80295,0.998368620872
80296,0.997889041901
80297,0.991422832012
80298,0.994521439075
80299,0.99848139286
80300,0.991680920124
80301,0.998260438442
80302,0.996027112007
80303,0.994812428951
80304,0.994222402573
80305,0.99838078022
80306,0.99848139286
80307,0.995082736015
80308,0.99829441309
80309,0.998606979847
80310,0.998606979847
80311,0.993041574955
80312,0.99848139286
80313,0.998606979847
80314,0.993952155113
80315,0.994138598442
80316,0.998606979847
80317,0.998606979847
80318,0.998407959938
80319,0.998054504395
80320,0.99644446373
80321,0.998606979847
80322,0.993826210499
80323,0.96780782938
80324,0.987987995148
80325,0.998606979847
80326,0.998606979847
80327,0.998606979847
80328,0.99644446373
80329,0.99554425478
80330,0.998606979847
80331,0.969766259193
80332,0.99820047617
80333,0.997615814209
80334,0.991871297359
80335,0.998606979847
80336,0.996603786945
80337,0.998368620872
80338,0.998101770878
80339,0.998606979847
80340,0.995311737061
80341,0.995561957359
80342,0.997430801392
80343,0.99124777317
80344,0.997258484364
80345,0.99793946743
80346,0.963394880295
80347,0.99793946743
80348,0.997888922691
80349,0.998606979847
80350,0.996411442757
80351,0.998047590256
80352,0.992829561234
80353,0.998606979847
80354,0.99848139286
80355,0.998352825642
80356,0.997255682945
80357,0.99848139286
80358,0.998037517071
80359,0.995757579803
80360,0.995040535927
80361,0.998428761959
80362,0.991422832012
80363,0.998606979847
80364,0.998606979847
80365,0.998606979847
80366,0.998606979847
80367,0.996488928795
80368,0.942858636379
80369,0.997745871544
80370,0.995117902756
80371,0.99838078022
80372,0.998606979847
80373,0.998606979847
80374,0.984539985657
80375,0.978479683399
80376,0.997340321541
80377,0.996353328228
80378,0.994841814041
80379,0.998606979847
80380,0.998406648636
80381,0.998022079468
80382,0.995296120644
80383,0.998606979847
80384,0.99820047617
80385,0.986661911011
80386,0.99829441309
80387,0.998407959938
80388,0.99848139286
80389,0.991182029247
80390,0.998241424561
80391,0.991864085197
80392,0.990227818489
80393,0.997412025928
80394,0.9554053545
80395,0.994446337223
80396,0.995474100113
80397,0.995997309685
80398,0.918663322926
80399,0.997464060783
80400,0.958094537258
80401,0.998276054859
80402,0.998483419418
80403,0.998606979847
80404,0.992167890072
80405,0.998145222664
80406,0.99793946743
80407,0.992515921593
80408,0.989641666412
80409,0.998181462288
80410,0.998406648636
80411,0.997621178627
80412,0.99554425478
80413,0.998145222664
80414,0.962070047855
80415,0.998606979847
80416,0.998352825642
80417,0.989622056484
80418,0.998606979847
80419,0.997900903225
80420,0.964478969574
80421,0.951554834843
80422,0.996339917183
80423,0.99848139286
80424,0.998606979847
80425,0.928792476654
80426,0.996353328228
80427,0.998606979847
80428,0.99838078022
80429,0.992269158363
80430,0.995717763901
80431,0.997783958912
80432,0.998276054859
80433,0.998273909092
80434,0.998061478138
80435,0.99848139286
80436,0.99848139286
80437,0.99371778965
80438,0.99829441309
80439,0.993166863918
80440,0.998606979847
80441,0.961814522743
80442,0.992400109768
80443,0.998055100441
80444,0.99848139286
80445,0.985835552216
80446,0.993914842606
80447,0.998606979847
80448,0.99848139286
80449,0.994542181492
80450,0.998102426529
80451,0.998364388943
80452,0.997900903225
80453,0.998407959938
80454,0.998276054859
80455,0.99848139286
80456,0.998606979847
80457,0.988349616528
80458,0.998606979847
80459,0.998606979847
80460,0.998606979847
80461,0.998606979847
80462,0.991272866726
80463,0.998407959938
80464,0.99424546957
80465,0.99554425478
80466,0.996411442757
80467,0.996818959713
80468,0.928003430367
80469,0.995048761368
80470,0.996984064579
80471,0.976393520832
80472,0.998606979847
80473,0.99848139286
80474,0.995774447918
80475,0.965101420879
80476,0.984792470932
80477,0.990653574467
80478,0.994751274586
80479,0.93556791544
80480,0.998181462288
80481,0.993064284325
80482,0.985887229443
80483,0.998428761959
80484,0.99554425478
80485,0.998606979847
80486,0.985411703587
80487,0.998606979847
80488,0.997900903225
80489,0.996353328228
80490,0.990172147751
80491,0.997841417789
80492,0.998483419418
80493,0.995532512665
80494,0.934740185738
80495,0.998606979847
80496,0.99848139286
80497,0.99838078022
80498,0.998200654984
80499,0.998094499111
80500,0.99848139286
80501,0.998606979847
80502,0.992198586464
80503,0.992947757244
80504,0.998606979847
80505,0.997900903225
80506,0.99848139286
80507,0.994812428951
80508,0.998606979847
80509,0.997599542141
80510,0.994103848934
80511,0.950646281242
80512,0.985879421234
80513,0.993603289127
80514,0.99265730381
80515,0.998235344887
80516,0.993271529675
80517,0.998606979847
80518,0.926829636097
80519,0.993212997913
80520,0.993826210499
80521,0.993299901485
80522,0.998276054859
80523,0.998606979847
80524,0.824288845062
80525,0.99848139286
80526,0.99838078022
80527,0.99848139286
80528,0.99838078022
80529,0.998606979847
80530,0.998428761959
80531,0.993818938732
80532,0.998219430447
80533,0.998606979847
80534,0.998406648636
80535,0.99848139286
80536,0.99829441309
80537,0.996309936047
80538,0.998606979847
80539,0.991849303246
80540,0.99633949995
80541,0.985993623734
80542,0.95868396759
80543,0.9909953475
80544,0.998606979847
80545,0.984336197376
80546,0.998606979847
80547,0.997828781605
80548,0.99838078022
80549,0.987842917442
80550,0.998606979847
80551,0.977255880833
80552,0.998606979847
80553,0.992821216583
80554,0.998428761959
80555,0.938515126705
80556,0.992823898792
80557,0.99838078022
80558,0.998606979847
80559,0.99607437849
80560,0.998368620872
80561,0.998260438442
80562,0.989872574806
80563,0.950789034367
80564,0.998606979847
80565,0.998606979847
80566,0.992895662785
80567,0.992457985878
80568,0.996140956879
80569,0.991800963879
80570,0.998606979847
80571,0.998483419418
80572,0.99838078022
80573,0.998606979847
80574,0.981330692768
80575,0.99263459444
80576,0.997571706772
80577,0.998368620872
80578,0.977046370506
80579,0.992933571339
80580,0.99820047617
80581,0.998606979847
80582,0.989838421345
80583,0.998606979847
80584,0.99099868536
80585,0.984379649162
80586,0.998407959938
80587,0.997695505619
80588,0.990265488625
80589,0.998606979847
80590,0.998606979847
80591,0.998606979847
80592,0.998606979847
80593,0.990688204765
80594,0.998406648636
80595,0.998606979847
80596,0.998028457165
80597,0.99793946743
80598,0.998606979847
80599,0.998606979847
80600,0.998606979847
80601,0.995372235775
80602,0.992829561234
80603,0.998483419418
80604,0.988453745842
80605,0.991476595402
80606,0.994904756546
80607,0.998606979847
80608,0.99848139286
80609,0.998406648636
80610,0.995592713356
80611,0.991476595402
80612,0.990382194519
80613,0.998606979847
80614,0.975682318211
80615,0.99554425478
80616,0.997896194458
80617,0.998606979847
80618,0.996027112007
80619,0.99848139286
80620,0.993014156818
80621,0.998483419418
80622,0.998368620872
80623,0.998220264912
80624,0.985301077366
80625,0.996603786945
80626,0.97856014967
80627,0.993276536465
80628,0.998153328896
80629,0.992657363415
80630,0.998260438442
80631,0.99782294035
80632,0.996015369892
80633,0.985105872154
80634,0.998606979847
80635,0.997508645058
80636,0.99848139286
80637,0.992175877094
80638,0.99848139286
80639,0.99820047617
80640,0.986064314842
80641,0.998276054859
80642,0.998606979847
80643,0.991576969624
80644,0.980759620667
80645,0.998606979847
80646,0.998302519321
80647,0.992883503437
80648,0.998606979847
80649,0.991476595402
80650,0.993826210499
80651,0.974181711674
80652,0.992014110088
80653,0.998483419418
80654,0.994841814041
80655,0.965826094151
80656,0.99848139286
80657,0.996146798134
80658,0.998606979847
80659,0.991242229939
80660,0.998606979847
80661,0.996411442757
80662,0.99848139286
80663,0.992795109749
80664,0.995873570442
80665,0.989417970181
80666,0.998181462288
80667,0.960228741169
80668,0.997508645058
80669,0.992614209652
80670,0.998606979847
80671,0.996027112007
80672,0.991669893265
80673,0.997683346272
80674,0.998368620872
80675,0.996487736702
80676,0.994209110737
80677,0.987729728222
80678,0.99838078022
80679,0.99644446373
80680,0.989031732082
80681,0.99644446373
80682,0.977038919926
80683,0.998606979847
80684,0.99848139286
80685,0.992796242237
80686,0.99848139286
80687,0.984200656414
80688,0.997092545033
80689,0.99076706171
80690,0.998181462288
80691,0.998081326485
80692,0.99838078022
80693,0.993603289127
80694,0.998406648636
80695,0.998606979847
80696,0.993375957012
80697,0.998606979847
80698,0.998163342476
80699,0.992393434048
80700,0.993826210499
80701,0.998606979847
80702,0.983808219433
80703,0.995687842369
80704,0.996842384338
80705,0.99848139286
80706,0.991269767284
80707,0.998606979847
80708,0.99613493681
80709,0.998606979847
80710,0.99838078022
80711,0.998428761959
80712,0.996842384338
80713,0.967297673225
80714,0.998022854328
80715,0.91173183918
80716,0.991787135601
80717,0.963573276997
80718,0.99848139286
80719,0.89162427187
80720,0.99848139286
80721,0.991143465042
80722,0.995221316814
80723,0.996818959713
80724,0.988592088223
80725,0.998031020164
80726,0.993044614792
80727,0.998606979847
80728,0.991609275341
80729,0.975444436073
80730,0.996411442757
80731,0.997926533222
80732,0.998606979847
80733,0.998200654984
80734,0.998606979847
80735,0.99792098999
80736,0.965215027332
80737,0.99848139286
80738,0.993048906326
80739,0.998606979847
80740,0.99459117651
80741,0.99793946743
80742,0.998606979847
80743,0.994977116585
80744,0.862512171268
80745,0.998606979847
80746,0.992151916027
80747,0.994812428951
80748,0.98243188858
80749,0.997828781605
80750,0.993941962719
80751,0.953895330429
80752,0.998606979847
80753,0.992440760136
80754,0.997866868973
80755,0.998606979847
80756,0.997866868973
80757,0.997160553932
80758,0.994462072849
80759,0.987476468086
80760,0.998606979847
80761,0.997250020504
80762,0.998606979847
80763,0.998606979847
80764,0.992050349712
80765,0.993871033192
80766,0.988367676735
80767,0.992716789246
80768,0.991206109524
80769,0.993826210499
80770,0.966254353523
80771,0.99782294035
80772,0.998368620872
80773,0.998606979847
80774,0.994812428951
80775,0.995488643646
80776,0.99848139286
80777,0.998606979847
80778,0.993961930275
80779,0.992331385612
80780,0.998220264912
80781,0.998260438442
80782,0.9764149189
80783,0.923487961292
80784,0.992947757244
80785,0.994627535343
80786,0.998276054859
80787,0.985308945179
80788,0.998606979847
80789,0.986501932144
80790,0.998428761959
80791,0.99848139286
80792,0.99848139286
80793,0.998606979847
80794,0.995456814766
80795,0.992296695709
80796,0.998428761959
80797,0.998200654984
80798,0.994077503681
80799,0.995496213436
80800,0.99848139286
80801,0.998276054859
80802,0.986696600914
80803,0.992716789246
80804,0.994199931622
80805,0.995205163956
80806,0.998483419418
80807,0.992740154266
80808,0.925002872944
80809,0.998220264912
80810,0.998428761959
80811,0.998079001904
80812,0.998606979847
80813,0.994534313679
80814,0.997988402843
80815,0.996140956879
80816,0.993285596371
80817,0.997828781605
80818,0.99848139286
80819,0.997027397156
80820,0.998428761959
80821,0.990912079811
80822,0.99793946743
80823,0.994375705719
80824,0.998606979847
80825,0.995782911777
80826,0.993276536465
80827,0.987660467625
80828,0.998606979847
80829,0.959999322891
80830,0.998606979847
80831,0.998406648636
80832,0.994300663471
80833,0.993082523346
80834,0.998606979847
80835,0.998181462288
80836,0.994840085506
80837,0.998606979847
80838,0.998606979847
80839,0.982890307903
80840,0.998200654984
80841,0.99838078022
80842,0.991596162319
80843,0.998368620872
80844,0.998606979847
80845,0.985059559345
80846,0.99838078022
80847,0.998406648636
80848,0.99838078022
80849,0.998227238655
80850,0.998606979847
80851,0.994162023067
80852,0.998606979847
80853,0.982408463955
80854,0.998606979847
80855,0.991934776306
80856,0.998483419418
80857,0.998606979847
80858,0.991772890091
80859,0.99848139286
80860,0.980120897293
80861,0.998145222664
80862,0.998606979847
80863,0.998606979847
80864,0.854461014271
80865,0.998013615608
80866,0.998606979847
80867,0.998094499111
80868,0.997537434101
80869,0.987729728222
80870,0.998406648636
80871,0.99838078022
80872,0.991537690163
80873,0.998606979847
80874,0.949116885662
80875,0.995447278023
80876,0.995467782021
80877,0.993621647358
80878,0.967477202415
80879,0.998368620872
80880,0.99848139286
80881,0.99848139286
80882,0.993312358856
80883,0.982755482197
80884,0.998200654984
80885,0.99838078022
80886,0.998606979847
80887,0.988850355148
80888,0.998606979847
80889,0.989578545094
80890,0.998606979847
80891,0.998606979847
80892,0.998606979847
80893,0.995301961899
80894,0.993443787098
80895,0.996295034885
80896,0.998606979847
80897,0.997828781605
80898,0.99009346962
80899,0.99574804306
80900,0.998153328896
80901,0.939968824387
80902,0.993686556816
80903,0.995782911777
80904,0.979354023933
80905,0.998153328896
80906,0.991777837276
80907,0.998178064823
80908,0.99838078022
80909,0.998606979847
80910,0.993327736855
80911,0.995595037937
80912,0.993048906326
80913,0.997037529945
80914,0.958654344082
80915,0.998079001904
80916,0.99717271328
80917,0.993826210499
80918,0.998606979847
80919,0.983236610889
80920,0.997880876064
80921,0.998406648636
80922,0.998606979847
80923,0.998606979847
80924,0.996586322784
80925,0.997850000858
80926,0.998606979847
80927,0.99848139286
80928,0.993345379829
80929,0.993931651115
80930,0.996586322784
80931,0.989558756351
80932,0.998606979847
80933,0.998606979847
80934,0.998606979847
80935,0.998406648636
80936,0.996411442757
80937,0.998606979847
80938,0.998606979847
80939,0.998260438442
80940,0.998031020164
80941,0.971296131611
80942,0.996027112007
80943,0.998606979847
80944,0.998063981533
80945,0.995358109474
80946,0.995117902756
80947,0.994021296501
80948,0.993826210499
80949,0.998606979847
80950,0.99848139286
80951,0.996027112007
80952,0.974808454514
80953,0.998606979847
80954,0.998606979847
80955,0.998219430447
80956,0.996072053909
80957,0.998606979847
80958,0.998606979847
80959,0.998606979847
80960,0.99359691143
80961,0.992131471634
80962,0.993036389351
80963,0.991711616516
80964,0.993430972099
80965,0.885944843292
80966,0.978795647621
80967,0.998606979847
80968,0.989848852158
80969,0.998200654984
80970,0.980671048164
80971,0.991599857807
80972,0.96095097065
80973,0.998428761959
80974,0.99829441309
80975,0.981392025948
80976,0.926652848721
80977,0.99838078022
80978,0.99848139286
80979,0.997889041901
80980,0.985873281956
80981,0.998606979847
80982,0.998276054859
80983,0.99194663763
80984,0.998200654984
80985,0.991914629936
80986,0.992947757244
80987,0.998079001904
80988,0.996146798134
80989,0.988953411579
80990,0.993513405323
80991,0.996603786945
80992,0.998606979847
80993,0.997889041901
80994,0.937873840332
80995,0.997320652008
80996,0.996411442757
80997,0.998368620872
80998,0.995174109936
80999,0.998606979847
81000,0.995782911777
81001,0.998606979847
81002,0.99838078022
81003,0.996334016323
81004,0.998606979847
81005,0.994300663471
81006,0.990014493465
81007,0.99848139286
81008,0.998606979847
81009,0.993098855019
81010,0.998483419418
81011,0.92176002264
81012,0.991964280605
81013,0.990815639496
81014,0.991001188755
81015,0.998483419418
81016,0.993288218975
81017,0.99838078022
81018,0.983374893665
81019,0.992829561234
81020,0.986037671566
81021,0.998178064823
81022,0.992673039436
81023,0.993961215019
81024,0.990258395672
81025,0.986696600914
81026,0.998606979847
81027,0.998127579689
81028,0.991142272949
81029,0.983085095882
81030,0.991034507751
81031,0.998037517071
81032,0.994217097759
81033,0.998428761959
81034,0.997679948807
81035,0.994187355042
81036,0.99761903286
81037,0.99793946743
81038,0.998606979847
81039,0.998606979847
81040,0.994114875793
81041,0.946933627129
81042,0.998145222664
81043,0.998606979847
81044,0.993728041649
81045,0.997621715069
81046,0.9662129879
81047,0.936109125614
81048,0.992568671703
81049,0.993489563465
81050,0.978956222534
81051,0.977660596371
81052,0.91837400198
81053,0.919254660606
81054,0.998606979847
81055,0.99587225914
81056,0.997667968273
81057,0.99848139286
81058,0.920495569706
81059,0.967678427696
81060,0.998606979847
81061,0.994077503681
81062,0.994841814041
81063,0.998606979847
81064,0.99838078022
81065,0.998606979847
81066,0.99848139286
81067,0.992657363415
81068,0.994886219501
81069,0.993255913258
81070,0.99056661129
81071,0.997580945492
81072,0.998005568981
81073,0.987072348595
81074,0.991347789764
81075,0.995217263699
81076,0.998368620872
81077,0.992703855038
81078,0.992906391621
81079,0.99848139286
81080,0.998606979847
81081,0.99359691143
81082,0.998606979847
81083,0.996146798134
81084,0.998406648636
81085,0.982559263706
81086,0.998483419418
81087,0.998606979847
81088,0.998606979847
81089,0.99838078022
81090,0.994554817677
81091,0.992947757244
81092,0.998606979847
81093,0.996309936047
81094,0.995985627174
81095,0.99829441309
81096,0.997828781605
81097,0.998273909092
81098,0.968359053135
81099,0.993688821793
81100,0.991435945034
81101,0.997327387333
81102,0.917500078678
81103,0.998407959938
81104,0.998155415058
81105,0.991835653782
81106,0.99848139286
81107,0.998606979847
81108,0.998606979847
81109,0.989514350891
81110,0.996842384338
81111,0.967470765114
81112,0.976271212101
81113,0.998200654984
81114,0.998606979847
81115,0.998606979847
81116,0.993392109871
81117,0.997745871544
81118,0.996573448181
81119,0.998606979847
81120,0.994916439056
81121,0.99848139286
81122,0.998013615608
81123,0.998606979847
81124,0.986998617649
81125,0.989869296551
81126,0.994121968746
81127,0.998606979847
81128,0.99554425478
81129,0.998483419418
81130,0.998606979847
81131,0.997615814209
81132,0.998181462288
81133,0.99848139286
81134,0.998606979847
81135,0.911183178425
81136,0.993315517902
81137,0.983586907387
81138,0.998606979847
81139,0.99793946743
81140,0.995010972023
81141,0.998276054859
81142,0.998276054859
81143,0.975283205509
81144,0.998606979847
81145,0.996842384338
81146,0.995817005634
81147,0.998606979847
81148,0.998022079468
81149,0.962021052837
81150,0.978811204433
81151,0.99838078022
81152,0.991576969624
81153,0.990871369839
81154,0.993227899075
81155,0.995217978954
81156,0.966623663902
81157,0.991221010685
81158,0.99848139286
81159,0.99829441309
81160,0.992387056351
81161,0.99263459444
81162,0.998606979847
81163,0.996390998363
81164,0.998483419418
81165,0.973210632801
81166,0.998606979847
81167,0.995721697807
81168,0.997788965702
81169,0.998153328896
81170,0.992051482201
81171,0.998606979847
81172,0.992030441761
81173,0.997676849365
81174,0.998606979847
81175,0.998606979847
81176,0.986926198006
81177,0.998276054859
81178,0.998407959938
81179,0.99848139286
81180,0.99848139286
81181,0.99829441309
81182,0.997988402843
81183,0.99838078022
81184,0.998276054859
81185,0.994975507259
81186,0.997679948807
81187,0.995879232883
81188,0.998606979847
81189,0.998606979847
81190,0.951725780964
81191,0.991686820984
81192,0.99848139286
81193,0.998145222664
81194,0.99240732193
81195,0.998483419418
81196,0.998406648636
81197,0.998606979847
81198,0.997988402843
81199,0.992527127266
81200,0.998483419418
81201,0.99838078022
81202,0.998407959938
81203,0.904213070869
81204,0.951307177544
81205,0.99848139286
81206,0.983455836773
81207,0.99793946743
81208,0.99838078022
81209,0.998406648636
81210,0.991144537926
81211,0.998606979847
81212,0.998606979847
81213,0.998028457165
81214,0.998260438442
81215,0.963229298592
81216,0.996309936047
81217,0.998606979847
81218,0.99848139286
81219,0.998407959938
81220,0.998606979847
81221,0.991347789764
81222,0.998407959938
81223,0.991598665714
81224,0.998406648636
81225,0.998606979847
81226,0.994713485241
81227,0.986893355846
81228,0.998606979847
81229,0.99848139286
81230,0.998368620872
81231,0.998407959938
81232,0.996586322784
81233,0.99633949995
81234,0.99848139286
81235,0.998606979847
81236,0.998606979847
81237,0.996586322784
81238,0.996842384338
81239,0.99848139286
81240,0.99848139286
81241,0.997717440128
81242,0.997196853161
81243,0.993722617626
81244,0.998483419418
81245,0.99848139286
81246,0.993722617626
81247,0.996698200703
81248,0.99838078022
81249,0.995883405209
81250,0.988182961941
81251,0.998094499111
81252,0.995518863201
81253,0.998606979847
81254,0.998084783554
81255,0.998406648636
81256,0.997430801392
81257,0.993945300579
81258,0.998606979847
81259,0.995076417923
81260,0.996411442757
81261,0.985519349575
81262,0.997903585434
81263,0.997196435928
81264,0.996390998363
81265,0.996842384338
81266,0.998352825642
81267,0.998606979847
81268,0.984675824642
81269,0.99254989624
81270,0.983781099319
81271,0.970599591732
81272,0.944767177105
81273,0.991865694523
81274,0.990780174732
81275,0.998606979847
81276,0.991992235184
81277,0.998606979847
81278,0.99587225914
81279,0.994867861271
81280,0.997642576694
81281,0.99838078022
81282,0.996583402157
81283,0.996603786945
81284,0.998302519321
81285,0.99820047617
81286,0.992244899273
81287,0.99848139286
81288,0.998606979847
81289,0.998606979847
81290,0.997600913048
81291,0.995013773441
81292,0.996143162251
81293,0.998606979847
81294,0.992489755154
81295,0.998005568981
81296,0.998406648636
81297,0.998606979847
81298,0.992740154266
81299,0.997486829758
81300,0.996414005756
81301,0.998220264912
81302,0.998606979847
81303,0.99820047617
81304,0.995189845562
81305,0.998031020164
81306,0.998155415058
81307,0.99848139286
81308,0.997788965702
81309,0.997436404228
81310,0.998200654984
81311,0.991043925285
81312,0.965664684772
81313,0.998606979847
81314,0.963914215565
81315,0.935065865517
81316,0.992767930031
81317,0.998606979847
81318,0.998606979847
81319,0.996603786945
81320,0.99565923214
81321,0.976846039295
81322,0.998606979847
81323,0.992614209652
81324,0.998606979847
81325,0.998606979847
81326,0.997881054878
81327,0.998483419418
81328,0.997783958912
81329,0.994525492191
81330,0.996603786945
81331,0.983368456364
81332,0.992236495018
81333,0.997958421707
81334,0.998606979847
81335,0.995351314545
81336,0.99793946743
81337,0.996309936047
81338,0.996842384338
81339,0.998606979847
81340,0.998200654984
81341,0.998606979847
81342,0.998013615608
81343,0.99793946743
81344,0.99838078022
81345,0.998606979847
81346,0.997145712376
81347,0.998606979847
81348,0.993826210499
81349,0.996603786945
81350,0.997888922691
81351,0.99848139286
81352,0.917911410332
81353,0.998606979847
81354,0.743076562881
81355,0.998483419418
81356,0.99793946743
81357,0.932419121265
81358,0.994099259377
81359,0.99742513895
81360,0.993551790714
81361,0.996603786945
81362,0.941905319691
81363,0.996842384338
81364,0.998606979847
81365,0.998113453388
81366,0.99793946743
81367,0.997828781605
81368,0.997511327267
81369,0.961986422539
81370,0.993048906326
81371,0.998606979847
81372,0.996842384338
81373,0.998606979847
81374,0.99793946743
81375,0.994558870792
81376,0.996471583843
81377,0.998606979847
81378,0.99829441309
81379,0.996954917908
81380,0.998606979847
81381,0.956374168396
81382,0.990247428417
81383,0.998074531555
81384,0.99271351099
81385,0.998606979847
81386,0.99820047617
81387,0.99820047617
81388,0.998606979847
81389,0.992305397987
81390,0.974259972572
81391,0.99848139286
81392,0.969921946526
81393,0.988664031029
81394,0.99848139286
81395,0.998606979847
81396,0.98666882515
81397,0.997879803181
81398,0.998606979847
81399,0.991452395916
81400,0.998606979847
81401,0.996353328228
81402,0.99793946743
81403,0.998220264912
81404,0.995782911777
81405,0.998606979847
81406,0.99848139286
81407,0.990661263466
81408,0.954766750336
81409,0.997900903225
81410,0.998200654984
81411,0.988287568092
81412,0.998406648636
81413,0.998013615608
81414,0.998309850693
81415,0.976880788803
81416,0.997788965702
81417,0.998483419418
81418,0.998606979847
81419,0.849595844746
81420,0.926315546036
81421,0.99848139286
81422,0.995050549507
81423,0.997525453568
81424,0.99848139286
81425,0.98600178957
81426,0.997903585434
81427,0.998428761959
81428,0.909807741642
81429,0.998302519321
81430,0.990557551384
81431,0.926395893097
81432,0.997988402843
81433,0.998406648636
81434,0.997508645058
81435,0.983747243881
81436,0.998406648636
81437,0.997779428959
81438,0.991965353489
81439,0.990292906761
81440,0.991177678108
81441,0.998155415058
81442,0.996842384338
81443,0.994375705719
81444,0.985677957535
81445,0.998406648636
81446,0.998406648636
81447,0.998606979847
81448,0.998483419418
81449,0.998309850693
81450,0.998606979847
81451,0.998273909092
81452,0.992470085621
81453,0.993826210499
81454,0.995782911777
81455,0.98371553421
81456,0.998606979847
81457,0.977571725845
81458,0.998407959938
81459,0.928133130074
81460,0.998606979847
81461,0.998406648636
81462,0.998022079468
81463,0.998028457165
81464,0.975386023521
81465,0.998606979847
81466,0.99848139286
81467,0.993826210499
81468,0.998606979847
81469,0.996784746647
81470,0.969709157944
81471,0.99848139286
81472,0.998606979847
81473,0.973128914833
81474,0.990606427193
81475,0.991142272949
81476,0.998606979847
81477,0.998606979847
81478,0.990496277809
81479,0.997580945492
81480,0.870109319687
81481,0.894743323326
81482,0.998606979847
81483,0.996784746647
81484,0.993914842606
81485,0.99313634634
81486,0.998260438442
81487,0.997301340103
81488,0.997679948807
81489,0.997988402843
81490,0.997137546539
81491,0.992147088051
81492,0.998606979847
81493,0.993747651577
81494,0.998606979847
81495,0.998406648636
81496,0.99838078022
81497,0.998302519321
81498,0.994582116604
81499,0.997988402843
81500,0.960479438305
81501,0.998406648636
81502,0.997685015202
81503,0.993824005127
81504,0.994662106037
81505,0.997828781605
81506,0.978627979755
81507,0.994135022163
81508,0.998483419418
81509,0.998153328896
81510,0.982177555561
81511,0.998606979847
81512,0.952886044979
81513,0.998606979847
81514,0.997277140617
81515,0.900496840477
81516,0.998483419418
81517,0.99717271328
81518,0.991353392601
81519,0.996586322784
81520,0.998606979847
81521,0.994906306267
81522,0.99848139286
81523,0.997301340103
81524,0.990323722363
81525,0.996027112007
81526,0.998606979847
81527,0.99805778265
81528,0.99848139286
81529,0.998606979847
81530,0.99793946743
81531,0.996353328228
81532,0.998606979847
81533,0.993218541145
81534,0.99848139286
81535,0.99793946743
81536,0.998483419418
81537,0.99848139286
81538,0.997481524944
81539,0.992549657822
81540,0.85192155838
81541,0.998606979847
81542,0.998606979847
81543,0.995212376118
81544,0.99793946743
81545,0.99554425478
81546,0.998260438442
81547,0.99848139286
81548,0.998606979847
81549,0.99848139286
81550,0.992614209652
81551,0.995690464973
81552,0.963477432728
81553,0.997597813606
81554,0.998606979847
81555,0.99644446373
81556,0.998606979847
81557,0.991182327271
81558,0.998606979847
81559,0.957721054554
81560,0.98121958971
81561,0.998428761959
81562,0.993713080883
81563,0.997900903225
81564,0.998606979847
81565,0.998606979847
81566,0.996586322784
81567,0.998606979847
81568,0.978856623173
81569,0.981737613678
81570,0.998606979847
81571,0.99838078022
81572,0.99848139286
81573,0.998005568981
81574,0.994620382786
81575,0.998606979847
81576,0.980862557888
81577,0.990943491459
81578,0.996312081814
81579,0.998081326485
81580,0.998606979847
81581,0.99848139286
81582,0.997486829758
81583,0.998428761959
81584,0.998606979847
81585,0.998606979847
81586,0.998606979847
81587,0.99848139286
81588,0.987399041653
81589,0.935283601284
81590,0.998606979847
81591,0.983732819557
81592,0.930409431458
81593,0.998145222664
81594,0.996842384338
81595,0.980875134468
81596,0.998260438442
81597,0.996411442757
81598,0.995879232883
81599,0.993824005127
81600,0.99848139286
81601,0.998606979847
81602,0.95721000433
81603,0.992716789246
81604,0.99848139286
81605,0.998606979847
81606,0.990018904209
81607,0.991949796677
81608,0.992947757244
81609,0.992665708065
81610,0.939942955971
81611,0.983900725842
81612,0.9825527668
81613,0.998606979847
81614,0.998606979847
81615,0.998606979847
81616,0.9974411726
81617,0.998483419418
81618,0.997891008854
81619,0.998220264912
81620,0.99793946743
81621,0.996328651905
81622,0.99848139286
81623,0.99848139286
81624,0.998155415058
81625,0.995617806911
81626,0.998406648636
81627,0.998606979847
81628,0.998155415058
81629,0.997889816761
81630,0.998606979847
81631,0.998606979847
81632,0.995867490768
81633,0.905375659466
81634,0.99488145113
81635,0.997889041901
81636,0.983816325665
81637,0.998200654984
81638,0.997828781605
81639,0.998606979847
81640,0.998407959938
81641,0.991973876953
81642,0.998364388943
81643,0.993817806244
81644,0.992829561234
81645,0.99705940485
81646,0.998483419418
81647,0.997988402843
81648,0.998606979847
81649,0.982211112976
81650,0.998606979847
81651,0.993722617626
81652,0.998483419418
81653,0.996027112007
81654,0.997621715069
81655,0.998606979847
81656,0.993826210499
81657,0.998276054859
81658,0.996698200703
81659,0.994960904121
81660,0.998606979847
81661,0.997658252716
81662,0.998606979847
81663,0.998606979847
81664,0.996586322784
81665,0.99838078022
81666,0.998145222664
81667,0.988697469234
81668,0.99793946743
81669,0.997475922108
81670,0.994912445545
81671,0.995394945145
81672,0.99793946743
81673,0.998606979847
81674,0.981764316559
81675,0.997679948807
81676,0.991917729378
81677,0.997783958912
81678,0.996146798134
81679,0.983684718609
81680,0.988395154476
81681,0.969841957092
81682,0.995076417923
81683,0.982859790325
81684,0.997664451599
81685,0.998606979847
81686,0.99848139286
81687,0.998606979847
81688,0.978817403316
81689,0.99820369482
81690,0.993533909321
81691,0.991143465042
81692,0.99838078022
81693,0.997889041901
81694,0.998407959938
81695,0.998606979847
81696,0.99644446373
81697,0.997621715069
81698,0.998606979847
81699,0.987463414669
81700,0.998155415058
81701,0.996034264565
81702,0.998181462288
81703,0.998606979847
81704,0.998266220093
81705,0.998606979847
81706,0.998606979847
81707,0.99829441309
81708,0.972807407379
81709,0.998606979847
81710,0.994761049747
81711,0.994673907757
81712,0.99271351099
81713,0.991319537163
81714,0.99210113287
81715,0.998606979847
81716,0.99848139286
81717,0.998606979847
81718,0.998145222664
81719,0.998606979847
81720,0.998079001904
81721,0.997937142849
81722,0.998606979847
81723,0.998145222664
81724,0.998606979847
81725,0.903071820736
81726,0.952765226364
81727,0.984330236912
81728,0.998606979847
81729,0.997900903225
81730,0.99838078022
81731,0.990665197372
81732,0.998200654984
81733,0.998606979847
81734,0.997745871544
81735,0.993229389191
81736,0.99263459444
81737,0.984398007393
81738,0.99801248312
81739,0.982510447502
81740,0.993530452251
81741,0.995117902756
81742,0.99635130167
81743,0.998606979847
81744,0.958802998066
81745,0.997334718704
81746,0.985384941101
81747,0.998483419418
81748,0.997788965702
81749,0.998200654984
81750,0.998606979847
81751,0.996466219425
81752,0.998260438442
81753,0.998606979847
81754,0.997900903225
81755,0.963930368423
81756,0.998606979847
81757,0.998606979847
81758,0.99838078022
81759,0.97874802351
81760,0.994286894798
81761,0.99083340168
81762,0.998276054859
81763,0.875666081905
81764,0.996027112007
81765,0.99848139286
81766,0.996978104115
81767,0.995422959328
81768,0.993831813335
81769,0.892824411392
81770,0.993945300579
81771,0.99848139286
81772,0.99641007185
81773,0.998428761959
81774,0.998324692249
81775,0.998606979847
81776,0.997121989727
81777,0.990239500999
81778,0.998483419418
81779,0.991694092751
81780,0.995434105396
81781,0.993463873863
81782,0.975098013878
81783,0.998606979847
81784,0.993576526642
81785,0.994812428951
81786,0.992546677589
81787,0.989107787609
81788,0.99838078022
81789,0.997118115425
81790,0.998200654984
81791,0.944930076599
81792,0.995849609375
81793,0.993982553482
81794,0.998260438442
81795,0.998606979847
81796,0.997320652008
81797,0.996411442757
81798,0.992951989174
81799,0.99271351099
81800,0.985775768757
81801,0.995043575764
81802,0.998022079468
81803,0.998368620872
81804,0.998368620872
81805,0.993276536465
81806,0.998606979847
81807,0.995914697647
81808,0.998220264912
81809,0.994514167309
81810,0.99848139286
81811,0.997457504272
81812,0.994088470936
81813,0.996334016323
81814,0.998155415058
81815,0.998606979847
81816,0.998606979847
81817,0.995516598225
81818,0.993048906326
81819,0.995756268501
81820,0.995897114277
81821,0.99848139286
81822,0.998276054859
81823,0.968395113945
81824,0.998606979847
81825,0.998364388943
81826,0.998606979847
81827,0.965906202793
81828,0.987735152245
81829,0.992947757244
81830,0.996586322784
81831,0.992296695709
81832,0.990871369839
81833,0.988592088223
81834,0.998606979847
81835,0.996603786945
81836,0.998606979847
81837,0.99848139286
81838,0.990691959858
81839,0.992947757244
81840,0.881473600864
81841,0.947689592838
81842,0.998606979847
81843,0.99848139286
81844,0.992770791054
81845,0.953156650066
81846,0.990034103394
81847,0.995655477047
81848,0.997889041901
81849,0.998606979847
81850,0.994627535343
81851,0.993739426136
81852,0.991030752659
81853,0.989981353283
81854,0.990790009499
81855,0.997464060783
81856,0.984999120235
81857,0.997900903225
81858,0.99829441309
81859,0.995782911777
81860,0.998606979847
81861,0.998606979847
81862,0.992393434048
81863,0.975960075855
81864,0.99838078022
81865,0.998428761959
81866,0.998368620872
81867,0.998220264912
81868,0.998606979847
81869,0.991413116455
81870,0.997778773308
81871,0.992014110088
81872,0.99848139286
81873,0.996586322784
81874,0.996138811111
81875,0.998606979847
81876,0.998606979847
81877,0.983050346375
81878,0.998028457165
81879,0.998606979847
81880,0.99848139286
81881,0.990579605103
81882,0.996847510338
81883,0.925295889378
81884,0.977990567684
81885,0.998407959938
81886,0.99418836832
81887,0.997537434101
81888,0.946841001511
81889,0.996027112007
81890,0.991652965546
81891,0.981208622456
81892,0.998606979847
81893,0.998606979847
81894,0.991777837276
81895,0.998406648636
81896,0.99263459444
81897,0.996411442757
81898,0.992947757244
81899,0.992389976978
81900,0.998276054859
81901,0.998407959938
81902,0.985999464989
81903,0.994321525097
81904,0.993178665638
81905,0.984999120235
81906,0.998606979847
81907,0.992875635624
81908,0.998276054859
81909,0.994115173817
81910,0.997713565826
81911,0.992041170597
81912,0.998368620872
81913,0.996007800102
81914,0.998606979847
81915,0.995485067368
81916,0.998153328896
81917,0.99792098999
81918,0.986028492451
81919,0.973134875298
81920,0.99793946743
81921,0.985894620419
81922,0.998606979847
81923,0.998200654984
81924,0.997695505619
81925,0.998302519321
81926,0.998606979847
81927,0.921082377434
81928,0.989632964134
81929,0.998606979847
81930,0.997957646847
81931,0.99838078022
81932,0.992037236691
81933,0.98052996397
81934,0.998606979847
81935,0.976613163948
81936,0.996146798134
81937,0.998406648636
81938,0.996586322784
81939,0.993375957012
81940,0.983738958836
81941,0.997389912605
81942,0.997783958912
81943,0.982328891754
81944,0.994397580624
81945,0.997713565826
81946,0.972468674183
81947,0.998606979847
81948,0.998606979847
81949,0.99848139286
81950,0.998606979847
81951,0.998407959938
81952,0.99848139286
81953,0.971041321754
81954,0.994916439056
81955,0.958689332008
81956,0.998606979847
81957,0.99848139286
81958,0.95665448904
81959,0.996603786945
81960,0.998200654984
81961,0.998094499111
81962,0.997723698616
81963,0.998606979847
81964,0.99848139286
81965,0.998013615608
81966,0.99829441309
81967,0.99387127161
81968,0.998606979847
81969,0.998364388943
81970,0.992614209652
81971,0.996260285378
81972,0.988411426544
81973,0.998606979847
81974,0.995782911777
81975,0.992122530937
81976,0.995879232883
81977,0.979815602303
81978,0.998606979847
81979,0.998606979847
81980,0.957111358643
81981,0.998606979847
81982,0.745423853397
81983,0.99838078022
81984,0.991143465042
81985,0.998483419418
81986,0.995472192764
81987,0.993945300579
81988,0.99848139286
81989,0.992122650146
81990,0.996795237064
81991,0.996162116528
81992,0.998153328896
81993,0.997926533222
81994,0.937425255775
81995,0.982658028603
81996,0.982611000538
81997,0.994413077831
81998,0.998606979847
81999,0.992307126522
82000,0.996586322784
82001,0.98705214262
82002,0.99613493681
82003,0.994103848934
82004,0.99793946743
82005,0.991422832012
82006,0.998407959938
82007,0.998094499111
82008,0.984761893749
82009,0.998606979847
82010,0.99848139286
82011,0.99633949995
82012,0.946632027626
82013,0.994908750057
82014,0.993163764477
82015,0.993826210499
82016,0.998045861721
82017,0.994183540344
82018,0.992939531803
82019,0.99848139286
82020,0.99838078022
82021,0.993906676769
82022,0.998606979847
82023,0.99523794651
82024,0.992829561234
82025,0.998407959938
82026,0.989733695984
82027,0.997989296913
82028,0.998606979847
82029,0.998368620872
82030,0.99263459444
82031,0.998022079468
82032,0.99838078022
82033,0.995812058449
82034,0.998483419418
82035,0.997807383537
82036,0.992296695709
82037,0.99838078022
82038,0.996644258499
82039,0.983553230762
82040,0.99838078022
82041,0.993350088596
82042,0.997900903225
82043,0.99848139286
82044,0.99829441309
82045,0.998220264912
82046,0.998606979847
82047,0.998302519321
82048,0.992817521095
82049,0.998606979847
82050,0.977563381195
82051,0.99848139286
82052,0.997988402843
82053,0.998606979847
82054,0.998111128807
82055,0.996984064579
82056,0.995817005634
82057,0.998406648636
82058,0.997486829758
82059,0.994817852974
82060,0.998606979847
82061,0.998483419418
82062,0.998606979847
82063,0.990172147751
82064,0.99848139286
82065,0.998483419418
82066,0.998606979847
82067,0.998013615608
82068,0.983383655548
82069,0.998606979847
82070,0.981525421143
82071,0.979302108288
82072,0.990580916405
82073,0.959682166576
82074,0.951105594635
82075,0.996015369892
82076,0.98713696003
82077,0.9909953475
82078,0.998606979847
82079,0.992829561234
82080,0.99848139286
82081,0.998606979847
82082,0.99644446373
82083,0.998606979847
82084,0.998606979847
82085,0.998200654984
82086,0.992871642113
82087,0.998081326485
82088,0.997976005077
82089,0.989284455776
82090,0.998428761959
82091,0.992085933685
82092,0.998606979847
82093,0.998606979847
82094,0.998022079468
82095,0.99848139286
82096,0.992947995663
82097,0.981574594975
82098,0.988950490952
82099,0.995044231415
82100,0.997600913048
82101,0.755215883255
82102,0.991576969624
82103,0.99820047617
82104,0.97881257534
82105,0.976188600063
82106,0.997037529945
82107,0.992716789246
82108,0.998406648636
82109,0.998606979847
82110,0.992050349712
82111,0.998428761959
82112,0.979254722595
82113,0.998406648636
82114,0.96941447258
82115,0.993095755577
82116,0.99263459444
82117,0.985798478127
82118,0.998606979847
82119,0.997900903225
82120,0.998200654984
82121,0.991762518883
82122,0.99793946743
82123,0.998606979847
82124,0.998406648636
82125,0.984157800674
82126,0.997988402843
82127,0.990307331085
82128,0.994989395142
82129,0.99848139286
82130,0.998606979847
82131,0.986315250397
82132,0.990172147751
82133,0.998260438442
82134,0.998013615608
82135,0.998606979847
82136,0.99724894762
82137,0.95084387064
82138,0.998606979847
82139,0.996146798134
82140,0.998606979847
82141,0.998155415058
82142,0.99848139286
82143,0.997783958912
82144,0.998064756393
82145,0.998407959938
82146,0.998428761959
82147,0.995853245258
82148,0.99793946743
82149,0.997037529945
82150,0.947096168995
82151,0.997464060783
82152,0.996390998363
82153,0.998266220093
82154,0.99848139286
82155,0.99848139286
82156,0.997779071331
82157,0.995257675648
82158,0.986288368702
82159,0.980609118938
82160,0.998606979847
82161,0.99534124136
82162,0.992829561234
82163,0.993826210499
82164,0.997464060783
82165,0.997446119785
82166,0.975737631321
82167,0.99848139286
82168,0.977312445641
82169,0.996353328228
82170,0.964590013027
82171,0.992342591286
82172,0.988649070263
82173,0.986030101776
82174,0.998406648636
82175,0.998606979847
82176,0.99829441309
82177,0.998134315014
82178,0.99848139286
82179,0.998483419418
82180,0.997597157955
82181,0.978934943676
82182,0.977702021599
82183,0.98090916872
82184,0.998483419418
82185,0.998606979847
82186,0.975033164024
82187,0.998606979847
82188,0.998235344887
82189,0.997311890125
82190,0.998606979847
82191,0.998606979847
82192,0.998606979847
82193,0.986624658108
82194,0.99793946743
82195,0.997866868973
82196,0.998606979847
82197,0.998606979847
82198,0.998406648636
82199,0.99848139286
82200,0.998352825642
82201,0.989590644836
82202,0.937751114368
82203,0.998428761959
82204,0.997700989246
82205,0.993285596371
82206,0.99793946743
82207,0.998606979847
82208,0.997866868973
82209,0.799373865128
82210,0.998606979847
82211,0.998153328896
82212,0.991715908051
82213,0.998153328896
82214,0.982589364052
82215,0.996109247208
82216,0.998153328896
82217,0.99838078022
82218,0.994841814041
82219,0.992719531059
82220,0.998606979847
82221,0.994291603565
82222,0.98862349987
82223,0.998364388943
82224,0.993821203709
82225,0.997370123863
82226,0.998606979847
82227,0.991342782974
82228,0.992740154266
82229,0.993166863918
82230,0.998302519321
82231,0.990124166012
82232,0.99554425478
82233,0.962625622749
82234,0.955063521862
82235,0.998606979847
82236,0.998606979847
82237,0.993065655231
82238,0.997373878956
82239,0.99848139286
82240,0.998606979847
82241,0.998276054859
82242,0.998606979847
82243,0.994551360607
82244,0.998276054859
82245,0.99278396368
82246,0.998606979847
82247,0.994714915752
82248,0.99782294035
82249,0.986989855766
82250,0.988126993179
82251,0.998606979847
82252,0.998406648636
82253,0.99829441309
82254,0.99838078022
82255,0.947844564915
82256,0.992836296558
82257,0.998145222664
82258,0.980434298515
82259,0.998013615608
82260,0.96179485321
82261,0.995355784893
82262,0.985879421234
82263,0.996603786945
82264,0.998606979847
82265,0.998045861721
82266,0.998302519321
82267,0.998406648636
82268,0.998606979847
82269,0.945698857307
82270,0.998606979847
82271,0.992716789246
82272,0.997783958912
82273,0.99848139286
82274,0.998406648636
82275,0.998606979847
82276,0.998606979847
82277,0.998606979847
82278,0.92172396183
82279,0.998606979847
82280,0.995092868805
82281,0.998407959938
82282,0.998606979847
82283,0.995874881744
82284,0.888160824776
82285,0.994260430336
82286,0.975609302521
82287,0.998276054859
82288,0.998216986656
82289,0.988836944103
82290,0.998081743717
82291,0.985750436783
82292,0.995717763901
82293,0.998407959938
82294,0.998606979847
82295,0.998606979847
82296,0.994187355042
82297,0.989279687405
82298,0.991762518883
82299,0.998368620872
82300,0.998606979847
82301,0.998407959938
82302,0.980223417282
82303,0.993064284325
82304,0.998606979847
82305,0.994187355042
82306,0.99848139286
82307,0.989097654819
82308,0.99644446373
82309,0.990479052067
82310,0.991598665714
82311,0.998606979847
82312,0.99793946743
82313,0.738895714283
82314,0.996034264565
82315,0.994841814041
82316,0.994291603565
82317,0.998606979847
82318,0.963039517403
82319,0.998147010803
82320,0.998428761959
82321,0.997713565826
82322,0.998406648636
82323,0.99323785305
82324,0.994262695312
82325,0.996842384338
82326,0.977702021599
82327,0.997745871544
82328,0.99554425478
82329,0.99848139286
82330,0.98931068182
82331,0.99829441309
82332,0.993620932102
82333,0.998606979847
82334,0.994096815586
82335,0.998606979847
82336,0.998005568981
82337,0.994228363037
82338,0.993354678154
82339,0.995897114277
82340,0.994143724442
82341,0.99534201622
82342,0.994472026825
82343,0.998606979847
82344,0.983514368534
82345,0.997172415257
82346,0.998606979847
82347,0.985614836216
82348,0.995883405209
82349,0.998606979847
82350,0.97907269001
82351,0.99644446373
82352,0.998606979847
82353,0.998606979847
82354,0.994741737843
82355,0.998606979847
82356,0.990509927273
82357,0.997600913048
82358,0.998606979847
82359,0.99848139286
82360,0.998483419418
82361,0.99838078022
82362,0.998606979847
82363,0.977285504341
82364,0.998606979847
82365,0.992244899273
82366,0.991367578506
82367,0.997642397881
82368,0.998200654984
82369,0.992933571339
82370,0.992596149445
82371,0.99032741785
82372,0.97310769558
82373,0.996583402157
82374,0.998606979847
82375,0.988630652428
82376,0.998606979847
82377,0.99793946743
82378,0.994375705719
82379,0.998606979847
82380,0.99848139286
82381,0.99467676878
82382,0.995437681675
82383,0.99848139286
82384,0.998606979847
82385,0.998606979847
82386,0.995348930359
82387,0.998153328896
82388,0.994300663471
82389,0.99319756031
82390,0.998309850693
82391,0.99263459444
82392,0.989244818687
82393,0.996842384338
82394,0.992243826389
82395,0.996027112007
82396,0.995849609375
82397,0.99848139286
82398,0.995413303375
82399,0.978152453899
82400,0.998606979847
82401,0.998606979847
82402,0.998241424561
82403,0.998302519321
82404,0.994847595692
82405,0.995774447918
82406,0.99848139286
82407,0.995883405209
82408,0.998483419418
82409,0.997047066689
82410,0.884407103062
82411,0.990000903606
82412,0.998406648636
82413,0.995227217674
82414,0.998606979847
82415,0.998260438442
82416,0.843331575394
82417,0.996411442757
82418,0.99848139286
82419,0.997170507908
82420,0.998406648636
82421,0.99848139286
82422,0.972393512726
82423,0.992947757244
82424,0.994841814041
82425,0.991377651691
82426,0.992231547832
82427,0.99578422308
82428,0.985576570034
82429,0.99838078022
82430,0.994834959507
82431,0.993906080723
82432,0.998145222664
82433,0.998079001904
82434,0.998302519321
82435,0.975487470627
82436,0.993533909321
82437,0.974627912045
82438,0.998606979847
82439,0.998200654984
82440,0.998606979847
82441,0.951207339764
82442,0.998606979847
82443,0.992389976978
82444,0.992152571678
82445,0.992050349712
82446,0.989326059818
82447,0.998324692249
82448,0.998368620872
82449,0.998302519321
82450,0.998606979847
82451,0.99848139286
82452,0.931543052197
82453,0.992389976978
82454,0.984953701496
82455,0.997783958912
82456,0.993048906326
82457,0.994841814041
82458,0.998276054859
82459,0.975468575954
82460,0.99359691143
82461,0.992716789246
82462,0.993969023228
82463,0.993311166763
82464,0.985519349575
82465,0.99323707819
82466,0.997464060783
82467,0.998302519321
82468,0.982231080532
82469,0.992829561234
82470,0.998606979847
82471,0.998606979847
82472,0.99369096756
82473,0.991476595402
82474,0.994251906872
82475,0.98038738966
82476,0.998606979847
82477,0.997937142849
82478,0.883633375168
82479,0.998220264912
82480,0.976289987564
82481,0.998606979847
82482,0.99848139286
82483,0.998606979847
82484,0.994414925575
82485,0.998606979847
82486,0.99263459444
82487,0.998606979847
82488,0.99271351099
82489,0.997170507908
82490,0.99820047617
82491,0.998606979847
82492,0.995177447796
82493,0.994637012482
82494,0.998606979847
82495,0.998606979847
82496,0.991613745689
82497,0.998406648636
82498,0.998406648636
82499,0.88302141428
82500,0.99838078022
82501,0.998483419418
82502,0.99271351099
82503,0.99458527565
82504,0.998606979847
82505,0.996842384338
82506,0.996361017227
82507,0.99838078022
82508,0.995901048183
82509,0.998428761959
82510,0.998606979847
82511,0.998406648636
82512,0.957928419113
82513,0.99145758152
82514,0.998013615608
82515,0.99838078022
82516,0.998200654984
82517,0.995817005634
82518,0.998013615608
82519,0.998406648636
82520,0.998606979847
82521,0.99194663763
82522,0.998406648636
82523,0.996411442757
82524,0.996842384338
82525,0.997900903225
82526,0.99254989624
82527,0.991972327232
82528,0.99848139286
82529,0.997685015202
82530,0.991762518883
82531,0.998606979847
82532,0.997919619083
82533,0.998200654984
82534,0.998606979847
82535,0.998324692249
82536,0.998606979847
82537,0.916883289814
82538,0.998606979847
82539,0.997791826725
82540,0.997508645058
82541,0.997900903225
82542,0.994262695312
82543,0.998407959938
82544,0.889417231083
82545,0.993691623211
82546,0.992716789246
82547,0.99848139286
82548,0.957001507282
82549,0.998368620872
82550,0.994662106037
82551,0.99848139286
82552,0.989872574806
82553,0.997988402843
82554,0.995472192764
82555,0.998200654984
82556,0.942307412624
82557,0.99641007185
82558,0.99804186821
82559,0.992740154266
82560,0.997954785824
82561,0.998606979847
82562,0.997486829758
82563,0.949756979942
82564,0.996140956879
82565,0.99848139286
82566,0.99503993988
82567,0.995487034321
82568,0.998606979847
82569,0.998406648636
82570,0.993483781815
82571,0.96805280447
82572,0.99587225914
82573,0.998606979847
82574,0.996014237404
82575,0.994324266911
82576,0.99848139286
82577,0.99820047617
82578,0.991142272949
82579,0.99848139286
82580,0.99848139286
82581,0.997725665569
82582,0.99829441309
82583,0.994437336922
82584,0.984784245491
82585,0.998368620872
82586,0.990019381046
82587,0.998606979847
82588,0.995921373367
82589,0.99848139286
82590,0.959338545799
82591,0.998064756393
82592,0.790589511395
82593,0.998407959938
82594,0.968213737011
82595,0.995031356812
82596,0.998276054859
82597,0.99793946743
82598,0.998260438442
82599,0.998220264912
82600,0.927346110344
82601,0.998606979847
82602,0.987938463688
82603,0.998155415058
82604,0.998606979847
82605,0.998220264912
82606,0.998606979847
82607,0.997728407383
82608,0.998606979847
82609,0.992947757244
82610,0.99587225914
82611,0.998606979847
82612,0.998181462288
82613,0.998483419418
82614,0.998081326485
82615,0.998483419418
82616,0.998220264912
82617,0.998606979847
82618,0.998407959938
82619,0.996842384338
82620,0.99793946743
82621,0.998606979847
82622,0.99848139286
82623,0.998200654984
82624,0.998606979847
82625,0.998407959938
82626,0.95460909605
82627,0.998606979847
82628,0.99644446373
82629,0.998324692249
82630,0.998407959938
82631,0.997045040131
82632,0.998606979847
82633,0.985253691673
82634,0.930165350437
82635,0.934775114059
82636,0.990297436714
82637,0.991891384125
82638,0.996411442757
82639,0.99793946743
82640,0.993557095528
82641,0.993293881416
82642,0.998483419418
82643,0.99829441309
82644,0.992947757244
82645,0.998606979847
82646,0.989592850208
82647,0.99782294035
82648,0.99848139286
82649,0.998407959938
82650,0.998406648636
82651,0.997258484364
82652,0.989137291908
82653,0.998302519321
82654,0.998260438442
82655,0.998005568981
82656,0.998406648636
82657,0.996027112007
82658,0.989472031593
82659,0.99848139286
82660,0.998606979847
82661,0.996698200703
82662,0.997797250748
82663,0.994958877563
82664,0.996411442757
82665,0.975720703602
82666,0.998606979847
82667,0.998406648636
82668,0.920307695866
82669,0.993245899677
82670,0.992340564728
82671,0.990472853184
82672,0.99793946743
82673,0.998211562634
82674,0.992300152779
82675,0.99793946743
82676,0.998606979847
82677,0.998276054859
82678,0.938186109066
82679,0.99554425478
82680,0.99848139286
82681,0.998406648636
82682,0.993198990822
82683,0.993005514145
82684,0.97862881422
82685,0.992880284786
82686,0.998028457165
82687,0.99838078022
82688,0.98842394352
82689,0.998606979847
82690,0.998606979847
82691,0.993826210499
82692,0.9630677104
82693,0.998606979847
82694,0.994906306267
82695,0.998606979847
82696,0.997828781605
82697,0.994841814041
82698,0.994300663471
82699,0.995272696018
82700,0.996842384338
82701,0.99838078022
82702,0.998606979847
82703,0.979771733284
82704,0.998406648636
82705,0.99838078022
82706,0.99848139286
82707,0.996185719967
82708,0.990014493465
82709,0.997571706772
82710,0.993271529675
82711,0.99613493681
82712,0.99848139286
82713,0.99614328146
82714,0.994371831417
82715,0.998200654984
82716,0.985411703587
82717,0.998407959938
82718,0.998266220093
82719,0.998428761959
82720,0.99793946743
82721,0.993730247021
82722,0.998606979847
82723,0.998606979847
82724,0.998606979847
82725,0.997850000858
82726,0.991672158241
82727,0.998606979847
82728,0.998606979847
82729,0.99263459444
82730,0.962868988514
82731,0.997481524944
82732,0.998606979847
82733,0.998606979847
82734,0.998606979847
82735,0.997896194458
82736,0.99848139286
82737,0.98965972662
82738,0.998407959938
82739,0.99375975132
82740,0.998081326485
82741,0.995571017265
82742,0.995194375515
82743,0.998606979847
82744,0.93563324213
82745,0.99848139286
82746,0.997815132141
82747,0.99458527565
82748,0.997436404228
82749,0.994572103024
82750,0.998606979847
82751,0.998606979847
82752,0.99829441309
82753,0.973564982414
82754,0.998606979847
82755,0.998606979847
82756,0.996143162251
82757,0.997783958912
82758,0.998606979847
82759,0.995924890041
82760,0.993903100491
82761,0.849579572678
82762,0.99848139286
82763,0.998483419418
82764,0.991727948189
82765,0.990034103394
82766,0.991968035698
82767,0.998483419418
82768,0.981153607368
82769,0.998483419418
82770,0.998606979847
82771,0.99793946743
82772,0.998606979847
82773,0.998606979847
82774,0.890987217426
82775,0.998200654984
82776,0.994498252869
82777,0.998352825642
82778,0.99323785305
82779,0.965664088726
82780,0.908663034439
82781,0.997900903225
82782,0.984090089798
82783,0.998606979847
82784,0.9786028862
82785,0.995347976685
82786,0.997858762741
82787,0.985331833363
82788,0.998309850693
82789,0.99848139286
82790,0.998606979847
82791,0.970768809319
82792,0.983293175697
82793,0.998406648636
82794,0.998153328896
82795,0.985233545303
82796,0.993824005127
82797,0.967502117157
82798,0.998407959938
82799,0.893989980221
82800,0.997642576694
82801,0.99793946743
82802,0.962742626667
82803,0.992372989655
82804,0.998407959938
82805,0.99848139286
82806,0.990733981133
82807,0.991375207901
82808,0.998606979847
82809,0.998102426529
82810,0.995496749878
82811,0.998606979847
82812,0.997571587563
82813,0.998013615608
82814,0.995243489742
82815,0.99838078022
82816,0.99848139286
82817,0.998606979847
82818,0.998406648636
82819,0.990895807743
82820,0.986272990704
82821,0.986777484417
82822,0.977454125881
82823,0.997988402843
82824,0.998606979847
82825,0.998407959938
82826,0.997430801392
82827,0.981051325798
82828,0.986316084862
82829,0.995879232883
82830,0.949706912041
82831,0.997783958912
82832,0.98737847805
82833,0.998606979847
82834,0.99820047617
82835,0.997713565826
82836,0.998022079468
82837,0.998273909092
82838,0.998013615608
82839,0.99848139286
82840,0.998407959938
82841,0.998200654984
82842,0.997118115425
82843,0.995394945145
82844,0.993914842606
82845,0.997137546539
82846,0.99403578043
82847,0.972581088543
82848,0.99848139286
82849,0.985763192177
82850,0.997828781605
82851,0.971705555916
82852,0.998606979847
82853,0.998081326485
82854,0.957851052284
82855,0.995883405209
82856,0.994073390961
82857,0.996586322784
82858,0.99848139286
82859,0.998606979847
82860,0.998220264912
82861,0.989592850208
82862,0.993325173855
82863,0.933019578457
82864,0.99793946743
82865,0.99829441309
82866,0.99829441309
82867,0.998606979847
82868,0.998606979847
82869,0.998407959938
82870,0.996034264565
82871,0.998406648636
82872,0.995690584183
82873,0.996048867702
82874,0.998606979847
82875,0.993387639523
82876,0.998054504395
82877,0.99829441309
82878,0.973781406879
82879,0.998606979847
82880,0.963063836098
82881,0.994343042374
82882,0.987729728222
82883,0.996027112007
82884,0.998260438442
82885,0.99644446373
82886,0.99782294035
82887,0.9957254529
82888,0.986650288105
82889,0.991182327271
82890,0.997446119785
82891,0.99829441309
82892,0.993553578854
82893,0.990034103394
82894,0.997301340103
82895,0.991325378418
82896,0.998428761959
82897,0.99820047617
82898,0.998606979847
82899,0.995178937912
82900,0.998606979847
82901,0.99848139286
82902,0.998406648636
82903,0.979628562927
82904,0.998606979847
82905,0.998606979847
82906,0.997615814209
82907,0.995985627174
82908,0.997988402843
82909,0.992389976978
82910,0.994581997395
82911,0.99782294035
82912,0.998606979847
82913,0.99848139286
82914,0.99263459444
82915,0.998606979847
82916,0.997781097889
82917,0.981117546558
82918,0.998364388943
82919,0.998606979847
82920,0.94610953331
82921,0.987445235252
82922,0.998606979847
82923,0.998357594013
82924,0.99848139286
82925,0.998606979847
82926,0.99848139286
82927,0.998153328896
82928,0.994542181492
82929,0.998606979847
82930,0.99820047617
82931,0.985991120338
82932,0.998483419418
82933,0.995076417923
82934,0.982453048229
82935,0.99838078022
82936,0.998406648636
82937,0.998606979847
82938,0.993935883045
82939,0.995782911777
82940,0.99793946743
82941,0.998153328896
82942,0.992926299572
82943,0.997225165367
82944,0.998406648636
82945,0.935187160969
82946,0.998606979847
82947,0.998022079468
82948,0.996823966503
82949,0.998606979847
82950,0.997828781605
82951,0.995678424835
82952,0.99838078022
82953,0.997783958912
82954,0.992829561234
82955,0.998163342476
82956,0.998406648636
82957,0.997370123863
82958,0.990902423859
82959,0.996603786945
82960,0.998407959938
82961,0.994812428951
82962,0.995372593403
82963,0.99848139286
82964,0.998483419418
82965,0.998606979847
82966,0.998368620872
82967,0.993663549423
82968,0.956371843815
82969,0.998406648636
82970,0.998153328896
82971,0.99838078022
82972,0.985766530037
82973,0.990705966949
82974,0.99838078022
82975,0.998606979847
82976,0.99793946743
82977,0.980101466179
82978,0.998606979847
82979,0.990300953388
82980,0.996933698654
82981,0.966517567635
82982,0.99848139286
82983,0.998606979847
82984,0.992836296558
82985,0.998276054859
82986,0.984322845936
82987,0.998606979847
82988,0.969128489494
82989,0.998606979847
82990,0.992264389992
82991,0.991025626659
82992,0.996842384338
82993,0.993271529675
82994,0.99838078022
82995,0.995690584183
82996,0.944306433201
82997,0.998606979847
82998,0.997636258602
82999,0.997486829758
83000,0.973278582096
83001,0.998022854328
83002,0.99820047617
83003,0.99838078022
83004,0.995717763901
83005,0.997900903225
83006,0.998407959938
83007,0.998260438442
83008,0.995464742184
83009,0.99848139286
83010,0.998483419418
83011,0.980973362923
83012,0.998606979847
83013,0.991958022118
83014,0.998127579689
83015,0.998606979847
83016,0.99848139286
83017,0.99848139286
83018,0.99484026432
83019,0.99263459444
83020,0.988592088223
83021,0.99848139286
83022,0.97617328167
83023,0.978805840015
83024,0.998606979847
83025,0.996603786945
83026,0.998606979847
83027,0.998606979847
83028,0.998606979847
83029,0.998260438442
83030,0.991068899632
83031,0.998606979847
83032,0.995117902756
83033,0.992157816887
83034,0.993571519852
83035,0.991670906544
83036,0.994525492191
83037,0.997828781605
83038,0.998483419418
83039,0.99761903286
83040,0.98535078764
83041,0.998606979847
83042,0.998606979847
83043,0.994721114635
83044,0.991613745689
83045,0.998483419418
83046,0.998483419418
83047,0.998606979847
83048,0.991301476955
83049,0.99838078022
83050,0.998606979847
83051,0.998483419418
83052,0.968431651592
83053,0.998606979847
83054,0.986362457275
83055,0.998260438442
83056,0.971282839775
83057,0.99848139286
83058,0.990172147751
83059,0.99848139286
83060,0.998606979847
83061,0.998428761959
83062,0.995918869972
83063,0.99801248312
83064,0.995107889175
83065,0.985318601131
83066,0.99793946743
83067,0.995822131634
83068,0.995879232883
83069,0.998407959938
83070,0.993777573109
83071,0.997473359108
83072,0.997615814209
83073,0.995571017265
83074,0.99838078022
83075,0.994186401367
83076,0.994099259377
83077,0.998606979847
83078,0.974358022213
83079,0.997866868973
83080,0.961855053902
83081,0.994841814041
83082,0.995430529118
83083,0.998181462288
83084,0.997393488884
83085,0.996353328228
83086,0.998184978962
83087,0.998606979847
83088,0.998483419418
83089,0.998606979847
83090,0.967297673225
83091,0.996411442757
83092,0.998260438442
83093,0.998273909092
83094,0.990931153297
83095,0.981313109398
83096,0.958222568035
83097,0.998200654984
83098,0.965657711029
83099,0.998606979847
83100,0.99838078022
83101,0.973684191704
83102,0.998260438442
83103,0.967419326305
83104,0.9918358922
83105,0.97773963213
83106,0.997762143612
83107,0.99793946743
83108,0.992974460125
83109,0.931425988674
83110,0.994536876678
83111,0.998606979847
83112,0.998606979847
83113,0.998368620872
83114,0.99524217844
83115,0.998606979847
83116,0.998368620872
83117,0.998606979847
83118,0.998276054859
83119,0.94025349617
83120,0.998216986656
83121,0.99838078022
83122,0.991697609425
83123,0.998606979847
83124,0.998483419418
83125,0.99838078022
83126,0.99793946743
83127,0.998276054859
83128,0.993551790714
83129,0.998145222664
83130,0.998406648636
83131,0.994908452034
83132,0.998302519321
83133,0.99793946743
83134,0.956737041473
83135,0.995311737061
83136,0.997685015202
83137,0.998406648636
83138,0.99848139286
83139,0.998606979847
83140,0.991653442383
83141,0.99271351099
83142,0.998153328896
83143,0.997860193253
83144,0.983863532543
83145,0.998606979847
83146,0.98745071888
83147,0.905987381935
83148,0.998483419418
83149,0.998483419418
83150,0.99838078022
83151,0.978628873825
83152,0.998606979847
83153,0.99820047617
83154,0.998606979847
83155,0.998058021069
83156,0.988592088223
83157,0.995782911777
83158,0.980018854141
83159,0.994071185589
83160,0.996034264565
83161,0.995044231415
83162,0.998606979847
83163,0.996956944466
83164,0.996842384338
83165,0.994462072849
83166,0.996842384338
83167,0.995243728161
83168,0.942399859428
83169,0.998606979847
83170,0.97890150547
83171,0.998407959938
83172,0.998606979847
83173,0.998606979847
83174,0.992972314358
83175,0.982278883457
83176,0.998606979847
83177,0.97494751215
83178,0.998606979847
83179,0.997558534145
83180,0.998606979847
83181,0.998606979847
83182,0.998606979847
83183,0.998606979847
83184,0.996027112007
83185,0.995858848095
83186,0.992225527763
83187,0.997473359108
83188,0.973686039448
83189,0.99087870121
83190,0.994468450546
83191,0.998606979847
83192,0.998606979847
83193,0.998606979847
83194,0.998302519321
83195,0.995267987251
83196,0.99403578043
83197,0.994841814041
83198,0.995748877525
83199,0.997558534145
83200,0.950615823269
83201,0.998606979847
83202,0.990820527077
83203,0.989875435829
83204,0.998407959938
83205,0.995727837086
83206,0.998079001904
83207,0.998606979847
83208,0.992429196835
83209,0.998407959938
83210,0.99793946743
83211,0.974532961845
83212,0.998606979847
83213,0.992469131947
83214,0.998407959938
83215,0.998606979847
83216,0.993826210499
83217,0.993485808372
83218,0.84043431282
83219,0.994841814041
83220,0.99079144001
83221,0.996116995811
83222,0.993981301785
83223,0.996353328228
83224,0.991586744785
83225,0.996607661247
83226,0.998606979847
83227,0.996146798134
83228,0.983946382999
83229,0.998184978962
83230,0.998606979847
83231,0.99509447813
83232,0.998153328896
83233,0.998606979847
83234,0.998606979847
83235,0.998606979847
83236,0.998368620872
83237,0.987992346287
83238,0.756529808044
83239,0.995472192764
83240,0.998606979847
83241,0.998606979847
83242,0.998406648636
83243,0.99848139286
83244,0.996586322784
83245,0.998606979847
83246,0.990875482559
83247,0.998606979847
83248,0.952658593655
83249,0.996977567673
83250,0.99155497551
83251,0.997485339642
83252,0.993108808994
83253,0.99838078022
83254,0.99793946743
83255,0.998606979847
83256,0.988275647163
83257,0.993722617626
83258,0.997089266777
83259,0.998184978962
83260,0.99793946743
83261,0.998606979847
83262,0.998606979847
83263,0.998276054859
83264,0.998606979847
83265,0.965436995029
83266,0.998606979847
83267,0.992719650269
83268,0.994758427143
83269,0.992963671684
83270,0.998606979847
83271,0.99801248312
83272,0.998606979847
83273,0.996390998363
83274,0.998368620872
83275,0.997597873211
83276,0.998606979847
83277,0.998155415058
83278,0.998134315014
83279,0.998606979847
83280,0.99838078022
83281,0.989153325558
83282,0.997346937656
83283,0.993012547493
83284,0.994758427143
83285,0.998364388943
83286,0.99848139286
83287,0.995658397675
83288,0.997597813606
83289,0.998606979847
83290,0.998054504395
83291,0.992389976978
83292,0.998606979847
83293,0.996027112007
83294,0.998606979847
83295,0.998483419418
83296,0.995879232883
83297,0.993255913258
83298,0.998606979847
83299,0.991879403591
83300,0.992050349712
83301,0.998606979847
83302,0.998606979847
83303,0.998606979847
83304,0.988258063793
83305,0.961139857769
83306,0.996309936047
83307,0.965963184834
83308,0.998606979847
83309,0.998184978962
83310,0.945121407509
83311,0.983598053455
83312,0.998483419418
83313,0.991218209267
83314,0.998181462288
83315,0.99792098999
83316,0.992947757244
83317,0.989383161068
83318,0.998260438442
83319,0.973810374737
83320,0.985514998436
83321,0.983163952827
83322,0.935751795769
83323,0.998606979847
83324,0.998483419418
83325,0.998368620872
83326,0.998606979847
83327,0.994841814041
83328,0.998606979847
83329,0.993826210499
83330,0.998260438442
83331,0.993375957012
83332,0.895002186298
83333,0.993826210499
83334,0.998606979847
83335,0.998606979847
83336,0.99848139286
83337,0.994940757751
83338,0.998012661934
83339,0.994457006454
83340,0.994841814041
83341,0.998606979847
83342,0.997784733772
83343,0.99848139286
83344,0.997430801392
83345,0.98874360323
83346,0.998606979847
83347,0.997783958912
83348,0.98762357235
83349,0.998081326485
83350,0.994040966034
83351,0.998406648636
83352,0.998406648636
83353,0.995394945145
83354,0.998606979847
83355,0.998606979847
83356,0.983001828194
83357,0.99848139286
83358,0.998606979847
83359,0.99793946743
83360,0.998368620872
83361,0.998302519321
83362,0.99848139286
83363,0.997114419937
83364,0.998606979847
83365,0.99848139286
83366,0.99793946743
83367,0.993558943272
83368,0.99263459444
83369,0.998606979847
83370,0.967609703541
83371,0.997783958912
83372,0.99848139286
83373,0.996842384338
83374,0.99644446373
83375,0.996353328228
83376,0.998606979847
83377,0.99838078022
83378,0.996390998363
83379,0.99234610796
83380,0.997778773308
83381,0.987867891788
83382,0.998606979847
83383,0.998606979847
83384,0.998606979847
83385,0.998606979847
83386,0.995458126068
83387,0.994262695312
83388,0.998606979847
83389,0.981788098812
83390,0.994462072849
83391,0.997615814209
83392,0.998081743717
83393,0.996222734451
83394,0.894566059113
83395,0.998606979847
83396,0.998064756393
83397,0.99359691143
83398,0.998200654984
83399,0.991267740726
83400,0.998606979847
83401,0.99724894762
83402,0.998606979847
83403,0.995849609375
83404,0.998606979847
83405,0.998606979847
83406,0.994498252869
83407,0.973458111286
83408,0.99848139286
83409,0.988116204739
83410,0.99359691143
83411,0.998606979847
83412,0.998064756393
83413,0.99701744318
83414,0.985440433025
83415,0.99848139286
83416,0.991871297359
83417,0.982779502869
83418,0.998181462288
83419,0.995879232883
83420,0.993489563465
83421,0.998606979847
83422,0.998606979847
83423,0.995443105698
83424,0.997658252716
83425,0.998606979847
83426,0.998606979847
83427,0.995717763901
83428,0.998606979847
83429,0.972689449787
83430,0.998606979847
83431,0.998606979847
83432,0.990510165691
83433,0.998276054859
83434,0.998606979847
83435,0.980257749557
83436,0.996027112007
83437,0.99848139286
83438,0.994970262051
83439,0.998606979847
83440,0.993255913258
83441,0.998606979847
83442,0.99848139286
83443,0.990081071854
83444,0.997533380985
83445,0.99156409502
83446,0.998155415058
83447,0.998200654984
83448,0.993069529533
83449,0.998606979847
83450,0.998606979847
83451,0.962704181671
83452,0.998606979847
83453,0.99804186821
83454,0.993285596371
83455,0.998241424561
83456,0.998200654984
83457,0.998606979847
83458,0.997464060783
83459,0.99076706171
83460,0.995472192764
83461,0.99848139286
83462,0.995910406113
83463,0.992393434048
83464,0.925463199615
83465,0.99848139286
83466,0.990728437901
83467,0.988713085651
83468,0.998606979847
83469,0.997114419937
83470,0.99793946743
83471,0.99416744709
83472,0.998606979847
83473,0.997866868973
83474,0.998606979847
83475,0.998606979847
83476,0.998102426529
83477,0.989658951759
83478,0.998606979847
83479,0.998483419418
83480,0.994841814041
83481,0.998606979847
83482,0.99848139286
83483,0.997486829758
83484,0.998606979847
83485,0.993781507015
83486,0.99259531498
83487,0.984354913235
83488,0.998606979847
83489,0.995517611504
83490,0.996411442757
83491,0.99345344305
83492,0.998606979847
83493,0.949486374855
83494,0.998606979847
83495,0.996309936047
83496,0.992947757244
83497,0.875881493092
83498,0.997924268246
83499,0.988985657692
83500,0.998407959938
83501,0.959456980228
83502,0.99838078022
83503,0.998155415058
83504,0.996667027473
83505,0.998606979847
83506,0.998606979847
83507,0.998200654984
83508,0.994758427143
83509,0.99848139286
83510,0.996573746204
83511,0.99848139286
83512,0.998606979847
83513,0.991133153439
83514,0.998200654984
83515,0.997828781605
83516,0.998606979847
83517,0.990463018417
83518,0.991285979748
83519,0.991004824638
83520,0.99848139286
83521,0.992546677589
83522,0.998406648636
83523,0.997828781605
83524,0.998606979847
83525,0.964185059071
83526,0.998606979847
83527,0.985784888268
83528,0.993048906326
83529,0.998220264912
83530,0.998606979847
83531,0.996842384338
83532,0.997855246067
83533,0.993229389191
83534,0.998407959938
83535,0.995901405811
83536,0.993650555611
83537,0.996573746204
83538,0.998606979847
83539,0.981684267521
83540,0.99848139286
83541,0.998606979847
83542,0.997997522354
83543,0.99848139286
83544,0.998235344887
83545,0.984375
83546,0.998606979847
83547,0.988032400608
83548,0.998606979847
83549,0.997828781605
83550,0.993826210499
83551,0.995897114277
83552,0.998606979847
83553,0.991452395916
83554,0.987789034843
83555,0.96680855751
83556,0.995401382446
83557,0.99644446373
83558,0.998406648636
83559,0.938752472401
83560,0.998364388943
83561,0.998606979847
83562,0.998028457165
83563,0.894870817661
83564,0.993485808372
83565,0.998606979847
83566,0.991221010685
83567,0.997791826725
83568,0.989872455597
83569,0.993136286736
83570,0.994771242142
83571,0.998606979847
83572,0.997926533222
83573,0.99793946743
83574,0.996984064579
83575,0.99793946743
83576,0.987290322781
83577,0.992829561234
83578,0.997685015202
83579,0.99459451437
83580,0.992947757244
83581,0.998606979847
83582,0.991972327232
83583,0.998368620872
83584,0.996842384338
83585,0.99848139286
83586,0.995922982693
83587,0.998606979847
83588,0.990272879601
83589,0.981495976448
83590,0.998407959938
83591,0.94381326437
83592,0.996603786945
83593,0.996458351612
83594,0.996116995811
83595,0.998606979847
83596,0.993214666843
83597,0.991144180298
83598,0.998606979847
83599,0.998606979847
83600,0.983539700508
83601,0.998606979847
83602,0.991640627384
83603,0.998200654984
83604,0.997866868973
83605,0.970976531506
83606,0.991452395916
83607,0.996848404408
83608,0.997525453568
83609,0.996551156044
83610,0.998606979847
83611,0.993020355701
83612,0.998273909092
83613,0.998606979847
83614,0.998606979847
83615,0.99471026659
83616,0.96596288681
83617,0.99793946743
83618,0.979011178017
83619,0.995464742184
83620,0.923401594162
83621,0.998606979847
83622,0.998606979847
83623,0.996842384338
83624,0.993674576283
83625,0.998606979847
83626,0.998406648636
83627,0.998260438442
83628,0.994841814041
83629,0.998606979847
83630,0.998606979847
83631,0.99848139286
83632,0.997446119785
83633,0.992875635624
83634,0.985173583031
83635,0.990610361099
83636,0.992829561234
83637,0.99308270216
83638,0.988838076591
83639,0.998145222664
83640,0.998606979847
83641,0.998302519321
83642,0.998606979847
83643,0.998606979847
83644,0.945495247841
83645,0.998407959938
83646,0.998606979847
83647,0.997828781605
83648,0.998606979847
83649,0.998606979847
83650,0.998606979847
83651,0.998606979847
83652,0.994398593903
83653,0.998606979847
83654,0.998606979847
83655,0.998483419418
83656,0.998606979847
83657,0.998606979847
83658,0.926684141159
83659,0.993202030659
83660,0.998606979847
83661,0.993048906326
83662,0.998606979847
83663,0.898343384266
83664,0.998606979847
83665,0.998606979847
83666,0.993945300579
83667,0.998606979847
83668,0.993700504303
83669,0.998606979847
83670,0.996583282948
83671,0.992426753044
83672,0.996027112007
83673,0.991670906544
83674,0.998606979847
83675,0.998145222664
83676,0.936109483242
83677,0.975957393646
83678,0.969814777374
83679,0.998606979847
83680,0.998606979847
83681,0.687666416168
83682,0.998200654984
83683,0.998606979847
83684,0.997783362865
83685,0.990639388561
83686,0.998606979847
83687,0.994300663471
83688,0.99752175808
83689,0.998606979847
83690,0.994813799858
83691,0.994701504707
83692,0.997713565826
83693,0.998406648636
83694,0.998309850693
83695,0.992883503437
83696,0.99613493681
83697,0.998129248619
83698,0.998081982136
83699,0.990479052067
83700,0.965300321579
83701,0.993126213551
83702,0.998606979847
83703,0.976820707321
83704,0.99838078022
83705,0.993722617626
83706,0.992947757244
83707,0.970964610577
83708,0.998606979847
83709,0.934136927128
83710,0.998606979847
83711,0.990546107292
83712,0.998606979847
83713,0.998324692249
83714,0.998606979847
83715,0.993659257889
83716,0.998406648636
83717,0.998606979847
83718,0.993347346783
83719,0.997196853161
83720,0.986513197422
83721,0.990420520306
83722,0.996842384338
83723,0.993048906326
83724,0.998606979847
83725,0.998081743717
83726,0.989991307259
83727,0.985447943211
83728,0.994311511517
83729,0.998155415058
83730,0.993603289127
83731,0.934928059578
83732,0.998606979847
83733,0.993335306644
83734,0.993036985397
83735,0.998407959938
83736,0.998178064823
83737,0.99848139286
83738,0.95846760273
83739,0.985405743122
83740,0.98166936636
83741,0.997900903225
83742,0.998606979847
83743,0.992549538612
83744,0.9974411726
83745,0.99793946743
83746,0.993158996105
83747,0.998364388943
83748,0.99838078022
83749,0.993285596371
83750,0.998406648636
83751,0.998606979847
83752,0.996027112007
83753,0.99804186821
83754,0.99848139286
83755,0.998406648636
83756,0.992883503437
83757,0.997900903225
83758,0.99848139286
83759,0.992716789246
83760,0.998606979847
83761,0.99848139286
83762,0.988418996334
83763,0.992118775845
83764,0.998606979847
83765,0.998260438442
83766,0.998054504395
83767,0.998302519321
83768,0.98902451992
83769,0.996411442757
83770,0.949010908604
83771,0.991849601269
83772,0.997574031353
83773,0.998113453388
83774,0.995879232883
83775,0.998406648636
83776,0.982920527458
83777,0.986522436142
83778,0.971478641033
83779,0.990210235119
83780,0.998606979847
83781,0.99793946743
83782,0.995687842369
83783,0.99848139286
83784,0.9757630229
83785,0.9974411726
83786,0.996842384338
83787,0.998606979847
83788,0.991377830505
83789,0.997783958912
83790,0.998606979847
83791,0.987395524979
83792,0.998407959938
83793,0.998606979847
83794,0.998606979847
83795,0.995394945145
83796,0.997889041901
83797,0.994126856327
83798,0.998606979847
83799,0.974884748459
83800,0.998606979847
83801,0.995879232883
83802,0.995401382446
83803,0.996146798134
83804,0.989291846752
83805,0.998094499111
83806,0.998153328896
83807,0.998090028763
83808,0.99848139286
83809,0.99820369482
83810,0.996842384338
83811,0.971321940422
83812,0.998606979847
83813,0.944178342819
83814,0.995243728161
83815,0.998606979847
83816,0.998606979847
83817,0.99848139286
83818,0.99644446373
83819,0.908266425133
83820,0.998606979847
83821,0.99829441309
83822,0.998406648636
83823,0.998606979847
83824,0.998368620872
83825,0.992829561234
83826,0.985497951508
83827,0.997988402843
83828,0.998606979847
83829,0.993087887764
83830,0.998606979847
83831,0.998606979847
83832,0.997903585434
83833,0.99838078022
83834,0.99848139286
83835,0.972921252251
83836,0.993952155113
83837,0.994258463383
83838,0.981752574444
83839,0.99829441309
83840,0.996842384338
83841,0.993945300579
83842,0.993058681488
83843,0.998406648636
83844,0.968224465847
83845,0.991762518883
83846,0.998081326485
83847,0.994143724442
83848,0.998606979847
83849,0.998606979847
83850,0.998606979847
83851,0.99848139286
83852,0.998190522194
83853,0.998606979847
83854,0.998606979847
83855,0.996414005756
83856,0.998606979847
83857,0.994680047035
83858,0.997828781605
83859,0.996411442757
83860,0.995571017265
83861,0.998606979847
83862,0.997642397881
83863,0.997889041901
83864,0.99848139286
83865,0.99820047617
83866,0.998606979847
83867,0.998606979847
83868,0.998276054859
83869,0.998368620872
83870,0.98365676403
83871,0.997146427631
83872,0.99793946743
83873,0.993826210499
83874,0.988176882267
83875,0.992520272732
83876,0.994326114655
83877,0.991144537926
83878,0.998606979847
83879,0.998606979847
83880,0.995516598225
83881,0.998483419418
83882,0.994300663471
83883,0.926718473434
83884,0.998368620872
83885,0.944414198399
83886,0.99838078022
83887,0.997961580753
83888,0.997621715069
83889,0.998606979847
83890,0.990675568581
83891,0.995595812798
83892,0.99793946743
83893,0.99848139286
83894,0.99793946743
83895,0.998428761959
83896,0.99848139286
83897,0.998428761959
83898,0.997988402843
83899,0.99848139286
83900,0.998276054859
83901,0.996840715408
83902,0.998606979847
83903,0.998606979847
83904,0.998112678528
83905,0.998094499111
83906,0.998606979847
83907,0.998407959938
83908,0.946767508984
83909,0.99838078022
83910,0.998606979847
83911,0.998406648636
83912,0.992740154266
83913,0.955588400364
83914,0.998606979847
83915,0.996028184891
83916,0.998606979847
83917,0.959380745888
83918,0.97907269001
83919,0.998260438442
83920,0.998235344887
83921,0.981169402599
83922,0.996163904667
83923,0.991860508919
83924,0.838405013084
83925,0.996414005756
83926,0.987040817738
83927,0.994627535343
83928,0.99848139286
83929,0.998606979847
83930,0.995719432831
83931,0.997320652008
83932,0.994565606117
83933,0.998606979847
83934,0.998606979847
83935,0.997783958912
83936,0.992288827896
83937,0.995879232883
83938,0.998606979847
83939,0.998483419418
83940,0.991025626659
83941,0.978746414185
83942,0.998606979847
83943,0.995609223843
83944,0.998145222664
83945,0.996072053909
83946,0.998428761959
83947,0.995464742184
83948,0.99848139286
83949,0.922297000885
83950,0.998181462288
83951,0.987651348114
83952,0.99076706171
83953,0.99848139286
83954,0.990909874439
83955,0.997743785381
83956,0.998606979847
83957,0.992719531059
83958,0.998606979847
83959,0.995117902756
83960,0.996795237064
83961,0.997679948807
83962,0.997571587563
83963,0.99838078022
83964,0.998606979847
83965,0.998606979847
83966,0.998606979847
83967,0.998606979847
83968,0.99848139286
83969,0.997771561146
83970,0.990172147751
83971,0.993873894215
83972,0.998606979847
83973,0.99820047617
83974,0.998200654984
83975,0.969741880894
83976,0.997828781605
83977,0.998483419418
83978,0.998606979847
83979,0.997533380985
83980,0.989284574986
83981,0.996027112007
83982,0.850468397141
83983,0.998606979847
83984,0.996334016323
83985,0.997222423553
83986,0.998368620872
83987,0.998606979847
83988,0.998406648636
83989,0.998606979847
83990,0.99848139286
83991,0.993505895138
83992,0.986571013927
83993,0.984387814999
83994,0.998220264912
83995,0.99359691143
83996,0.99848139286
83997,0.992829561234
83998,0.992921948433
83999,0.997903585434
84000,0.998483419418
84001,0.998606979847
84002,0.998013615608
84003,0.997745871544
84004,0.995488643646
84005,0.997679948807
84006,0.929037511349
84007,0.998606979847
84008,0.998155236244
84009,0.998483419418
84010,0.99848139286
84011,0.997121989727
84012,0.998190522194
84013,0.998406648636
84014,0.91611623764
84015,0.998606979847
84016,0.981773614883
84017,0.99848139286
84018,0.994462072849
84019,0.998606979847
84020,0.998302519321
84021,0.998013615608
84022,0.99434119463
84023,0.998606979847
84024,0.998260438442
84025,0.955463349819
84026,0.998112678528
84027,0.997664451599
84028,0.894837856293
84029,0.989932239056
84030,0.983420550823
84031,0.961125254631
84032,0.99848139286
84033,0.993847370148
84034,0.98678445816
84035,0.998606979847
84036,0.994841814041
84037,0.988491356373
84038,0.998606979847
84039,0.990123987198
84040,0.99782294035
84041,0.990075409412
84042,0.884271621704
84043,0.965201199055
84044,0.991934776306
84045,0.998483419418
84046,0.991152226925
84047,0.963269293308
84048,0.961493909359
84049,0.997685015202
84050,0.998606979847
84051,0.998368620872
84052,0.9909953475
84053,0.993489563465
84054,0.993826210499
84055,0.990918040276
84056,0.959486067295
84057,0.998235344887
84058,0.991992235184
84059,0.98647993803
84060,0.997783958912
84061,0.997592926025
84062,0.987867891788
84063,0.998200654984
84064,0.998606979847
84065,0.998606979847
84066,0.998406648636
84067,0.998606979847
84068,0.998606979847
84069,0.993301331997
84070,0.993722617626
84071,0.990176737309
84072,0.993826210499
84073,0.986359655857
84074,0.998260438442
84075,0.99848139286
84076,0.998606979847
84077,0.998483419418
84078,0.997511327267
84079,0.992389976978
84080,0.993082523346
84081,0.998022854328
84082,0.99838078022
84083,0.998483419418
84084,0.99848139286
84085,0.998606979847
84086,0.99848139286
84087,0.985750436783
84088,0.998606979847
84089,0.991780042648
84090,0.994326114655
84091,0.997828781605
84092,0.997804522514
84093,0.997953295708
84094,0.99848139286
84095,0.990462839603
84096,0.994040966034
84097,0.998606979847
84098,0.998606979847
84099,0.796499609947
84100,0.998606979847
84101,0.998606979847
84102,0.99838078022
84103,0.998406648636
84104,0.993048906326
84105,0.995520114899
84106,0.996309936047
84107,0.997475922108
84108,0.886056661606
84109,0.990629673004
84110,0.998606979847
84111,0.997858762741
84112,0.99848139286
84113,0.986741960049
84114,0.998606979847
84115,0.998606979847
84116,0.998606979847
84117,0.997481524944
84118,0.99633949995
84119,0.984662592411
84120,0.99232250452
84121,0.992814958096
84122,0.998606979847
84123,0.993542611599
84124,0.99838078022
84125,0.997866868973
84126,0.992393434048
84127,0.998013615608
84128,0.862900853157
84129,0.984993636608
84130,0.99848139286
84131,0.992773473263
84132,0.998227238655
84133,0.998145222664
84134,0.994525492191
84135,0.998606979847
84136,0.998606979847
84137,0.998260438442
84138,0.99848139286
84139,0.998181462288
84140,0.992990016937
84141,0.99848139286
84142,0.996842384338
84143,0.989578545094
84144,0.997486829758
84145,0.997866868973
84146,0.998081326485
84147,0.998406648636
84148,0.998220264912
84149,0.997769594193
84150,0.972550272942
84151,0.998227238655
84152,0.993722617626
84153,0.98919904232
84154,0.998022854328
84155,0.997309565544
84156,0.998483419418
84157,0.99848139286
84158,0.966667354107
84159,0.996544718742
84160,0.998200654984
84161,0.992342591286
84162,0.992716789246
84163,0.998606979847
84164,0.99848139286
84165,0.988261759281
84166,0.998153328896
84167,0.99793946743
84168,0.998022079468
84169,0.998606979847
84170,0.994542181492
84171,0.998260438442
84172,0.998606979847
84173,0.99574804306
84174,0.993826210499
84175,0.998606979847
84176,0.985590994358
84177,0.995321452618
84178,0.995817005634
84179,0.998220264912
84180,0.998606979847
84181,0.983607292175
84182,0.99000620842
84183,0.998606979847
84184,0.998606979847
84185,0.998406648636
84186,0.998606979847
84187,0.996201694012
84188,0.98515945673
84189,0.995188713074
84190,0.99848139286
84191,0.998606979847
84192,0.998113453388
84193,0.998606979847
84194,0.98698246479
84195,0.99848139286
84196,0.996390998363
84197,0.9949888587
84198,0.969632863998
84199,0.998606979847
84200,0.998127579689
84201,0.99403578043
84202,0.995709359646
84203,0.998606979847
84204,0.99848139286
84205,0.998606979847
84206,0.996027112007
84207,0.998094499111
84208,0.874436795712
84209,0.994907796383
84210,0.997640252113
84211,0.997636258602
84212,0.991182327271
84213,0.998606979847
84214,0.98698246479
84215,0.998606979847
84216,0.957390725613
84217,0.997989296913
84218,0.998483419418
84219,0.998606979847
84220,0.969435751438
84221,0.996027112007
84222,0.991799712181
84223,0.99644446373
84224,0.998200654984
84225,0.998606979847
84226,0.994438052177
84227,0.992417395115
84228,0.996586322784
84229,0.998606979847
84230,0.998606979847
84231,0.998368620872
84232,0.988363385201
84233,0.993408441544
84234,0.991143465042
84235,0.992947757244
84236,0.991355717182
84237,0.989483714104
84238,0.867142736912
84239,0.997258484364
84240,0.977326154709
84241,0.956319391727
84242,0.998606979847
84243,0.998606979847
84244,0.995620787144
84245,0.998606979847
84246,0.991156458855
84247,0.94526052475
84248,0.998153328896
84249,0.997571706772
84250,0.997464060783
84251,0.998483419418
84252,0.994103848934
84253,0.994758427143
84254,0.998118519783
84255,0.991418480873
84256,0.998352825642
84257,0.998606979847
84258,0.994747042656
84259,0.998606979847
84260,0.983280956745
84261,0.927424073219
84262,0.99848139286
84263,0.991959631443
84264,0.998406648636
84265,0.998606979847
84266,0.997960448265
84267,0.991061210632
84268,0.967006087303
84269,0.987791121006
84270,0.998606979847
84271,0.99838078022
84272,0.994181513786
84273,0.993665218353
84274,0.998606979847
84275,0.998606979847
84276,0.997685015202
84277,0.994572103024
84278,0.998113453388
84279,0.990820527077
84280,0.975153565407
84281,0.991413116455
84282,0.99259608984
84283,0.988048195839
84284,0.963193178177
84285,0.973205864429
84286,0.998606979847
84287,0.998428761959
84288,0.99838078022
84289,0.915931940079
84290,0.987036049366
84291,0.998606979847
84292,0.996735036373
84293,0.99232250452
84294,0.992636024952
84295,0.998606979847
84296,0.997246146202
84297,0.996533155441
84298,0.991934776306
84299,0.997311890125
84300,0.98834425211
84301,0.997266829014
84302,0.998606979847
84303,0.997723698616
84304,0.977690815926
84305,0.9781203866
84306,0.997118115425
84307,0.995782911777
84308,0.99838078022
84309,0.944397270679
84310,0.998483419418
84311,0.998606979847
84312,0.993945300579
84313,0.995527982712
84314,0.991534054279
84315,0.994105756283
84316,0.99793946743
84317,0.998483419418
84318,0.996586322784
84319,0.99168497324
84320,0.998028457165
84321,0.994366526604
84322,0.99614328146
84323,0.996390998363
84324,0.998606979847
84325,0.998606979847
84326,0.996842384338
84327,0.99838078022
84328,0.998606979847
84329,0.998606979847
84330,0.998368620872
84331,0.99793946743
84332,0.992272436619
84333,0.998606979847
84334,0.998483419418
84335,0.829716324806
84336,0.998406648636
84337,0.997783362865
84338,0.99848139286
84339,0.998606979847
84340,0.998606979847
84341,0.998184978962
84342,0.975033581257
84343,0.998153328896
84344,0.99820047617
84345,0.995883405209
84346,0.998483419418
84347,0.98672914505
84348,0.996034264565
84349,0.998406648636
84350,0.933754086494
84351,0.99232250452
84352,0.99838078022
84353,0.998302519321
84354,0.997745871544
84355,0.998406648636
84356,0.998606979847
84357,0.991152226925
84358,0.996958851814
84359,0.998606979847
84360,0.993659436703
84361,0.998606979847
84362,0.99848139286
84363,0.993287026882
84364,0.99848139286
84365,0.998606979847
84366,0.998406648636
84367,0.998606979847
84368,0.993873357773
84369,0.99838078022
84370,0.998200654984
84371,0.998406648636
84372,0.996583402157
84373,0.996635615826
84374,0.96665674448
84375,0.996842384338
84376,0.997713804245
84377,0.998013615608
84378,0.9918358922
84379,0.990399479866
84380,0.979474365711
84381,0.991422832012
84382,0.99848139286
84383,0.99848139286
84384,0.99838078022
84385,0.998606979847
84386,0.998220264912
84387,0.998606979847
84388,0.998606979847
84389,0.979585886002
84390,0.99848139286
84391,0.996902048588
84392,0.992157101631
84393,0.766619324684
84394,0.922558426857
84395,0.993914842606
84396,0.995044231415
84397,0.994017362595
84398,0.99793946743
84399,0.998606979847
84400,0.997889041901
84401,0.923482000828
84402,0.99848139286
84403,0.992644250393
84404,0.983616471291
84405,0.991289615631
84406,0.99554425478
84407,0.983190774918
84408,0.993156135082
84409,0.99848139286
84410,0.99316906929
84411,0.993722617626
84412,0.993914842606
84413,0.997433483601
84414,0.998606979847
84415,0.997568666935
84416,0.990172147751
84417,0.997685015202
84418,0.998428761959
84419,0.992802858353
84420,0.99820047617
84421,0.99228233099
84422,0.98802369833
84423,0.99782294035
84424,0.998606979847
84425,0.991565227509
84426,0.99838078022
84427,0.997900903225
84428,0.995128631592
84429,0.991143465042
84430,0.998406648636
84431,0.998606979847
84432,0.998260438442
84433,0.993914842606
84434,0.998606979847
84435,0.998181462288
84436,0.962066352367
84437,0.998155415058
84438,0.99838078022
84439,0.995216012001
84440,0.997464060783
84441,0.989388525486
84442,0.992109954357
84443,0.998127579689
84444,0.998260438442
84445,0.998406648636
84446,0.99848139286
84447,0.99848139286
84448,0.998606979847
84449,0.998606979847
84450,0.996190726757
84451,0.998606979847
84452,0.998606979847
84453,0.998606979847
84454,0.998276054859
84455,0.992160916328
84456,0.995620787144
84457,0.961483061314
84458,0.997713565826
84459,0.998276054859
84460,0.996146798134
84461,0.996603786945
84462,0.998606979847
84463,0.997558534145
84464,0.998606979847
84465,0.997937142849
84466,0.994080424309
84467,0.998406648636
84468,0.996603786945
84469,0.998406648636
84470,0.998260438442
84471,0.998406648636
84472,0.991782307625
84473,0.995456337929
84474,0.998606979847
84475,0.998606979847
84476,0.996612906456
84477,0.99848139286
84478,0.996034264565
84479,0.993512034416
84480,0.998606979847
84481,0.98489266634
84482,0.998606979847
84483,0.993952155113
84484,0.996411442757
84485,0.931555986404
84486,0.998155415058
84487,0.997486829758
84488,0.984999120235
84489,0.997783958912
84490,0.998606979847
84491,0.99848139286
84492,0.998606979847
84493,0.997615814209
84494,0.998606979847
84495,0.995091199875
84496,0.994930326939
84497,0.994103848934
84498,0.998324692249
84499,0.998606979847
84500,0.99770206213
84501,0.998407959938
84502,0.997866868973
84503,0.997346937656
84504,0.998606979847
84505,0.998406648636
84506,0.995674490929
84507,0.98589849472
84508,0.992529809475
84509,0.998005568981
84510,0.974340975285
84511,0.998606979847
84512,0.992331385612
84513,0.960690319538
84514,0.971887767315
84515,0.943109810352
84516,0.99848139286
84517,0.995568275452
84518,0.990351080894
84519,0.998352825642
84520,0.998260438442
84521,0.997537434101
84522,0.998483419418
84523,0.998013615608
84524,0.960036635399
84525,0.987554430962
84526,0.998145222664
84527,0.981682360172
84528,0.996842384338
84529,0.997926533222
84530,0.994650840759
84531,0.998606979847
84532,0.99848139286
84533,0.99848139286
84534,0.995897114277
84535,0.99820047617
84536,0.993826210499
84537,0.996842384338
84538,0.998606979847
84539,0.993064284325
84540,0.99848139286
84541,0.998606979847
84542,0.973777294159
84543,0.993156135082
84544,0.992875635624
84545,0.99793946743
84546,0.97343814373
84547,0.99848139286
84548,0.992603242397
84549,0.998606979847
84550,0.998606979847
84551,0.998606979847
84552,0.998407959938
84553,0.998606979847
84554,0.994271993637
84555,0.991492688656
84556,0.998606979847
84557,0.986998140812
84558,0.998324692249
84559,0.996842384338
84560,0.986726820469
84561,0.998302519321
84562,0.998606979847
84563,0.963747799397
84564,0.997788965702
84565,0.998606979847
84566,0.991799712181
84567,0.998302519321
84568,0.994376420975
84569,0.99263459444
84570,0.998606979847
84571,0.998406648636
84572,0.988842248917
84573,0.998606979847
84574,0.992130875587
84575,0.994840085506
84576,0.998606979847
84577,0.993516623974
84578,0.993914842606
84579,0.998606979847
84580,0.997160553932
84581,0.998357594013
84582,0.99848139286
84583,0.99848139286
84584,0.998606979847
84585,0.988277375698
84586,0.998302519321
84587,0.98723334074
84588,0.997685015202
84589,0.992050349712
84590,0.998273909092
84591,0.995897114277
84592,0.99848139286
84593,0.998406648636
84594,0.998260438442
84595,0.989847004414
84596,0.998428761959
84597,0.995216012001
84598,0.90182518959
84599,0.99793946743
84600,0.992897689342
84601,0.979656517506
84602,0.985415577888
84603,0.998606979847
84604,0.998606979847
84605,0.99263459444
84606,0.992097973824
84607,0.975953578949
84608,0.993826210499
84609,0.993255794048
84610,0.974687933922
84611,0.996334016323
84612,0.998407959938
84613,0.99813079834
84614,0.993914842606
84615,0.998406648636
84616,0.99838078022
84617,0.993952155113
84618,0.996062338352
84619,0.998606979847
84620,0.992372989655
84621,0.995518863201
84622,0.998127579689
84623,0.995257675648
84624,0.99848139286
84625,0.992947757244
84626,0.998606979847
84627,0.99793946743
84628,0.981417417526
84629,0.995782911777
84630,0.937531530857
84631,0.998606979847
84632,0.99194663763
84633,0.998606979847
84634,0.996353328228
84635,0.998606979847
84636,0.992829561234
84637,0.99544864893
84638,0.964914381504
84639,0.998606979847
84640,0.998606979847
84641,0.997464060783
84642,0.992231547832
84643,0.92362844944
84644,0.998181462288
84645,0.997988402843
84646,0.998606979847
84647,0.992971420288
84648,0.998483419418
84649,0.993914842606
84650,0.998606979847
84651,0.995922982693
84652,0.997615814209
84653,0.998407959938
84654,0.998406648636
84655,0.998606979847
84656,0.994841814041
84657,0.993603289127
84658,0.997575700283
84659,0.998407959938
84660,0.998606979847
84661,0.998181462288
84662,0.998407959938
84663,0.998407959938
84664,0.997791826725
84665,0.990705966949
84666,0.99829441309
84667,0.992261469364
84668,0.997224986553
84669,0.983991026878
84670,0.99793946743
84671,0.998606979847
84672,0.980736672878
84673,0.998606979847
84674,0.995803833008
84675,0.991419970989
84676,0.998428761959
84677,0.997225165367
84678,0.99079144001
84679,0.998606979847
84680,0.998406648636
84681,0.998606979847
84682,0.99848139286
84683,0.997592926025
84684,0.99793946743
84685,0.997858762741
84686,0.997486829758
84687,0.962093114853
84688,0.99838078022
84689,0.998074531555
84690,0.991865634918
84691,0.99793946743
84692,0.994293510914
84693,0.993362247944
84694,0.998406648636
84695,0.998606979847
84696,0.997734487057
84697,0.998606979847
84698,0.987751364708
84699,0.998153328896
84700,0.996007800102
84701,0.997114419937
84702,0.992400109768
84703,0.996842384338
84704,0.962045252323
84705,0.998406648636
84706,0.995010972023
84707,0.998147547245
84708,0.99848139286
84709,0.989163935184
84710,0.936742782593
84711,0.998606979847
84712,0.998606979847
84713,0.998606979847
84714,0.998606979847
84715,0.998483419418
84716,0.99848139286
84717,0.997783958912
84718,0.992399513721
84719,0.993272960186
84720,0.998606979847
84721,0.998606979847
84722,0.989773511887
84723,0.989847719669
84724,0.997568666935
84725,0.998145222664
84726,0.990261733532
84727,0.9943972826
84728,0.998406648636
84729,0.998276054859
84730,0.995044291019
84731,0.996027112007
84732,0.998155415058
84733,0.99848139286
84734,0.996842384338
84735,0.996842384338
84736,0.656558096409
84737,0.993826210499
84738,0.998606979847
84739,0.998606979847
84740,0.99838078022
84741,0.99838078022
84742,0.993915557861
84743,0.992614209652
84744,0.998606979847
84745,0.990728974342
84746,0.993048906326
84747,0.99495279789
84748,0.998606979847
84749,0.992050349712
84750,0.985397219658
84751,0.998112678528
84752,0.994847416878
84753,0.997700989246
84754,0.99848139286
84755,0.998606979847
84756,0.981498241425
84757,0.998102426529
84758,0.992829561234
84759,0.991670906544
84760,0.990016222
84761,0.998101770878
84762,0.998266220093
84763,0.977541327477
84764,0.975832760334
84765,0.992193877697
84766,0.998606979847
84767,0.99820047617
84768,0.99254989624
84769,0.991005063057
84770,0.998220264912
84771,0.998606979847
84772,0.991653680801
84773,0.99848139286
84774,0.998606979847
84775,0.998407959938
84776,0.99838078022
84777,0.99613493681
84778,0.993981897831
84779,0.998606979847
84780,0.892019510269
84781,0.998054504395
84782,0.994326114655
84783,0.998483419418
84784,0.991762518883
84785,0.998352825642
84786,0.983809411526
84787,0.993285596371
84788,0.987152099609
84789,0.998606979847
84790,0.998606979847
84791,0.998364388943
84792,0.99838078022
84793,0.997903585434
84794,0.998606979847
84795,0.99848139286
84796,0.985652387142
84797,0.992328345776
84798,0.99517416954
84799,0.99286031723
84800,0.984150588512
84801,0.964353621006
84802,0.998606979847
84803,0.998606979847
84804,0.99252974987
84805,0.966403603554
84806,0.995736420155
84807,0.998147547245
84808,0.998012661934
84809,0.979431152344
84810,0.994841814041
84811,0.998200654984
84812,0.998406648636
84813,0.998606979847
84814,0.99793946743
84815,0.998606979847
84816,0.998368620872
84817,0.998220264912
84818,0.998606979847
84819,0.99838078022
84820,0.997530579567
84821,0.987309217453
84822,0.998606979847
84823,0.998181462288
84824,0.994189083576
84825,0.997464060783
84826,0.948529481888
84827,0.998606979847
84828,0.937712430954
84829,0.998606979847
84830,0.984499633312
84831,0.998606979847
84832,0.998606979847
84833,0.976479709148
84834,0.998606979847
84835,0.998606979847
84836,0.99238049984
84837,0.998302519321
84838,0.998606979847
84839,0.993903458118
84840,0.99793946743
84841,0.988758802414
84842,0.993865430355
84843,0.998606979847
84844,0.998606979847
84845,0.980913877487
84846,0.960476994514
84847,0.994347929955
84848,0.998483419418
84849,0.99820047617
84850,0.987457513809
84851,0.994257390499
84852,0.998606979847
84853,0.99793946743
84854,0.998606979847
84855,0.997599542141
84856,0.998606979847
84857,0.995458483696
84858,0.991751134396
84859,0.998155415058
84860,0.991984903812
84861,0.961873829365
84862,0.997900903225
84863,0.998013615608
84864,0.998606979847
84865,0.998200654984
84866,0.99259531498
84867,0.998260438442
84868,0.993048906326
84869,0.99848139286
84870,0.998606979847
84871,0.998606979847
84872,0.907121896744
84873,0.99848139286
84874,0.998127579689
84875,0.998606979847
84876,0.997312903404
84877,0.998220264912
84878,0.992243826389
84879,0.915030121803
84880,0.978155553341
84881,0.990047931671
84882,0.99145758152
84883,0.998606979847
84884,0.993722617626
84885,0.998406648636
84886,0.99848139286
84887,0.949693620205
84888,0.998606979847
84889,0.998200654984
84890,0.99829441309
84891,0.998606979847
84892,0.954175829887
84893,0.99820047617
84894,0.993036389351
84895,0.99848139286
84896,0.996353328228
84897,0.99554425478
84898,0.998260438442
84899,0.998302519321
84900,0.993722617626
84901,0.948392450809
84902,0.996027112007
84903,0.99848139286
84904,0.993048906326
84905,0.993826210499
84906,0.99848139286
84907,0.998113453388
84908,0.998606979847
84909,0.997841417789
84910,0.991787135601
84911,0.998368620872
84912,0.996971487999
84913,0.99838078022
84914,0.99838078022
84915,0.998406648636
84916,0.993695139885
84917,0.980991542339
84918,0.98143851757
84919,0.998606979847
84920,0.998047590256
84921,0.998081326485
84922,0.99820047617
84923,0.994250714779
84924,0.994327068329
84925,0.99829441309
84926,0.992716789246
84927,0.998606979847
84928,0.997535705566
84929,0.942190170288
84930,0.993292093277
84931,0.998260438442
84932,0.990034103394
84933,0.99076706171
84934,0.993375957012
84935,0.987907588482
84936,0.99263459444
84937,0.998483419418
84938,0.99635130167
84939,0.982082784176
84940,0.996842384338
84941,0.99007242918
84942,0.998260438442
84943,0.998606979847
84944,0.956037163734
84945,0.998005568981
84946,0.99848139286
84947,0.978259205818
84948,0.998606979847
84949,0.998606979847
84950,0.998407959938
84951,0.998200654984
84952,0.99644446373
84953,0.998606979847
84954,0.998606979847
84955,0.998606979847
84956,0.994627535343
84957,0.996956944466
84958,0.99793946743
84959,0.988571941853
84960,0.992740154266
84961,0.993231296539
84962,0.993435025215
84963,0.996411442757
84964,0.990037858486
84965,0.991438090801
84966,0.996956944466
84967,0.956934332848
84968,0.998606979847
84969,0.998606979847
84970,0.995709359646
84971,0.99271351099
84972,0.997703015804
84973,0.997961580753
84974,0.989509284496
84975,0.997745871544
84976,0.992474794388
84977,0.993095755577
84978,0.998606979847
84979,0.99782294035
84980,0.989120125771
84981,0.954928278923
84982,0.994549274445
84983,0.998407959938
84984,0.995329856873
84985,0.968884348869
84986,0.998606979847
84987,0.996027112007
84988,0.986487269402
84989,0.99050027132
84990,0.99848139286
84991,0.996411442757
84992,0.99271351099
84993,0.99848139286
84994,0.995842754841
84995,0.99838078022
84996,0.998081326485
84997,0.929184317589
84998,0.998302519321
84999,0.984533131123
85000,0.991155445576
85001,0.986247181892
85002,0.994928598404
85003,0.997700989246
85004,0.979153752327
85005,0.998606979847
85006,0.998606979847
85007,0.993811905384
85008,0.998220264912
85009,0.956439495087
85010,0.991949677467
85011,0.98931068182
85012,0.99838078022
85013,0.998606979847
85014,0.993914008141
85015,0.998302519321
85016,0.998606979847
85017,0.997828781605
85018,0.96026301384
85019,0.997169315815
85020,0.995402812958
85021,0.997745871544
85022,0.998606979847
85023,0.99848139286
85024,0.997107863426
85025,0.990337014198
85026,0.996027112007
85027,0.998606979847
85028,0.998606979847
85029,0.995464742184
85030,0.998428761959
85031,0.998606979847
85032,0.990080237389
85033,0.99848139286
85034,0.998606979847
85035,0.972022414207
85036,0.998606979847
85037,0.998606979847
85038,0.99838078022
85039,0.994841814041
85040,0.99848139286
85041,0.996034264565
85042,0.998606979847
85043,0.994722723961
85044,0.99782294035
85045,0.992947757244
85046,0.997900903225
85047,0.998094499111
85048,0.998606979847
85049,0.99792098999
85050,0.986780464649
85051,0.998606979847
85052,0.998606979847
85053,0.998606979847
85054,0.997430801392
85055,0.99838078022
85056,0.998153328896
85057,0.998064756393
85058,0.998081326485
85059,0.99793946743
85060,0.947398006916
85061,0.99263459444
85062,0.99838078022
85063,0.68267416954
85064,0.996842384338
85065,0.99793946743
85066,0.997937142849
85067,0.998606979847
85068,0.997783958912
85069,0.99259775877
85070,0.997446119785
85071,0.99848139286
85072,0.998364388943
85073,0.994979321957
85074,0.998368620872
85075,0.998081982136
85076,0.992389976978
85077,0.998606979847
85078,0.998145222664
85079,0.998407959938
85080,0.901289463043
85081,0.997530639172
85082,0.998200654984
85083,0.996411442757
85084,0.998606979847
85085,0.990791141987
85086,0.991665005684
85087,0.998145222664
85088,0.996842384338
85089,0.988479197025
85090,0.994266033173
85091,0.997472524643
85092,0.997473359108
85093,0.965939462185
85094,0.997481524944
85095,0.99838078022
85096,0.992947757244
85097,0.99793946743
85098,0.99838078022
85099,0.992389976978
85100,0.998606979847
85101,0.991715908051
85102,0.989244818687
85103,0.99848139286
85104,0.99271351099
85105,0.996390998363
85106,0.987667500973
85107,0.998606979847
85108,0.915255665779
85109,0.99848139286
85110,0.983025848866
85111,0.998606979847
85112,0.997235000134
85113,0.998302519321
85114,0.998606979847
85115,0.993914842606
85116,0.998606979847
85117,0.998606979847
85118,0.998005568981
85119,0.996164977551
85120,0.998302519321
85121,0.994942486286
85122,0.993437588215
85123,0.994299769402
85124,0.993178665638
85125,0.998406648636
85126,0.998606979847
85127,0.996636450291
85128,0.998606979847
85129,0.997788965702
85130,0.998483419418
85131,0.998153328896
85132,0.990014493465
85133,0.986553907394
85134,0.994758427143
85135,0.998302519321
85136,0.998061060905
85137,0.994741737843
85138,0.992778658867
85139,0.998606979847
85140,0.940995335579
85141,0.998200654984
85142,0.998081982136
85143,0.99848139286
85144,0.984503149986
85145,0.998012661934
85146,0.993826210499
85147,0.998606979847
85148,0.978526413441
85149,0.993768453598
85150,0.998606979847
85151,0.998606979847
85152,0.997734487057
85153,0.998606979847
85154,0.998606979847
85155,0.998094499111
85156,0.99848139286
85157,0.998606979847
85158,0.998012661934
85159,0.994300663471
85160,0.997850000858
85161,0.99709379673
85162,0.988386392593
85163,0.991777837276
85164,0.976265370846
85165,0.992449104786
85166,0.998606979847
85167,0.962595582008
85168,0.998606979847
85169,0.998606979847
85170,0.99278396368
85171,0.983779728413
85172,0.998184978962
85173,0.895105481148
85174,0.992829561234
85175,0.998606979847
85176,0.99848139286
85177,0.992740154266
85178,0.995257675648
85179,0.936296224594
85180,0.997224986553
85181,0.996612668037
85182,0.998606979847
85183,0.9909953475
85184,0.989737331867
85185,0.993713319302
85186,0.994082391262
85187,0.934301137924
85188,0.99263459444
85189,0.998606979847
85190,0.998606979847
85191,0.99644446373
85192,0.992710649967
85193,0.998606979847
85194,0.998606979847
85195,0.995782911777
85196,0.997694373131
85197,0.99848139286
85198,0.998606979847
85199,0.998606979847
85200,0.998606979847
85201,0.99848139286
85202,0.99848139286
85203,0.996411442757
85204,0.998155415058
85205,0.990908563137
85206,0.99838078022
85207,0.998220264912
85208,0.998606979847
85209,0.994959771633
85210,0.987814426422
85211,0.992257237434
85212,0.998606979847
85213,0.997855246067
85214,0.979771733284
85215,0.998155415058
85216,0.998606979847
85217,0.998483419418
85218,0.998606979847
85219,0.998606979847
85220,0.993603289127
85221,0.998241424561
85222,0.99848139286
85223,0.975376486778
85224,0.99838078022
85225,0.996390998363
85226,0.998406648636
85227,0.994187355042
85228,0.99848139286
85229,0.998606979847
85230,0.924790203571
85231,0.998606979847
85232,0.99848139286
85233,0.998200654984
85234,0.995104491711
85235,0.998081326485
85236,0.990613102913
85237,0.991598665714
85238,0.972277402878
85239,0.998606979847
85240,0.998276054859
85241,0.998606979847
85242,0.992716789246
85243,0.99848139286
85244,0.994186401367
85245,0.99838078022
85246,0.998184978962
85247,0.996842384338
85248,0.99848139286
85249,0.998606979847
85250,0.99076706171
85251,0.998428761959
85252,0.998407959938
85253,0.998606979847
85254,0.995636224747
85255,0.988985657692
85256,0.998606979847
85257,0.950547099113
85258,0.997788965702
85259,0.998606979847
85260,0.989388525486
85261,0.998368620872
85262,0.996007800102
85263,0.998220264912
85264,0.997621715069
85265,0.998047590256
85266,0.996603786945
85267,0.98660838604
85268,0.998606979847
85269,0.96797055006
85270,0.998368620872
85271,0.99801248312
85272,0.998407959938
85273,0.995055854321
85274,0.998606979847
85275,0.993048906326
85276,0.998483419418
85277,0.998013615608
85278,0.998606979847
85279,0.998606979847
85280,0.998406648636
85281,0.998606979847
85282,0.997558534145
85283,0.997900903225
85284,0.998013615608
85285,0.998606979847
85286,0.99820047617
85287,0.997277140617
85288,0.985797762871
85289,0.998606979847
85290,0.981980383396
85291,0.998606979847
85292,0.99848139286
85293,0.998005568981
85294,0.997828781605
85295,0.998606979847
85296,0.997679948807
85297,0.998606979847
85298,0.99820047617
85299,0.974092960358
85300,0.99848139286
85301,0.998406648636
85302,0.997243046761
85303,0.998606979847
85304,0.997621715069
85305,0.998606979847
85306,0.991795599461
85307,0.99761903286
85308,0.993255794048
85309,0.998606979847
85310,0.997532427311
85311,0.979165494442
85312,0.984039306641
85313,0.994452655315
85314,0.997412025928
85315,0.980405032635
85316,0.998606979847
85317,0.998483419418
85318,0.996573746204
85319,0.988258063793
85320,0.993048906326
85321,0.888620078564
85322,0.998200654984
85323,0.99848139286
85324,0.996353328228
85325,0.994143724442
85326,0.997679948807
85327,0.981050491333
85328,0.998606979847
85329,0.998606979847
85330,0.998606979847
85331,0.991973340511
85332,0.998606979847
85333,0.991422832012
85334,0.990930318832
85335,0.998352825642
85336,0.998606979847
85337,0.998145222664
85338,0.998606979847
85339,0.998406648636
85340,0.993271529675
85341,0.995303213596
85342,0.998606979847
85343,0.994996786118
85344,0.991895198822
85345,0.998013615608
85346,0.996140956879
85347,0.99820047617
85348,0.994194447994
85349,0.998406648636
85350,0.992331385612
85351,0.998406648636
85352,0.998606979847
85353,0.985879421234
85354,0.998606979847
85355,0.99848139286
85356,0.996353328228
85357,0.998606979847
85358,0.998153328896
85359,0.935715794563
85360,0.997679948807
85361,0.987476468086
85362,0.998406648636
85363,0.998606979847
85364,0.993048906326
85365,0.99848139286
85366,0.998153328896
85367,0.998606979847
85368,0.995954155922
85369,0.993224561214
85370,0.998606979847
85371,0.996034264565
85372,0.994486987591
85373,0.9597697258
85374,0.998606979847
85375,0.996146798134
85376,0.998606979847
85377,0.998220264912
85378,0.973703384399
85379,0.998260438442
85380,0.99848139286
85381,0.998081326485
85382,0.998606979847
85383,0.993348062038
85384,0.992829561234
85385,0.998155415058
85386,0.989872574806
85387,0.99375975132
85388,0.991814017296
85389,0.998145222664
85390,0.998276054859
85391,0.998005568981
85392,0.998302519321
85393,0.998606979847
85394,0.983090341091
85395,0.99848139286
85396,0.99838078022
85397,0.998606979847
85398,0.996586322784
85399,0.998058021069
85400,0.99194663763
85401,0.998606979847
85402,0.990034103394
85403,0.986475348473
85404,0.953600585461
85405,0.99793946743
85406,0.996842384338
85407,0.9951415658
85408,0.874890804291
85409,0.998606979847
85410,0.913444161415
85411,0.998200654984
85412,0.960673928261
85413,0.99717271328
85414,0.998013615608
85415,0.998606979847
85416,0.99848139286
85417,0.993857502937
85418,0.998606979847
85419,0.998200654984
85420,0.986299455166
85421,0.998153328896
85422,0.998606979847
85423,0.998094499111
85424,0.998406648636
85425,0.998081326485
85426,0.998606979847
85427,0.982594370842
85428,0.994965314865
85429,0.99434119463
85430,0.9966391325
85431,0.998406648636
85432,0.991029977798
85433,0.998606979847
85434,0.993798017502
85435,0.998606979847
85436,0.991879403591
85437,0.981702685356
85438,0.990800976753
85439,0.998606979847
85440,0.99793946743
85441,0.998081326485
85442,0.992384791374
85443,0.969220101833
85444,0.998483419418
85445,0.968759953976
85446,0.993014156818
85447,0.992288827896
85448,0.997170507908
85449,0.998406648636
85450,0.998606979847
85451,0.994840085506
85452,0.992820560932
85453,0.99587225914
85454,0.995536625385
85455,0.99848139286
85456,0.99644446373
85457,0.992160916328
85458,0.990718722343
85459,0.998368620872
85460,0.987180650234
85461,0.998606979847
85462,0.998407959938
85463,0.99829441309
85464,0.99848139286
85465,0.99848139286
85466,0.996842384338
85467,0.996544718742
85468,0.996312081814
85469,0.998606979847
85470,0.991777837276
85471,0.996842384338
85472,0.998483419418
85473,0.993826210499
85474,0.993375957012
85475,0.998113453388
85476,0.994276881218
85477,0.99838078022
85478,0.998606979847
85479,0.946510136127
85480,0.978036880493
85481,0.967693209648
85482,0.99848139286
85483,0.996461033821
85484,0.998172521591
85485,0.974061071873
85486,0.997636258602
85487,0.988830804825
85488,0.983370602131
85489,0.998606979847
85490,0.99761903286
85491,0.996842384338
85492,0.986376881599
85493,0.930374085903
85494,0.99848139286
85495,0.996842384338
85496,0.961593389511
85497,0.982440471649
85498,0.995437681675
85499,0.992947757244
85500,0.99848139286
85501,0.998606979847
85502,0.996158778667
85503,0.997951805592
85504,0.988956689835
85505,0.998606979847
85506,0.995320796967
85507,0.998606979847
85508,0.99263459444
85509,0.997974872589
85510,0.981959700584
85511,0.992716789246
85512,0.991782963276
85513,0.983786225319
85514,0.998606979847
85515,0.985952675343
85516,0.99793946743
85517,0.994459867477
85518,0.998606979847
85519,0.998606979847
85520,0.990623831749
85521,0.971507847309
85522,0.92806237936
85523,0.998606979847
85524,0.997783958912
85525,0.998606979847
85526,0.995135784149
85527,0.975746333599
85528,0.998302519321
85529,0.998606979847
85530,0.998606979847
85531,0.986630380154
85532,0.988317906857
85533,0.998606979847
85534,0.982859790325
85535,0.978405296803
85536,0.991924643517
85537,0.99848139286
85538,0.995432853699
85539,0.998352825642
85540,0.998606979847
85541,0.989336490631
85542,0.998606979847
85543,0.996353328228
85544,0.989526033401
85545,0.985766530037
85546,0.998606979847
85547,0.998127579689
85548,0.991359651089
85549,0.994630157948
85550,0.989402830601
85551,0.998200654984
85552,0.990827620029
85553,0.99829441309
85554,0.99793946743
85555,0.993784725666
85556,0.99793946743
85557,0.992921948433
85558,0.998606979847
85559,0.993571519852
85560,0.984074294567
85561,0.963839054108
85562,0.99359691143
85563,0.942714333534
85564,0.992389976978
85565,0.998273909092
85566,0.964278638363
85567,0.998606979847
85568,0.993048906326
85569,0.998606979847
85570,0.974518895149
85571,0.998200654984
85572,0.998606979847
85573,0.990142822266
85574,0.997679948807
85575,0.998200654984
85576,0.991221785545
85577,0.965399980545
85578,0.998406648636
85579,0.997658252716
85580,0.973227262497
85581,0.997771561146
85582,0.99820047617
85583,0.989482820034
85584,0.99361628294
85585,0.998606979847
85586,0.998606979847
85587,0.996842384338
85588,0.997745871544
85589,0.998181462288
85590,0.998606979847
85591,0.998606979847
85592,0.992829561234
85593,0.998606979847
85594,0.998276054859
85595,0.998606979847
85596,0.998364388943
85597,0.987040817738
85598,0.998145222664
85599,0.976289987564
85600,0.998079001904
85601,0.970478832722
85602,0.99848139286
85603,0.998606979847
85604,0.916692852974
85605,0.992947757244
85606,0.993785023689
85607,0.997728407383
85608,0.996635615826
85609,0.99554425478
85610,0.993327736855
85611,0.998606979847
85612,0.985796332359
85613,0.99100202322
85614,0.998606979847
85615,0.99848139286
85616,0.992883503437
85617,0.992198586464
85618,0.985012531281
85619,0.998276054859
85620,0.99820047617
85621,0.982965171337
85622,0.982857882977
85623,0.992243826389
85624,0.998013615608
85625,0.992829561234
85626,0.983030855656
85627,0.989152550697
85628,0.913588404655
85629,0.99276304245
85630,0.998606979847
85631,0.998606979847
85632,0.998606979847
85633,0.996842384338
85634,0.993777573109
85635,0.990344047546
85636,0.998606979847
85637,0.997889041901
85638,0.990718722343
85639,0.998483419418
85640,0.997860193253
85641,0.994911313057
85642,0.991780817509
85643,0.998606979847
85644,0.99848139286
85645,0.995764553547
85646,0.998606979847
85647,0.994261980057
85648,0.99838078022
85649,0.994033813477
85650,0.995609223843
85651,0.996842384338
85652,0.993225693703
85653,0.99838078022
85654,0.986172735691
85655,0.998407959938
85656,0.99838078022
85657,0.993914842606
85658,0.995897114277
85659,0.995275914669
85660,0.989701807499
85661,0.992257118225
85662,0.997926771641
85663,0.99076706171
85664,0.998113453388
85665,0.99848139286
85666,0.957262277603
85667,0.998606979847
85668,0.998013615608
85669,0.994916439056
85670,0.967403233051
85671,0.996842384338
85672,0.998406648636
85673,0.991887032986
85674,0.998606979847
85675,0.978357791901
85676,0.973044037819
85677,0.998483419418
85678,0.994124412537
85679,0.992249429226
85680,0.998368620872
85681,0.99594938755
85682,0.998368620872
85683,0.998606979847
85684,0.993512868881
85685,0.996603786945
85686,0.995609223843
85687,0.998606979847
85688,0.983995735645
85689,0.997464060783
85690,0.998606979847
85691,0.931984484196
85692,0.99793946743
85693,0.995936155319
85694,0.983891963959
85695,0.998606979847
85696,0.988625586033
85697,0.956198096275
85698,0.997822642326
85699,0.969020426273
85700,0.998606979847
85701,0.998407959938
85702,0.998364388943
85703,0.997828781605
85704,0.998606979847
85705,0.998276054859
85706,0.99848139286
85707,0.993603289127
85708,0.985427379608
85709,0.996033132076
85710,0.990884780884
85711,0.998606979847
85712,0.966708660126
85713,0.987482607365
85714,0.978589296341
85715,0.998606979847
85716,0.985411703587
85717,0.99793946743
85718,0.998407959938
85719,0.991956293583
85720,0.998606979847
85721,0.954548954964
85722,0.993551790714
85723,0.998606979847
85724,0.998606979847
85725,0.998606979847
85726,0.990088403225
85727,0.998022079468
85728,0.996140956879
85729,0.905338287354
85730,0.970811545849
85731,0.998407959938
85732,0.995189964771
85733,0.997713565826
85734,0.99848139286
85735,0.997265040874
85736,0.998606979847
85737,0.998606979847
85738,0.998260438442
85739,0.99152302742
85740,0.998081028461
85741,0.998407959938
85742,0.997235000134
85743,0.997734487057
85744,0.998606979847
85745,0.998606979847
85746,0.99848139286
85747,0.95437514782
85748,0.998606979847
85749,0.99848139286
85750,0.984337389469
85751,0.998606979847
85752,0.998145222664
85753,0.991737008095
85754,0.989551842213
85755,0.994143724442
85756,0.998406648636
85757,0.997891008854
85758,0.998407959938
85759,0.998260438442
85760,0.998606979847
85761,0.99829441309
85762,0.998406648636
85763,0.998606979847
85764,0.998102426529
85765,0.991743385792
85766,0.973459482193
85767,0.99820047617
85768,0.998606979847
85769,0.992614209652
85770,0.99848139286
85771,0.998606979847
85772,0.998606979847
85773,0.998406648636
85774,0.996842384338
85775,0.966638922691
85776,0.965856492519
85777,0.996353328228
85778,0.993375957012
85779,0.985414743423
85780,0.998606979847
85781,0.998606979847
85782,0.953836083412
85783,0.990668952465
85784,0.99848139286
85785,0.998013615608
85786,0.99302303791
85787,0.992829561234
85788,0.998606979847
85789,0.998606979847
85790,0.99793946743
85791,0.998606979847
85792,0.995717763901
85793,0.9909953475
85794,0.998200654984
85795,0.998606979847
85796,0.995467782021
85797,0.997828781605
85798,0.997822642326
85799,0.993401408195
85800,0.995789766312
85801,0.99793946743
85802,0.993212997913
85803,0.99848139286
85804,0.996906161308
85805,0.998606979847
85806,0.994099259377
85807,0.989253163338
85808,0.98727440834
85809,0.998406648636
85810,0.986796021461
85811,0.992257535458
85812,0.993914842606
85813,0.998260438442
85814,0.991613745689
85815,0.99838078022
85816,0.998606979847
85817,0.994103848934
85818,0.995117902756
85819,0.99848139286
85820,0.998406648636
85821,0.99848139286
85822,0.993702530861
85823,0.998606979847
85824,0.96227234602
85825,0.975575864315
85826,0.998606979847
85827,0.966928184032
85828,0.992875635624
85829,0.993048906326
85830,0.998406648636
85831,0.992779195309
85832,0.997533380985
85833,0.994384765625
85834,0.99848139286
85835,0.998134315014
85836,0.990826427937
85837,0.998406648636
85838,0.998606979847
85839,0.998606979847
85840,0.99838078022
85841,0.996292173862
85842,0.998606979847
85843,0.99829441309
85844,0.991843879223
85845,0.959192037582
85846,0.992614209652
85847,0.998022079468
85848,0.998200654984
85849,0.969054818153
85850,0.995847046375
85851,0.99829441309
85852,0.998606979847
85853,0.99848139286
85854,0.991374373436
85855,0.998606979847
85856,0.998606979847
85857,0.993614017963
85858,0.998606979847
85859,0.983326613903
85860,0.99848139286
85861,0.950887620449
85862,0.997415721416
85863,0.994758427143
85864,0.995243489742
85865,0.996334016323
85866,0.998606979847
85867,0.99820047617
85868,0.998606979847
85869,0.998606979847
85870,0.997989296913
85871,0.996586322784
85872,0.99263459444
85873,0.997889041901
85874,0.99848139286
85875,0.998364388943
85876,0.996162116528
85877,0.998606979847
85878,0.99793946743
85879,0.996027112007
85880,0.993533909321
85881,0.998260438442
85882,0.998606979847
85883,0.998260438442
85884,0.97995197773
85885,0.99848139286
85886,0.998606979847
85887,0.99848139286
85888,0.997464060783
85889,0.998606979847
85890,0.998606979847
85891,0.998406648636
85892,0.997807383537
85893,0.998606979847
85894,0.998483419418
85895,0.99613493681
85896,0.995117902756
85897,0.993826210499
85898,0.992947757244
85899,0.996989548206
85900,0.998181462288
85901,0.998163342476
85902,0.992829561234
85903,0.996586322784
85904,0.994463324547
85905,0.996339023113
85906,0.99848139286
85907,0.99829441309
85908,0.993178665638
85909,0.996842384338
85910,0.970890462399
85911,0.996586322784
85912,0.988258063793
85913,0.995025455952
85914,0.995897114277
85915,0.993952155113
85916,0.993048906326
85917,0.997820913792
85918,0.996072053909
85919,0.99848139286
85920,0.998606979847
85921,0.992389976978
85922,0.996544718742
85923,0.992829561234
85924,0.998407959938
85925,0.972351431847
85926,0.998606979847
85927,0.98372644186
85928,0.995636641979
85929,0.990893304348
85930,0.993171930313
85931,0.997615814209
85932,0.998606979847
85933,0.998153328896
85934,0.996138811111
85935,0.997852921486
85936,0.885612249374
85937,0.997888922691
85938,0.994989395142
85939,0.992516279221
85940,0.99263459444
85941,0.99263459444
85942,0.99848139286
85943,0.969477951527
85944,0.998606979847
85945,0.996027112007
85946,0.992829561234
85947,0.998606979847
85948,0.99792098999
85949,0.998483419418
85950,0.980390012264
85951,0.993800222874
85952,0.998081326485
85953,0.972977161407
85954,0.998145222664
85955,0.995636641979
85956,0.998606979847
85957,0.998406648636
85958,0.998407959938
85959,0.991871297359
85960,0.990425884724
85961,0.998309850693
85962,0.998606979847
85963,0.997988402843
85964,0.992288827896
85965,0.99793946743
85966,0.966410279274
85967,0.996698200703
85968,0.998606979847
85969,0.991931855679
85970,0.997713565826
85971,0.997898757458
85972,0.998407959938
85973,0.97375202179
85974,0.992947757244
85975,0.998407959938
85976,0.996674835682
85977,0.974846184254
85978,0.997771561146
85979,0.965471446514
85980,0.99793946743
85981,0.997888922691
85982,0.998153328896
85983,0.998606979847
85984,0.994300663471
85985,0.994574368
85986,0.984452307224
85987,0.998406648636
85988,0.955969512463
85989,0.99793946743
85990,0.998606979847
85991,0.996842384338
85992,0.996353328228
85993,0.988623321056
85994,0.99848139286
85995,0.998606979847
85996,0.991799712181
85997,0.974684119225
85998,0.998606979847
85999,0.994669616222
86000,0.998094499111
86001,0.986221671104
86002,0.998606979847
86003,0.997089266777
86004,0.998407959938
86005,0.99848139286
86006,0.99848139286
86007,0.998606979847
86008,0.997887313366
86009,0.998260438442
86010,0.989197134972
86011,0.99644446373
86012,0.993826210499
86013,0.998407959938
86014,0.988448619843
86015,0.985168278217
86016,0.99271351099
86017,0.994982600212
86018,0.989158332348
86019,0.99838078022
86020,0.995924770832
86021,0.99213540554
86022,0.986837863922
86023,0.83564800024
86024,0.998181462288
86025,0.99829441309
86026,0.995962321758
86027,0.903068125248
86028,0.972410082817
86029,0.993350088596
86030,0.997850000858
86031,0.993533909321
86032,0.998606979847
86033,0.990166425705
86034,0.997788965702
86035,0.99793946743
86036,0.998606979847
86037,0.998260438442
86038,0.997486829758
86039,0.998407959938
86040,0.978589773178
86041,0.991069436073
86042,0.990172147751
86043,0.990328848362
86044,0.992836296558
86045,0.998368620872
86046,0.998606979847
86047,0.998606979847
86048,0.998606979847
86049,0.993293881416
86050,0.997783958912
86051,0.995333552361
86052,0.998406648636
86053,0.994127929211
86054,0.98592954874
86055,0.978225588799
86056,0.993255913258
86057,0.995257675648
86058,0.995135784149
86059,0.984591364861
86060,0.962942779064
86061,0.998606979847
86062,0.997615814209
86063,0.973768055439
86064,0.996312081814
86065,0.996987342834
86066,0.998406648636
86067,0.998606979847
86068,0.998606979847
86069,0.998406648636
86070,0.996138811111
86071,0.99403578043
86072,0.998606979847
86073,0.998606979847
86074,0.996842384338
86075,0.99838078022
86076,0.998606979847
86077,0.99829441309
86078,0.998407959938
86079,0.998220264912
86080,0.998606979847
86081,0.99793946743
86082,0.998407959938
86083,0.99848139286
86084,0.998406648636
86085,0.94143807888
86086,0.997815132141
86087,0.996027112007
86088,0.998406648636
86089,0.996842384338
86090,0.994758427143
86091,0.996194720268
86092,0.994193911552
86093,0.998606979847
86094,0.998606979847
86095,0.997685015202
86096,0.998606979847
86097,0.990725815296
86098,0.963160455227
86099,0.998368620872
86100,0.998483419418
86101,0.972573101521
86102,0.998606979847
86103,0.998606979847
86104,0.991438686848
86105,0.995853245258
86106,0.98390352726
86107,0.99644446373
86108,0.993914842606
86109,0.993981897831
86110,0.997658252716
86111,0.998406648636
86112,0.998606979847
86113,0.985114991665
86114,0.965527534485
86115,0.998606979847
86116,0.998031020164
86117,0.996353328228
86118,0.981108903885
86119,0.99729269743
86120,0.998406648636
86121,0.992740154266
86122,0.99580514431
86123,0.979983448982
86124,0.993326723576
86125,0.998406648636
86126,0.954194188118
86127,0.99838078022
86128,0.945899426937
86129,0.989938497543
86130,0.996924340725
86131,0.988402783871
86132,0.993319034576
86133,0.996842384338
86134,0.998606979847
86135,0.998483419418
86136,0.998606979847
86137,0.953429102898
86138,0.998273909092
86139,0.998606979847
86140,0.998606979847
86141,0.989137291908
86142,0.994174361229
86143,0.998606979847
86144,0.99829441309
86145,0.99838078022
86146,0.99848139286
86147,0.998606979847
86148,0.99793946743
86149,0.998606979847
86150,0.998606979847
86151,0.99245017767
86152,0.998606979847
86153,0.998260438442
86154,0.998200654984
86155,0.987621903419
86156,0.997475922108
86157,0.997989296913
86158,0.998606979847
86159,0.992829561234
86160,0.998302519321
86161,0.992829561234
86162,0.998178064823
86163,0.991476595402
86164,0.959579706192
86165,0.986915767193
86166,0.996146798134
86167,0.985427439213
86168,0.992716789246
86169,0.99359691143
86170,0.996185719967
86171,0.998606979847
86172,0.997900903225
86173,0.991453289986
86174,0.993551790714
86175,0.964681386948
86176,0.993911862373
86177,0.998184978962
86178,0.991445541382
86179,0.998606979847
86180,0.998407959938
86181,0.970202565193
86182,0.998606979847
86183,0.998606979847
86184,0.998606979847
86185,0.992244899273
86186,0.998153328896
86187,0.998606979847
86188,0.998428761959
86189,0.998094499111
86190,0.965631246567
86191,0.995782911777
86192,0.99848139286
86193,0.998220264912
86194,0.991958975792
86195,0.998184978962
86196,0.993406772614
86197,0.996027112007
86198,0.998260438442
86199,0.998606979847
86200,0.997474551201
86201,0.997685015202
86202,0.998428761959
86203,0.998181462288
86204,0.992829561234
86205,0.998406648636
86206,0.991871297359
86207,0.99848139286
86208,0.995351314545
86209,0.99793946743
86210,0.998113453388
86211,0.992716789246
86212,0.998606979847
86213,0.99848139286
86214,0.946860015392
86215,0.998406648636
86216,0.998200654984
86217,0.992657363415
86218,0.99793946743
86219,0.998606979847
86220,0.998094499111
86221,0.997412025928
86222,0.998606979847
86223,0.994462072849
86224,0.998606979847
86225,0.998134315014
86226,0.997645974159
86227,0.995721697807
86228,0.99263459444
86229,0.998606979847
86230,0.987732589245
86231,0.998606979847
86232,0.965470910072
86233,0.99848139286
86234,0.998606979847
86235,0.991762518883
86236,0.998606979847
86237,0.996842384338
86238,0.991669893265
86239,0.998606979847
86240,0.990583300591
86241,0.99838078022
86242,0.998483419418
86243,0.993178009987
86244,0.981908261776
86245,0.998147010803
86246,0.99848139286
86247,0.995528817177
86248,0.997828781605
86249,0.997118115425
86250,0.998606979847
86251,0.998200654984
86252,0.997900903225
86253,0.99848139286
86254,0.998276054859
86255,0.985163331032
86256,0.997866868973
86257,0.8197016716
86258,0.998606979847
86259,0.998606979847
86260,0.991753101349
86261,0.998606979847
86262,0.995878458023
86263,0.988980293274
86264,0.995413303375
86265,0.992020964622
86266,0.998276054859
86267,0.997585535049
86268,0.960166335106
86269,0.99838078022
86270,0.998606979847
86271,0.993122637272
86272,0.996842384338
86273,0.998406648636
86274,0.998606979847
86275,0.988968253136
86276,0.996842384338
86277,0.997309565544
86278,0.993220031261
86279,0.998606979847
86280,0.997558534145
86281,0.974235117435
86282,0.99848139286
86283,0.998606979847
86284,0.990334093571
86285,0.986786544323
86286,0.99848139286
86287,0.988941788673
86288,0.990082085133
86289,0.998606979847
86290,0.973675012589
86291,0.923345863819
86292,0.998406648636
86293,0.994350612164
86294,0.997900903225
86295,0.99848139286
86296,0.992574453354
86297,0.991435945034
86298,0.998606979847
86299,0.993205666542
86300,0.998606979847
86301,0.998276054859
86302,0.996116995811
86303,0.998184978962
86304,0.996027112007
86305,0.99848139286
86306,0.998407959938
86307,0.995730161667
86308,0.986801862717
86309,0.99820047617
86310,0.993826210499
86311,0.996116995811
86312,0.963704049587
86313,0.996027112007
86314,0.998406648636
86315,0.994397759438
86316,0.998407959938
86317,0.99792098999
86318,0.998184978962
86319,0.998606979847
86320,0.993826210499
86321,0.998606979847
86322,0.99644446373
86323,0.998606979847
86324,0.993489563465
86325,0.994394302368
86326,0.998606979847
86327,0.998407959938
86328,0.99838078022
86329,0.995216012001
86330,0.998352825642
86331,0.998606979847
86332,0.998606979847
86333,0.990034103394
86334,0.99820047617
86335,0.99848139286
86336,0.998606979847
86337,0.974798738956
86338,0.998606979847
86339,0.998606979847
86340,0.995873808861
86341,0.994344830513
86342,0.998606979847
86343,0.991934776306
86344,0.998153328896
86345,0.997169315815
86346,0.997679948807
86347,0.994813799858
86348,0.998407959938
86349,0.996027112007
86350,0.998606979847
86351,0.990643620491
86352,0.996971487999
86353,0.982097923756
86354,0.998606979847
86355,0.99848139286
86356,0.998606979847
86357,0.995329856873
86358,0.993130087852
86359,0.996001303196
86360,0.991476595402
86361,0.998606979847
86362,0.998081326485
86363,0.99263459444
86364,0.995878458023
86365,0.997988402843
86366,0.99848139286
86367,0.997783958912
86368,0.998145222664
86369,0.99848139286
86370,0.983429133892
86371,0.992389976978
86372,0.980047821999
86373,0.998163342476
86374,0.998260438442
86375,0.998352825642
86376,0.99848139286
86377,0.998606979847
86378,0.998155415058
86379,0.998406648636
86380,0.987918078899
86381,0.969221174717
86382,0.974055767059
86383,0.998606979847
86384,0.99804186821
86385,0.983282029629
86386,0.998406648636
86387,0.968788266182
86388,0.998406648636
86389,0.992947757244
86390,0.998407959938
86391,0.998606979847
86392,0.996775567532
86393,0.998606979847
86394,0.997783958912
86395,0.994580626488
86396,0.998606979847
86397,0.998153328896
86398,0.995717763901
86399,0.998273909092
86400,0.993826210499
86401,0.991697609425
86402,0.996924340725
86403,0.998606979847
86404,0.998606979847
86405,0.99161696434
86406,0.998606979847
86407,0.998276054859
86408,0.995681643486
86409,0.994701087475
86410,0.998606979847
86411,0.998606979847
86412,0.998606979847
86413,0.998606979847
86414,0.995464742184
86415,0.998606979847
86416,0.982942163944
86417,0.986833631992
86418,0.998407959938
86419,0.997809827328
86420,0.998606979847
86421,0.989395260811
86422,0.991777837276
86423,0.997475922108
86424,0.973122060299
86425,0.998200654984
86426,0.997485339642
86427,0.99770206213
86428,0.993659436703
86429,0.998606979847
86430,0.998200654984
86431,0.99793946743
86432,0.99848139286
86433,0.998606979847
86434,0.998273909092
86435,0.99793946743
86436,0.996353328228
86437,0.997788965702
86438,0.992192924023
86439,0.998273909092
86440,0.998483419418
86441,0.846631526947
86442,0.988630652428
86443,0.99848139286
86444,0.998606979847
86445,0.998606979847
86446,0.997889041901
86447,0.99848139286
86448,0.998606979847
86449,0.965229034424
86450,0.991319477558
86451,0.998153328896
86452,0.993542611599
86453,0.992782592773
86454,0.99804186821
86455,0.969608843327
86456,0.993688821793
86457,0.991958975792
86458,0.998200654984
86459,0.994678735733
86460,0.99848139286
86461,0.992829561234
86462,0.993122518063
86463,0.98535078764
86464,0.998606979847
86465,0.99820047617
86466,0.998324692249
86467,0.902361094952
86468,0.98672914505
86469,0.997712135315
86470,0.962257087231
86471,0.988044857979
86472,0.996390998363
86473,0.99549639225
86474,0.99838078022
86475,0.99838078022
86476,0.998606979847
86477,0.974939227104
86478,0.997815132141
86479,0.994376420975
86480,0.998200654984
86481,0.996646404266
86482,0.998406648636
86483,0.989739775658
86484,0.996073663235
86485,0.998606979847
86486,0.992883503437
86487,0.998606979847
86488,0.99848139286
86489,0.991540431976
86490,0.99820047617
86491,0.998606979847
86492,0.998606979847
86493,0.998045861721
86494,0.994262695312
86495,0.998606979847
86496,0.99848139286
86497,0.997961580753
86498,0.998094499111
86499,0.984781205654
86500,0.996603786945
86501,0.998606979847
86502,0.99848139286
86503,0.990290820599
86504,0.998606979847
86505,0.998606979847
86506,0.998606979847
86507,0.952484965324
86508,0.988032400608
86509,0.998606979847
86510,0.990753948689
86511,0.881265580654
86512,0.997900903225
86513,0.998606979847
86514,0.99820369482
86515,0.993178665638
86516,0.996842384338
86517,0.998483419418
86518,0.992718756199
86519,0.994194447994
86520,0.996027112007
86521,0.997788965702
86522,0.998606979847
86523,0.996842384338
86524,0.998606979847
86525,0.99848139286
86526,0.992225527763
86527,0.998293995857
86528,0.992603063583
86529,0.992400109768
86530,0.998220264912
86531,0.991576969624
86532,0.99848139286
86533,0.996676027775
86534,0.998606979847
86535,0.992875635624
86536,0.998483419418
86537,0.99838078022
86538,0.990496277809
86539,0.992392659187
86540,0.998606979847
86541,0.998606979847
86542,0.992193877697
86543,0.967872977257
86544,0.998260438442
86545,0.998153328896
86546,0.99829441309
86547,0.992525339127
86548,0.970459699631
86549,0.991667091846
86550,0.998606979847
86551,0.983413517475
86552,0.997296869755
86553,0.998111128807
86554,0.99848139286
86555,0.998220264912
86556,0.928541719913
86557,0.989236652851
86558,0.998606979847
86559,0.998406648636
86560,0.994492769241
86561,0.993327736855
86562,0.991355717182
86563,0.942555725574
86564,0.992244899273
86565,0.998606979847
86566,0.990705966949
86567,0.990732312202
86568,0.992393434048
86569,0.993826210499
86570,0.986825942993
86571,0.998606979847
86572,0.994847416878
86573,0.953281998634
86574,0.998606979847
86575,0.998606979847
86576,0.974311053753
86577,0.986702620983
86578,0.99838078022
86579,0.997828781605
86580,0.998606979847
86581,0.998606979847
86582,0.99848139286
86583,0.997642397881
86584,0.983778774738
86585,0.998606979847
86586,0.997866868973
86587,0.985678076744
86588,0.998200654984
86589,0.991630613804
86590,0.998220264912
86591,0.996603786945
86592,0.926545441151
86593,0.988844156265
86594,0.998606979847
86595,0.99848139286
86596,0.994989395142
86597,0.998606979847
86598,0.998406648636
86599,0.99793946743
86600,0.988630652428
86601,0.998145222664
86602,0.98277002573
86603,0.998407959938
86604,0.998200654984
86605,0.998227238655
86606,0.99848139286
86607,0.998155415058
86608,0.995472192764
86609,0.99793946743
86610,0.993679881096
86611,0.998163342476
86612,0.98992818594
86613,0.998606979847
86614,0.99848139286
86615,0.99848139286
86616,0.996411442757
86617,0.998606979847
86618,0.998102426529
86619,0.998200654984
86620,0.998606979847
86621,0.998184978962
86622,0.998606979847
86623,0.993375957012
86624,0.998153328896
86625,0.998606979847
86626,0.998606979847
86627,0.847276926041
86628,0.997266829014
86629,0.998184978962
86630,0.992389976978
86631,0.998606979847
86632,0.996411442757
86633,0.991699874401
86634,0.997243046761
86635,0.991106390953
86636,0.990261554718
86637,0.995188713074
86638,0.998606979847
86639,0.99369096756
86640,0.985820233822
86641,0.998031020164
86642,0.99848139286
86643,0.976816177368
86644,0.996583282948
86645,0.998606979847
86646,0.995050549507
86647,0.994537293911
86648,0.998606979847
86649,0.998606979847
86650,0.965592443943
86651,0.998606979847
86652,0.995216012001
86653,0.998606979847
86654,0.995241582394
86655,0.993782103062
86656,0.993697524071
86657,0.991005063057
86658,0.997769594193
86659,0.991972327232
86660,0.989396393299
86661,0.998606979847
86662,0.997791826725
86663,0.990330755711
86664,0.990172147751
86665,0.995394945145
86666,0.991697609425
86667,0.99838078022
86668,0.998260438442
86669,0.998364388943
86670,0.933539390564
86671,0.945723712444
86672,0.99848139286
86673,0.995496213436
86674,0.998606979847
86675,0.99793946743
86676,0.998260438442
86677,0.998606979847
86678,0.998606979847
86679,0.992549002171
86680,0.983666539192
86681,0.99829441309
86682,0.998606979847
86683,0.998406648636
86684,0.99838078022
86685,0.895766019821
86686,0.992875635624
86687,0.995490729809
86688,0.998220264912
86689,0.988258063793
86690,0.998260438442
86691,0.998606979847
86692,0.99848139286
86693,0.998483419418
86694,0.99829441309
86695,0.971998691559
86696,0.994127929211
86697,0.998606979847
86698,0.99820047617
86699,0.971852123737
86700,0.974616408348
86701,0.998406648636
86702,0.967500627041
86703,0.996842384338
86704,0.973438501358
86705,0.998368620872
86706,0.997473359108
86707,0.998276054859
86708,0.997828781605
86709,0.995782911777
86710,0.991879403591
86711,0.998606979847
86712,0.982658028603
86713,0.99848139286
86714,0.985838115215
86715,0.99838078022
86716,0.998606979847
86717,0.998606979847
86718,0.99848139286
86719,0.991278469563
86720,0.998606979847
86721,0.970952093601
86722,0.992829561234
86723,0.996842384338
86724,0.998606979847
86725,0.939495563507
86726,0.99793946743
86727,0.99848139286
86728,0.997575700283
86729,0.985420644283
86730,0.998606979847
86731,0.995669066906
86732,0.992021083832
86733,0.991965711117
86734,0.998606979847
86735,0.99848139286
86736,0.997788965702
86737,0.994985103607
86738,0.994675040245
86739,0.997464060783
86740,0.989488244057
86741,0.99838078022
86742,0.99813079834
86743,0.983566761017
86744,0.992989659309
86745,0.997988402843
86746,0.991540431976
86747,0.998013615608
86748,0.998606979847
86749,0.995918869972
86750,0.998200654984
86751,0.998606979847
86752,0.979939579964
86753,0.99848139286
86754,0.993533909321
86755,0.988758146763
86756,0.998606979847
86757,0.998606979847
86758,0.998368620872
86759,0.998606979847
86760,0.994712889194
86761,0.997866868973
86762,0.998606979847
86763,0.998368620872
86764,0.99848139286
86765,0.97476786375
86766,0.998606979847
86767,0.993903100491
86768,0.994786262512
86769,0.998606979847
86770,0.946446061134
86771,0.998606979847
86772,0.99838078022
86773,0.99838078022
86774,0.995189845562
86775,0.963725149632
86776,0.992918252945
86777,0.89295488596
86778,0.99793946743
86779,0.99848139286
86780,0.984519481659
86781,0.996842384338
86782,0.994841814041
86783,0.995825171471
86784,0.998606979847
86785,0.997481524944
86786,0.996842384338
86787,0.998153328896
86788,0.99848139286
86789,0.998606979847
86790,0.998153328896
86791,0.996027112007
86792,0.99848139286
86793,0.998606979847
86794,0.998276054859
86795,0.997976005077
86796,0.998606979847
86797,0.996027112007
86798,0.998276054859
86799,0.998081028461
86800,0.885295033455
86801,0.998606979847
86802,0.998606979847
86803,0.986919760704
86804,0.970681726933
86805,0.998324692249
86806,0.998606979847
86807,0.992389976978
86808,0.998606979847
86809,0.99091219902
86810,0.998368620872
86811,0.998606979847
86812,0.998428761959
86813,0.998276054859
86814,0.993255913258
86815,0.99521279335
86816,0.998606979847
86817,0.997828781605
86818,0.998606979847
86819,0.986191034317
86820,0.996795237064
86821,0.99838078022
86822,0.998606979847
86823,0.996842384338
86824,0.997988402843
86825,0.992947757244
86826,0.995456814766
86827,0.998074531555
86828,0.998606979847
86829,0.994494497776
86830,0.998606979847
86831,0.998243689537
86832,0.998406648636
86833,0.998606979847
86834,0.988570928574
86835,0.976246953011
86836,0.997561335564
86837,0.95263916254
86838,0.998606979847
86839,0.967127680779
86840,0.99848139286
86841,0.994841814041
86842,0.998606979847
86843,0.976388990879
86844,0.997621715069
86845,0.957615017891
86846,0.997828781605
86847,0.998606979847
86848,0.989665806293
86849,0.998606979847
86850,0.998606979847
86851,0.998200654984
86852,0.990580916405
86853,0.998216986656
86854,0.993505001068
86855,0.99838078022
86856,0.96491330862
86857,0.998606979847
86858,0.997889041901
86859,0.80140119791
86860,0.993028879166
86861,0.993287026882
86862,0.996390998363
86863,0.986167907715
86864,0.992372989655
86865,0.992947757244
86866,0.99838078022
86867,0.99848139286
86868,0.993496000767
86869,0.989872574806
86870,0.995924890041
86871,0.998606979847
86872,0.998428761959
86873,0.998606979847
86874,0.998606979847
86875,0.980054140091
86876,0.996312081814
86877,0.998606979847
86878,0.96092659235
86879,0.997679948807
86880,0.993533909321
86881,0.998606979847
86882,0.98335981369
86883,0.998200654984
86884,0.998606979847
86885,0.977930665016
86886,0.998606979847
86887,0.998260438442
86888,0.99838078022
86889,0.995216012001
86890,0.983683764935
86891,0.998007357121
86892,0.991800963879
86893,0.996917426586
86894,0.99113380909
86895,0.998606979847
86896,0.997828781605
86897,0.998606979847
86898,0.987545847893
86899,0.998220264912
86900,0.995849609375
86901,0.997783958912
86902,0.998606979847
86903,0.955808281898
86904,0.993826210499
86905,0.998606979847
86906,0.998079001904
86907,0.996842384338
86908,0.998606979847
86909,0.997464060783
86910,0.984157562256
86911,0.998606979847
86912,0.998606979847
86913,0.998606979847
86914,0.993110239506
86915,0.998076677322
86916,0.998200654984
86917,0.99848139286
86918,0.99848139286
86919,0.992947757244
86920,0.99820047617
86921,0.949711918831
86922,0.998606979847
86923,0.998606979847
86924,0.994115114212
86925,0.99829441309
86926,0.998276054859
86927,0.998606979847
86928,0.997900903225
86929,0.998606979847
86930,0.998407959938
86931,0.998483419418
86932,0.994347929955
86933,0.997880876064
86934,0.993914842606
86935,0.995997309685
86936,0.998155415058
86937,0.998606979847
86938,0.971893310547
86939,0.997783958912
86940,0.991177380085
86941,0.99848139286
86942,0.997481524944
86943,0.998368620872
86944,0.998276054859
86945,0.998102426529
86946,0.99554425478
86947,0.997418701649
86948,0.998606979847
86949,0.993826210499
86950,0.998606979847
86951,0.995883405209
86952,0.985879421234
86953,0.992829561234
86954,0.998606979847
86955,0.992716789246
86956,0.99614328146
86957,0.99838078022
86958,0.997481524944
86959,0.998005568981
86960,0.99232250452
86961,0.991737008095
86962,0.997585177422
86963,0.996411442757
86964,0.99793946743
86965,0.998606979847
86966,0.998606979847
86967,0.976438343525
86968,0.99838078022
86969,0.998606979847
86970,0.997272670269
86971,0.997763693333
86972,0.998606979847
86973,0.985763192177
86974,0.998081326485
86975,0.998606979847
86976,0.997301340103
86977,0.981202244759
86978,0.992657363415
86979,0.996709048748
86980,0.991591691971
86981,0.998368620872
86982,0.995458126068
86983,0.997018873692
86984,0.996001303196
86985,0.983456194401
86986,0.982127845287
86987,0.998606979847
86988,0.998606979847
86989,0.994370102882
86990,0.995878458023
86991,0.998606979847
86992,0.99848139286
86993,0.998606979847
86994,0.998406648636
86995,0.9761043787
86996,0.996603786945
86997,0.997621715069
86998,0.998606979847
86999,0.99829441309
87000,0.994841814041
87001,0.989461660385
87002,0.945238471031
87003,0.998153328896
87004,0.99838078022
87005,0.998483419418
87006,0.998200654984
87007,0.996842384338
87008,0.998407959938
87009,0.998407959938
87010,0.99793946743
87011,0.998606979847
87012,0.998606979847
87013,0.990172147751
87014,0.99644446373
87015,0.993334472179
87016,0.998155415058
87017,0.995825171471
87018,0.988769054413
87019,0.998606979847
87020,0.998606979847
87021,0.998220264912
87022,0.996027112007
87023,0.998606979847
87024,0.993285596371
87025,0.986128926277
87026,0.998606979847
87027,0.99848139286
87028,0.948347210884
87029,0.986451029778
87030,0.995474874973
87031,0.99848139286
87032,0.998407959938
87033,0.993722617626
87034,0.998606979847
87035,0.992829561234
87036,0.991106390953
87037,0.998606979847
87038,0.997592926025
87039,0.998153328896
87040,0.998606979847
87041,0.998606979847
87042,0.987041831017
87043,0.991005480289
87044,0.998181462288
87045,0.997574031353
87046,0.993305027485
87047,0.998276054859
87048,0.998155415058
87049,0.985750436783
87050,0.998406648636
87051,0.992883503437
87052,0.952858626842
87053,0.995311737061
87054,0.998147010803
87055,0.992082774639
87056,0.975661993027
87057,0.988985478878
87058,0.996353328228
87059,0.894059479237
87060,0.998606979847
87061,0.867510139942
87062,0.966549277306
87063,0.992719531059
87064,0.998606979847
87065,0.99848139286
87066,0.969551503658
87067,0.998606979847
87068,0.997121989727
87069,0.996027112007
87070,0.998606979847
87071,0.998606979847
87072,0.99848139286
87073,0.99848139286
87074,0.997828781605
87075,0.978762567043
87076,0.996612668037
87077,0.899621069431
87078,0.998606979847
87079,0.919586062431
87080,0.993826210499
87081,0.997988402843
87082,0.996027112007
87083,0.99848139286
87084,0.98891377449
87085,0.988935053349
87086,0.99820047617
87087,0.993048906326
87088,0.992829561234
87089,0.996735870838
87090,0.998606979847
87091,0.987535715103
87092,0.998428761959
87093,0.998483419418
87094,0.99848139286
87095,0.995161056519
87096,0.996332585812
87097,0.998606979847
87098,0.993937551975
87099,0.96991622448
87100,0.992947757244
87101,0.99848139286
87102,0.941543102264
87103,0.998406648636
87104,0.998606979847
87105,0.997574031353
87106,0.998406648636
87107,0.994781434536
87108,0.99729269743
87109,0.996027112007
87110,0.99848139286
87111,0.996411442757
87112,0.998302519321
87113,0.992244899273
87114,0.995282113552
87115,0.998606979847
87116,0.998153328896
87117,0.997642397881
87118,0.998227238655
87119,0.980991542339
87120,0.996034264565
87121,0.99848139286
87122,0.998153328896
87123,0.99628162384
87124,0.997866868973
87125,0.986712992191
87126,0.989347279072
87127,0.992389976978
87128,0.998606979847
87129,0.998606979847
87130,0.995334565639
87131,0.997464060783
87132,0.992829561234
87133,0.998606979847
87134,0.998606979847
87135,0.997396945953
87136,0.995924890041
87137,0.995825469494
87138,0.998483419418
87139,0.998606979847
87140,0.998406648636
87141,0.99838078022
87142,0.98702198267
87143,0.99801248312
87144,0.997703015804
87145,0.993914842606
87146,0.996586322784
87147,0.997473359108
87148,0.99838078022
87149,0.961338996887
87150,0.998081982136
87151,0.997889041901
87152,0.998606979847
87153,0.954601287842
87154,0.9937453866
87155,0.998606979847
87156,0.996312081814
87157,0.87904304266
87158,0.99848139286
87159,0.99848139286
87160,0.998364388943
87161,0.998090028763
87162,0.985519349575
87163,0.998606979847
87164,0.99793946743
87165,0.988408684731
87166,0.996390998363
87167,0.989402770996
87168,0.995782911777
87169,0.974352180958
87170,0.998606979847
87171,0.991413116455
87172,0.995016396046
87173,0.99761903286
87174,0.998606979847
87175,0.998428761959
87176,0.99848139286
87177,0.998606979847
87178,0.995437681675
87179,0.997475922108
87180,0.998352825642
87181,0.994730830193
87182,0.997852921486
87183,0.988962590694
87184,0.994841814041
87185,0.998102426529
87186,0.998606979847
87187,0.998368620872
87188,0.998606979847
87189,0.995782911777
87190,0.974159896374
87191,0.998606979847
87192,0.996109247208
87193,0.998178064823
87194,0.998606979847
87195,0.998606979847
87196,0.998293995857
87197,0.874342858791
87198,0.998368620872
87199,0.997508645058
87200,0.998606979847
87201,0.998216986656
87202,0.997889041901
87203,0.998220264912
87204,0.998302519321
87205,0.997600913048
87206,0.99793946743
87207,0.998483419418
87208,0.99848139286
87209,0.998606979847
87210,0.99838078022
87211,0.993019402027
87212,0.992829561234
87213,0.998606979847
87214,0.961516499519
87215,0.99848139286
87216,0.998081326485
87217,0.997783958912
87218,0.99848139286
87219,0.997573792934
87220,0.99838078022
87221,0.998606979847
87222,0.998606979847
87223,0.998606979847
87224,0.998606979847
87225,0.998406648636
87226,0.998184978962
87227,0.998606979847
87228,0.983934700489
87229,0.995221316814
87230,0.99848139286
87231,0.992884397507
87232,0.99594938755
87233,0.99838078022
87234,0.984597086906
87235,0.997486829758
87236,0.998606979847
87237,0.998606979847
87238,0.966441512108
87239,0.99580425024
87240,0.997464060783
87241,0.984309971333
87242,0.993178665638
87243,0.998406648636
87244,0.996014237404
87245,0.998606979847
87246,0.998302519321
87247,0.998054504395
87248,0.998606979847
87249,0.996603786945
87250,0.99848139286
87251,0.998407959938
87252,0.983889579773
87253,0.998606979847
87254,0.989920198917
87255,0.998076677322
87256,0.995234549046
87257,0.973064541817
87258,0.998606979847
87259,0.997592926025
87260,0.997828781605
87261,0.99793946743
87262,0.99793946743
87263,0.991514742374
87264,0.998606979847
87265,0.986436128616
87266,0.998606979847
87267,0.975575864315
87268,0.997951805592
87269,0.982102572918
87270,0.996390998363
87271,0.99488055706
87272,0.998081743717
87273,0.979439616203
87274,0.994841814041
87275,0.982570707798
87276,0.99023771286
87277,0.991005063057
87278,0.97714984417
87279,0.99848139286
87280,0.998606979847
87281,0.996027112007
87282,0.998031020164
87283,0.994099259377
87284,0.988145291805
87285,0.99848139286
87286,0.994438052177
87287,0.99848139286
87288,0.997989296913
87289,0.99848139286
87290,0.997592926025
87291,0.998606979847
87292,0.995256721973
87293,0.995897114277
87294,0.99820047617
87295,0.981269657612
87296,0.998606979847
87297,0.998181462288
87298,0.998606979847
87299,0.998220264912
87300,0.993831813335
87301,0.978552937508
87302,0.997464060783
87303,0.996027112007
87304,0.924082100391
87305,0.998606979847
87306,0.998200654984
87307,0.955924212933
87308,0.995924890041
87309,0.997828781605
87310,0.997900903225
87311,0.946343481541
87312,0.996027112007
87313,0.99644446373
87314,0.99848139286
87315,0.993036985397
87316,0.991945624352
87317,0.998178064823
87318,0.953520476818
87319,0.998606979847
87320,0.99770206213
87321,0.99644446373
87322,0.998153328896
87323,0.994486451149
87324,0.998606979847
87325,0.997888922691
87326,0.995845198631
87327,0.998606979847
87328,0.996411442757
87329,0.998054504395
87330,0.997508645058
87331,0.998181462288
87332,0.992069065571
87333,0.982519924641
87334,0.99838078022
87335,0.998606979847
87336,0.998606979847
87337,0.997926533222
87338,0.998153328896
87339,0.993722617626
87340,0.998005568981
87341,0.997879803181
87342,0.995437681675
87343,0.990165710449
87344,0.998227238655
87345,0.998155415058
87346,0.991670906544
87347,0.998406648636
87348,0.99820047617
87349,0.998302519321
87350,0.998368620872
87351,0.998200654984
87352,0.998145222664
87353,0.636862516403
87354,0.992798149586
87355,0.998190522194
87356,0.998145222664
87357,0.998276054859
87358,0.998606979847
87359,0.99838078022
87360,0.99848139286
87361,0.998606979847
87362,0.992947757244
87363,0.993579506874
87364,0.996009111404
87365,0.991038799286
87366,0.99273699522
87367,0.997296869755
87368,0.998127579689
87369,0.998606979847
87370,0.998155415058
87371,0.998606979847
87372,0.998606979847
87373,0.99838078022
87374,0.993861436844
87375,0.994841814041
87376,0.991107225418
87377,0.992962658405
87378,0.994620501995
87379,0.99848139286
87380,0.994221508503
87381,0.998606979847
87382,0.993048906326
87383,0.973211109638
87384,0.99848139286
87385,0.99212706089
87386,0.946597397327
87387,0.998606979847
87388,0.946089506149
87389,0.998406648636
87390,0.997783958912
87391,0.998606979847
87392,0.998606979847
87393,0.990753948689
87394,0.99848139286
87395,0.997828781605
87396,0.991604566574
87397,0.988412976265
87398,0.998406648636
87399,0.998606979847
87400,0.99848139286
87401,0.99329584837
87402,0.980683684349
87403,0.993826210499
87404,0.998368620872
87405,0.95883846283
87406,0.997900903225
87407,0.998606979847
87408,0.998606979847
87409,0.994884312153
87410,0.998606979847
87411,0.991972327232
87412,0.998606979847
87413,0.99838078022
87414,0.997525453568
87415,0.998606979847
87416,0.998406648636
87417,0.994143724442
87418,0.998606979847
87419,0.987391412258
87420,0.962417185307
87421,0.998406648636
87422,0.998606979847
87423,0.99848139286
87424,0.998606979847
87425,0.992507100105
87426,0.992977797985
87427,0.998606979847
87428,0.995334565639
87429,0.992829561234
87430,0.998483419418
87431,0.996045529842
87432,0.998153328896
87433,0.99848139286
87434,0.995363652706
87435,0.995076417923
87436,0.991592645645
87437,0.99820047617
87438,0.99554425478
87439,0.993533909321
87440,0.935799717903
87441,0.998606979847
87442,0.998606979847
87443,0.994767487049
87444,0.991083145142
87445,0.998606979847
87446,0.992131531239
87447,0.990884780884
87448,0.998606979847
87449,0.998407959938
87450,0.99838078022
87451,0.995125234127
87452,0.998054504395
87453,0.997734487057
87454,0.986053347588
87455,0.998606979847
87456,0.99848139286
87457,0.986816585064
87458,0.998483419418
87459,0.997866868973
87460,0.998606979847
87461,0.99838078022
87462,0.978444337845
87463,0.99359691143
87464,0.998606979847
87465,0.99091219902
87466,0.99820047617
87467,0.99820047617
87468,0.998102426529
87469,0.998153328896
87470,0.99734556675
87471,0.955243349075
87472,0.998606979847
87473,0.998407959938
87474,0.998606979847
87475,0.99848139286
87476,0.998606979847
87477,0.994143724442
87478,0.998606979847
87479,0.99848139286
87480,0.998200654984
87481,0.998005568981
87482,0.99848139286
87483,0.994841814041
87484,0.989644348621
87485,0.993375957012
87486,0.99263459444
87487,0.947378695011
87488,0.99838078022
87489,0.992716789246
87490,0.998606979847
87491,0.99838078022
87492,0.989444077015
87493,0.979842364788
87494,0.995117902756
87495,0.998081326485
87496,0.996162116528
87497,0.998606979847
87498,0.995879232883
87499,0.99848139286
87500,0.998606979847
87501,0.994021356106
87502,0.992829561234
87503,0.993826210499
87504,0.994067192078
87505,0.866995453835
87506,0.99848139286
87507,0.998155415058
87508,0.998606979847
87509,0.995267987251
87510,0.998606979847
87511,0.989381253719
87512,0.998406648636
87513,0.997508645058
87514,0.996674835682
87515,0.99829441309
87516,0.967349886894
87517,0.998407959938
87518,0.991540431976
87519,0.988524317741
87520,0.982326984406
87521,0.99848139286
87522,0.991182327271
87523,0.965133905411
87524,0.994271993637
87525,0.995104491711
87526,0.997679948807
87527,0.997508645058
87528,0.998606979847
87529,0.957022845745
87530,0.998606979847
87531,0.995394945145
87532,0.998606979847
87533,0.99829441309
87534,0.966002106667
87535,0.998483419418
87536,0.9974411726
87537,0.991682767868
87538,0.99793946743
87539,0.99782294035
87540,0.998606979847
87541,0.998606979847
87542,0.995708227158
87543,0.996842384338
87544,0.998606979847
87545,0.998606979847
87546,0.979354977608
87547,0.979771733284
87548,0.981261730194
87549,0.99848139286
87550,0.995053827763
87551,0.998606979847
87552,0.998606979847
87553,0.998606979847
87554,0.994321525097
87555,0.987120747566
87556,0.997849106789
87557,0.998407959938
87558,0.998428761959
87559,0.998368620872
87560,0.997436404228
87561,0.986630380154
87562,0.995392024517
87563,0.998606979847
87564,0.890967845917
87565,0.998407959938
87566,0.996586322784
87567,0.99793946743
87568,0.997783958912
87569,0.994486451149
87570,0.998200654984
87571,0.995321452618
87572,0.996842384338
87573,0.992921948433
87574,0.98171877861
87575,0.99793946743
87576,0.997901082039
87577,0.993914842606
87578,0.987605392933
87579,0.998293995857
87580,0.99793946743
87581,0.99793946743
87582,0.995757579803
87583,0.988481283188
87584,0.99848139286
87585,0.998606979847
87586,0.985480308533
87587,0.998260438442
87588,0.998200654984
87589,0.99263459444
87590,0.998153328896
87591,0.956118345261
87592,0.995117902756
87593,0.925418496132
87594,0.99793946743
87595,0.997436821461
87596,0.998606979847
87597,0.998406648636
87598,0.922664523125
87599,0.992331385612
87600,0.993271529675
87601,0.998260438442
87602,0.998606979847
87603,0.965982675552
87604,0.99848139286
87605,0.923388600349
87606,0.997464060783
87607,0.992389976978
87608,0.998606979847
87609,0.998606979847
87610,0.994384765625
87611,0.998606979847
87612,0.99848139286
87613,0.997366845608
87614,0.995879232883
87615,0.998200654984
87616,0.998606979847
87617,0.956501960754
87618,0.997235000134
87619,0.995401382446
87620,0.996674835682
87621,0.996027112007
87622,0.992829561234
87623,0.99644446373
87624,0.998606979847
87625,0.99838078022
87626,0.996917426586
87627,0.997475743294
87628,0.997951805592
87629,0.998483419418
87630,0.998606979847
87631,0.984263420105
87632,0.991762518883
87633,0.998606979847
87634,0.998606979847
87635,0.991528868675
87636,0.992829561234
87637,0.992021083832
87638,0.992875635624
87639,0.998368620872
87640,0.998155415058
87641,0.990359425545
87642,0.998606979847
87643,0.990642249584
87644,0.998606979847
87645,0.994462072849
87646,0.997989296913
87647,0.998606979847
87648,0.998606979847
87649,0.998047590256
87650,0.995158433914
87651,0.998181462288
87652,0.989558935165
87653,0.998406648636
87654,0.985458314419
87655,0.997900903225
87656,0.998606979847
87657,0.998606979847
87658,0.997575700283
87659,0.99848139286
87660,0.99838078022
87661,0.998428761959
87662,0.991879403591
87663,0.996573746204
87664,0.995075464249
87665,0.997768104076
87666,0.979059875011
87667,0.996027112007
87668,0.99761903286
87669,0.985453605652
87670,0.99633949995
87671,0.998200654984
87672,0.996837556362
87673,0.987273573875
87674,0.974948465824
87675,0.99848139286
87676,0.998483419418
87677,0.971872091293
87678,0.99838078022
87679,0.990172147751
87680,0.998606979847
87681,0.992156744003
87682,0.991165041924
87683,0.99770206213
87684,0.996312081814
87685,0.995886564255
87686,0.990229249001
87687,0.997989296913
87688,0.998606979847
87689,0.994981586933
87690,0.993826210499
87691,0.998227238655
87692,0.992829561234
87693,0.953227519989
87694,0.998606979847
87695,0.99848139286
87696,0.928981840611
87697,0.945355653763
87698,0.995782911777
87699,0.998606979847
87700,0.998606979847
87701,0.998606979847
87702,0.967492043972
87703,0.998606979847
87704,0.998606979847
87705,0.980494737625
87706,0.998606979847
87707,0.944453060627
87708,0.996603786945
87709,0.998606979847
87710,0.993702530861
87711,0.997891008854
87712,0.995010972023
87713,0.99848139286
87714,0.993048906326
87715,0.99838078022
87716,0.993048906326
87717,0.997558534145
87718,0.993964195251
87719,0.978252291679
87720,0.998606979847
87721,0.998606979847
87722,0.856318712234
87723,0.990806818008
87724,0.99801248312
87725,0.998407959938
87726,0.994213104248
87727,0.998606979847
87728,0.997393488884
87729,0.998406648636
87730,0.997858762741
87731,0.998227238655
87732,0.99793946743
87733,0.998606979847
87734,0.998357594013
87735,0.997806489468
87736,0.997828781605
87737,0.99793946743
87738,0.99848139286
87739,0.998606979847
87740,0.99838078022
87741,0.998483419418
87742,0.996146798134
87743,0.998606979847
87744,0.961927831173
87745,0.998606979847
87746,0.981630265713
87747,0.998364388943
87748,0.964384794235
87749,0.993255913258
87750,0.99838078022
87751,0.985350847244
87752,0.998081326485
87753,0.991370618343
87754,0.987088501453
87755,0.998013615608
87756,0.998406648636
87757,0.991442739964
87758,0.998031020164
87759,0.99848139286
87760,0.992269158363
87761,0.998606979847
87762,0.998606979847
87763,0.996842384338
87764,0.996449172497
87765,0.97750377655
87766,0.99198538065
87767,0.998041689396
87768,0.992883503437
87769,0.993983745575
87770,0.994453310966
87771,0.998200654984
87772,0.99848139286
87773,0.998606979847
87774,0.998054504395
87775,0.997658252716
87776,0.994904756546
87777,0.993826210499
87778,0.998606979847
87779,0.957825183868
87780,0.99323707819
87781,0.989727556705
87782,0.99782294035
87783,0.996162116528
87784,0.99240732193
87785,0.996909737587
87786,0.993423700333
87787,0.996842384338
87788,0.99394762516
87789,0.985046446323
87790,0.998606979847
87791,0.998606979847
87792,0.998606979847
87793,0.99793946743
87794,0.992829561234
87795,0.99644446373
87796,0.964519381523
87797,0.993910908699
87798,0.998276054859
87799,0.99829441309
87800,0.99848139286
87801,0.991433680058
87802,0.993601381779
87803,0.992947757244
87804,0.994034290314
87805,0.99848139286
87806,0.99587225914
87807,0.998276054859
87808,0.981264650822
87809,0.993688821793
87810,0.992705583572
87811,0.9753921628
87812,0.998606979847
87813,0.998606979847
87814,0.998606979847
87815,0.975568592548
87816,0.998483419418
87817,0.998606979847
87818,0.997781097889
87819,0.970763683319
87820,0.991422832012
87821,0.991210520267
87822,0.987040817738
87823,0.99254989624
87824,0.997615814209
87825,0.985080182552
87826,0.963758349419
87827,0.998013615608
87828,0.988769054413
87829,0.99848139286
87830,0.998606979847
87831,0.994040966034
87832,0.998220264912
87833,0.997900903225
87834,0.998606979847
87835,0.993603289127
87836,0.93218767643
87837,0.99439239502
87838,0.997783958912
87839,0.990244090557
87840,0.998081326485
87841,0.991652548313
87842,0.832531630993
87843,0.988729357719
87844,0.998364388943
87845,0.998606979847
87846,0.99587225914
87847,0.99829441309
87848,0.99263894558
87849,0.998013615608
87850,0.995518863201
87851,0.998606979847
87852,0.998013615608
87853,0.992716789246
87854,0.998606979847
87855,0.998606979847
87856,0.998368620872
87857,0.997530639172
87858,0.998606979847
87859,0.990176737309
87860,0.998606979847
87861,0.997530579567
87862,0.99804186821
87863,0.998606979847
87864,0.998094499111
87865,0.998266220093
87866,0.99644446373
87867,0.990049362183
87868,0.998606979847
87869,0.998276054859
87870,0.993020057678
87871,0.998406648636
87872,0.998406648636
87873,0.991959631443
87874,0.989503264427
87875,0.998111128807
87876,0.998606979847
87877,0.998200654984
87878,0.996411442757
87879,0.998220264912
87880,0.997783958912
87881,0.998406648636
87882,0.987872302532
87883,0.998407959938
87884,0.98510324955
87885,0.998081326485
87886,0.993489563465
87887,0.998606979847
87888,0.998407959938
87889,0.998606979847
87890,0.998606979847
87891,0.992829561234
87892,0.997472524643
87893,0.978943288326
87894,0.960089683533
87895,0.998227238655
87896,0.995678424835
87897,0.998145222664
87898,0.998606979847
87899,0.986039340496
87900,0.998606979847
87901,0.99838078022
87902,0.998606979847
87903,0.998606979847
87904,0.994758427143
87905,0.996411442757
87906,0.989355683327
87907,0.992875635624
87908,0.998606979847
87909,0.997783958912
87910,0.998606979847
87911,0.99848139286
87912,0.852540791035
87913,0.957333564758
87914,0.994841814041
87915,0.99458527565
87916,0.902723073959
87917,0.991635262966
87918,0.998260438442
87919,0.992549538612
87920,0.998324692249
87921,0.998606979847
87922,0.998428761959
87923,0.984318971634
87924,0.953004717827
87925,0.997457504272
87926,0.994326114655
87927,0.993318319321
87928,0.988092243671
87929,0.998181462288
87930,0.992020487785
87931,0.996842384338
87932,0.99838078022
87933,0.998606979847
87934,0.998606979847
87935,0.998406648636
87936,0.998428761959
87937,0.991377651691
87938,0.958297908306
87939,0.997889041901
87940,0.99633949995
87941,0.992021083832
87942,0.997828781605
87943,0.996015369892
87944,0.978967308998
87945,0.995137870312
87946,0.992705345154
87947,0.978184580803
87948,0.996033132076
87949,0.996292173862
87950,0.993533909321
87951,0.998606979847
87952,0.992260575294
87953,0.986533045769
87954,0.995116114616
87955,0.994199931622
87956,0.998302519321
87957,0.993212997913
87958,0.996309936047
87959,0.998260438442
87960,0.997960448265
87961,0.998606979847
87962,0.99820047617
87963,0.997891008854
87964,0.963627099991
87965,0.982157289982
87966,0.99848139286
87967,0.975528299809
87968,0.995839357376
87969,0.99263459444
87970,0.998606979847
87971,0.993826210499
87972,0.99848139286
87973,0.994370102882
87974,0.99848139286
87975,0.998606979847
87976,0.998406648636
87977,0.998606979847
87978,0.998606979847
87979,0.998606979847
87980,0.998483419418
87981,0.998606979847
87982,0.992947757244
87983,0.994940757751
87984,0.992829561234
87985,0.998606979847
87986,0.996842384338
87987,0.998606979847
87988,0.998190522194
87989,0.995874881744
87990,0.99820047617
87991,0.995388090611
87992,0.996015369892
87993,0.997621715069
87994,0.997698545456
87995,0.998606979847
87996,0.998260438442
87997,0.992991924286
87998,0.998406648636
87999,0.998606979847
88000,0.954731822014
88001,0.996146798134
88002,0.986330091953
88003,0.998302519321
88004,0.998606979847
88005,0.998606979847
88006,0.991762518883
88007,0.984582006931
88008,0.998606979847
88009,0.921943187714
88010,0.996353328228
88011,0.993784725666
88012,0.998606979847
88013,0.997804522514
88014,0.994525492191
88015,0.998200654984
88016,0.997679948807
88017,0.990705966949
88018,0.998606979847
88019,0.993826210499
88020,0.980976760387
88021,0.983173131943
88022,0.995878458023
88023,0.994841814041
88024,0.992389976978
88025,0.99793946743
88026,0.981994688511
88027,0.944213271141
88028,0.993722617626
88029,0.998606979847
88030,0.998081326485
88031,0.991687595844
88032,0.99838078022
88033,0.998606979847
88034,0.998041689396
88035,0.998606979847
88036,0.998606979847
88037,0.998155415058
88038,0.991672754288
88039,0.998606979847
88040,0.977552056313
88041,0.994836211205
88042,0.992047786713
88043,0.998483419418
88044,0.995189845562
88045,0.998406648636
88046,0.995883405209
88047,0.998606979847
88048,0.991540431976
88049,0.998276054859
88050,0.998606979847
88051,0.998406648636
88052,0.998606979847
88053,0.991576969624
88054,0.888407409191
88055,0.998407959938
88056,0.995257675648
88057,0.99224960804
88058,0.99271351099
88059,0.991120517254
88060,0.965118646622
88061,0.987085700035
88062,0.99554425478
88063,0.992821753025
88064,0.998606979847
88065,0.99232250452
88066,0.961686789989
88067,0.99793946743
88068,0.992780387402
88069,0.99554425478
88070,0.994103848934
88071,0.998200178146
88072,0.99848139286
88073,0.996603786945
88074,0.998145222664
88075,0.987842917442
88076,0.99848139286
88077,0.99554592371
88078,0.994841814041
88079,0.998606979847
88080,0.998428761959
88081,0.994217097759
88082,0.998013615608
88083,0.995389699936
88084,0.991992235184
88085,0.99813079834
88086,0.998368620872
88087,0.994040966034
88088,0.996842384338
88089,0.998235344887
88090,0.998606979847
88091,0.998302519321
88092,0.99776917696
88093,0.99848139286
88094,0.998181462288
88095,0.996034264565
88096,0.99848139286
88097,0.997725665569
88098,0.998606979847
88099,0.998606979847
88100,0.998606979847
88101,0.994138598442
88102,0.992288827896
88103,0.993826210499
88104,0.996062517166
88105,0.998184978962
88106,0.998606979847
88107,0.998013615608
88108,0.988347649574
88109,0.994273543358
88110,0.99848139286
88111,0.982653737068
88112,0.966268420219
88113,0.992050349712
88114,0.987754881382
88115,0.993255913258
88116,0.998606979847
88117,0.971930384636
88118,0.990048766136
88119,0.997679948807
88120,0.996548771858
88121,0.998428761959
88122,0.994758427143
88123,0.997889041901
88124,0.998606979847
88125,0.976995050907
88126,0.996062517166
88127,0.998606979847
88128,0.998260438442
88129,0.992021083832
88130,0.985801875591
88131,0.998084664345
88132,0.996842384338
88133,0.997783958912
88134,0.971099853516
88135,0.991945624352
88136,0.995107889175
88137,0.998606979847
88138,0.998606979847
88139,0.998483419418
88140,0.99210113287
88141,0.990442335606
88142,0.964814841747
88143,0.997592926025
88144,0.998352825642
88145,0.998368620872
88146,0.990568757057
88147,0.998606979847
88148,0.997725665569
88149,0.996062338352
88150,0.961178541183
88151,0.994414925575
88152,0.997728407383
88153,0.995517611504
88154,0.998013615608
88155,0.99848139286
88156,0.99848139286
88157,0.992225527763
88158,0.99599558115
88159,0.992037057877
88160,0.997114419937
88161,0.99793946743
88162,0.990246236324
88163,0.998368620872
88164,0.997486829758
88165,0.953679680824
88166,0.980638027191
88167,0.982536077499
88168,0.998260438442
88169,0.992482304573
88170,0.996842384338
88171,0.992821753025
88172,0.990172147751
88173,0.997311890125
88174,0.998606979847
88175,0.988985657692
88176,0.990463018417
88177,0.988508284092
88178,0.997960448265
88179,0.992947757244
88180,0.99848139286
88181,0.99793946743
88182,0.998606979847
88183,0.974646449089
88184,0.992230832577
88185,0.951584935188
88186,0.998606979847
88187,0.998606979847
88188,0.998606979847
88189,0.991939842701
88190,0.996027112007
88191,0.968067169189
88192,0.99793946743
88193,0.992762625217
88194,0.996076047421
88195,0.95854061842
88196,0.998606979847
88197,0.993826210499
88198,0.998276054859
88199,0.998483419418
88200,0.993722617626
88201,0.998260438442
88202,0.998606979847
88203,0.99848139286
88204,0.998606979847
88205,0.988297402859
88206,0.996775567532
88207,0.961301088333
88208,0.975727081299
88209,0.99265319109
88210,0.998606979847
88211,0.998079001904
88212,0.9962053895
88213,0.99793946743
88214,0.99848139286
88215,0.96121519804
88216,0.997850000858
88217,0.997262656689
88218,0.996842384338
88219,0.998406648636
88220,0.99838078022
88221,0.991028249264
88222,0.998606979847
88223,0.988985657692
88224,0.99554425478
88225,0.997968196869
88226,0.99760556221
88227,0.997803032398
88228,0.99413985014
88229,0.9345266819
88230,0.998606979847
88231,0.998407959938
88232,0.998102426529
88233,0.97562456131
88234,0.995532512665
88235,0.998606979847
88236,0.998368620872
88237,0.998606979847
88238,0.996146798134
88239,0.997889041901
88240,0.991813063622
88241,0.99848139286
88242,0.998260438442
88243,0.996533155441
88244,0.998483419418
88245,0.993048906326
88246,0.991295814514
88247,0.997828781605
88248,0.998606979847
88249,0.992400109768
88250,0.582925021648
88251,0.998216986656
88252,0.996353328228
88253,0.996842384338
88254,0.998606979847
88255,0.998276054859
88256,0.997788965702
88257,0.998406648636
88258,0.971644103527
88259,0.992614209652
88260,0.970366597176
88261,0.998428761959
88262,0.995257675648
88263,0.998200654984
88264,0.99644446373
88265,0.996603786945
88266,0.99398458004
88267,0.997900903225
88268,0.994359254837
88269,0.99848139286
88270,0.992451310158
88271,0.998406648636
88272,0.9974411726
88273,0.998606979847
88274,0.99838078022
88275,0.992716789246
88276,0.960510134697
88277,0.998606979847
88278,0.988388180733
88279,0.959534943104
88280,0.982622206211
88281,0.998406648636
88282,0.994300663471
88283,0.996353328228
88284,0.99848139286
88285,0.993375957012
88286,0.99838078022
88287,0.99848139286
88288,0.998606979847
88289,0.985694169998
88290,0.976653635502
88291,0.998407959938
88292,0.998606979847
88293,0.998428761959
88294,0.989532232285
88295,0.99312633276
88296,0.992373645306
88297,0.998276054859
88298,0.995044231415
88299,0.998483419418
88300,0.99820047617
88301,0.99829441309
88302,0.990172147751
88303,0.997749149799
88304,0.992655813694
88305,0.985930144787
88306,0.998293995857
88307,0.996043324471
88308,0.998606979847
88309,0.998606979847
88310,0.990780174732
88311,0.998606979847
88312,0.998606979847
88313,0.998606979847
88314,0.996842384338
88315,0.998181462288
88316,0.988103508949
88317,0.998606979847
88318,0.998406648636
88319,0.998606979847
88320,0.998407959938
88321,0.987950325012
88322,0.998276054859
88323,0.99848139286
88324,0.99820047617
88325,0.996842384338
88326,0.993471503258
88327,0.998406648636
88328,0.998079001904
88329,0.996138811111
88330,0.998200654984
88331,0.998606979847
88332,0.998111128807
88333,0.992947757244
88334,0.996162116528
88335,0.998606979847
88336,0.996842384338
88337,0.998200654984
88338,0.998094499111
88339,0.998606979847
88340,0.998153328896
88341,0.998606979847
88342,0.998483419418
88343,0.991143465042
88344,0.94870787859
88345,0.998005568981
88346,0.998112678528
88347,0.998084783554
88348,0.998406648636
88349,0.998113453388
88350,0.968112468719
88351,0.997486829758
88352,0.995255172253
88353,0.996027112007
88354,0.997951805592
88355,0.998081326485
88356,0.998273909092
88357,0.998260438442
88358,0.992882192135
88359,0.993903100491
88360,0.997364938259
88361,0.997222304344
88362,0.93203163147
88363,0.998181462288
88364,0.998406648636
88365,0.984904229641
88366,0.992829561234
88367,0.99820047617
88368,0.939148306847
88369,0.99259531498
88370,0.997620403767
88371,0.996034264565
88372,0.997599542141
88373,0.992389976978
88374,0.994181513786
88375,0.994099259377
88376,0.998276054859
88377,0.990883767605
88378,0.997224986553
88379,0.989491760731
88380,0.99254989624
88381,0.998606979847
88382,0.994187355042
88383,0.998606979847
88384,0.990005195141
88385,0.99848139286
88386,0.998606979847
88387,0.998483419418
88388,0.998606979847
88389,0.992725431919
88390,0.992829561234
88391,0.998606979847
88392,0.992787539959
88393,0.998606979847
88394,0.998407959938
88395,0.979111969471
88396,0.99820047617
88397,0.97516644001
88398,0.998606979847
88399,0.99838078022
88400,0.994273304939
88401,0.993826210499
88402,0.992820084095
88403,0.985615670681
88404,0.954251766205
88405,0.990475893021
88406,0.99848139286
88407,0.997783958912
88408,0.99848139286
88409,0.99770206213
88410,0.981123805046
88411,0.998606979847
88412,0.998368620872
88413,0.998406648636
88414,0.969127118587
88415,0.99838078022
88416,0.993494808674
88417,0.99838078022
88418,0.998606979847
88419,0.99848139286
88420,0.998606979847
88421,0.998606979847
88422,0.99578422308
88423,0.991476595402
88424,0.993722617626
88425,0.99848139286
88426,0.991777837276
88427,0.993414878845
88428,0.99848139286
88429,0.99848139286
88430,0.998220264912
88431,0.998406648636
88432,0.994099259377
88433,0.998260438442
88434,0.864137291908
88435,0.998219430447
88436,0.990939736366
88437,0.99793946743
88438,0.931264638901
88439,0.917677223682
88440,0.998606979847
88441,0.993329167366
88442,0.99554425478
88443,0.933729290962
88444,0.998606979847
88445,0.99829441309
88446,0.998606979847
88447,0.998606979847
88448,0.891142904758
88449,0.998606979847
88450,0.997989296913
88451,0.993969023228
88452,0.998216986656
88453,0.998606979847
88454,0.99793946743
88455,0.998022854328
88456,0.991540431976
88457,0.995076417923
88458,0.987504124641
88459,0.994181513786
88460,0.998606979847
88461,0.992939531803
88462,0.998406648636
88463,0.989591538906
88464,0.99848139286
88465,0.983307778835
88466,0.998606979847
88467,0.988970398903
88468,0.993901371956
88469,0.997642397881
88470,0.99848139286
88471,0.998606979847
88472,0.998181462288
88473,0.998260438442
88474,0.998153328896
88475,0.998368620872
88476,0.998606979847
88477,0.998260438442
88478,0.998368620872
88479,0.993312358856
88480,0.994841814041
88481,0.943959712982
88482,0.974476337433
88483,0.99829441309
88484,0.997592926025
88485,0.99782294035
88486,0.998606979847
88487,0.998153328896
88488,0.998111128807
88489,0.998406648636
88490,0.998012661934
88491,0.997367501259
88492,0.998606979847
88493,0.998606979847
88494,0.987262845039
88495,0.998606979847
88496,0.998606979847
88497,0.99848139286
88498,0.996612906456
88499,0.99793946743
88500,0.995104491711
88501,0.994311213493
88502,0.998606979847
88503,0.997828781605
88504,0.993912994862
88505,0.998606979847
88506,0.998606979847
88507,0.998200654984
88508,0.995223701
88509,0.989101409912
88510,0.998368620872
88511,0.992411196232
88512,0.997418224812
88513,0.998606979847
88514,0.998153328896
88515,0.998352825642
88516,0.992657363415
88517,0.998606979847
88518,0.993967831135
88519,0.942574858665
88520,0.991762518883
88521,0.997783362865
88522,0.991777837276
88523,0.99848139286
88524,0.99848139286
88525,0.994481861591
88526,0.995873093605
88527,0.987325668335
88528,0.998606979847
88529,0.994181513786
88530,0.993903100491
88531,0.992614209652
88532,0.963494956493
88533,0.997888922691
88534,0.980332791805
88535,0.996667027473
88536,0.998606979847
88537,0.998606979847
88538,0.998606979847
88539,0.998606979847
88540,0.996933102608
88541,0.998606979847
88542,0.998606979847
88543,0.998606979847
88544,0.990448892117
88545,0.998606979847
88546,0.970350444317
88547,0.997301340103
88548,0.982577085495
88549,0.932523608208
88550,0.99848139286
88551,0.997532427311
88552,0.998260438442
88553,0.991060078144
88554,0.998606979847
88555,0.998013615608
88556,0.998606979847
88557,0.996353328228
88558,0.998606979847
88559,0.997804522514
88560,0.978919923306
88561,0.998606979847
88562,0.985491871834
88563,0.988850355148
88564,0.998200654984
88565,0.998606979847
88566,0.998606979847
88567,0.998606979847
88568,0.998606979847
88569,0.965690732002
88570,0.998406648636
88571,0.997841417789
88572,0.998406648636
88573,0.998606979847
88574,0.997679948807
88575,0.992614209652
88576,0.99838078022
88577,0.998606979847
88578,0.992021083832
88579,0.922800421715
88580,0.981724321842
88581,0.998606979847
88582,0.99848139286
88583,0.996353328228
88584,0.998483419418
88585,0.998606979847
88586,0.998606979847
88587,0.992829561234
88588,0.998606979847
88589,0.991971492767
88590,0.998606979847
88591,0.996842384338
88592,0.995844423771
88593,0.992947757244
88594,0.998031020164
88595,0.998606979847
88596,0.995149433613
88597,0.995719432831
88598,0.992829561234
88599,0.972319424152
88600,0.991143465042
88601,0.995924770832
88602,0.99761903286
88603,0.998606979847
88604,0.977731645107
88605,0.998163342476
88606,0.993826210499
88607,0.993826210499
88608,0.998606979847
88609,0.934380412102
88610,0.998606979847
88611,0.998606979847
88612,0.998406648636
88613,0.997855246067
88614,0.980085134506
88615,0.99820047617
88616,0.998606979847
88617,0.998606979847
88618,0.992288827896
88619,0.997571706772
88620,0.998606979847
88621,0.996072053909
88622,0.959159612656
88623,0.996411442757
88624,0.990665197372
88625,0.956137299538
88626,0.992827653885
88627,0.998606979847
88628,0.99848139286
88629,0.934612572193
88630,0.998606979847
88631,0.996607661247
88632,0.998153328896
88633,0.996842384338
88634,0.99838078022
88635,0.998483419418
88636,0.99838078022
88637,0.995738744736
88638,0.998606979847
88639,0.993903100491
88640,0.989927232265
88641,0.998606979847
88642,0.998220264912
88643,0.99820047617
88644,0.993826210499
88645,0.992130994797
88646,0.993285596371
88647,0.990995109081
88648,0.998606979847
88649,0.99829441309
88650,0.997889041901
88651,0.998606979847
88652,0.995897114277
88653,0.998606979847
88654,0.99848139286
88655,0.989273488522
88656,0.998606979847
88657,0.99848139286
88658,0.998406648636
88659,0.995189249516
88660,0.998606979847
88661,0.98627692461
88662,0.99793946743
88663,0.996027112007
88664,0.992933571339
88665,0.998606979847
88666,0.994058012962
88667,0.998606979847
88668,0.99848139286
88669,0.959662914276
88670,0.986175954342
88671,0.997889041901
88672,0.993945300579
88673,0.998606979847
88674,0.997900903225
88675,0.99838078022
88676,0.994968414307
88677,0.998606979847
88678,0.995508491993
88679,0.994187355042
88680,0.99644446373
88681,0.998276054859
88682,0.998200654984
88683,0.968015789986
88684,0.998606979847
88685,0.994291484356
88686,0.995394349098
88687,0.99848139286
88688,0.992243826389
88689,0.992581546307
88690,0.965410411358
88691,0.99848139286
88692,0.993319034576
88693,0.984651386738
88694,0.99145758152
88695,0.985789895058
88696,0.996842384338
88697,0.99848139286
88698,0.895969331264
88699,0.974317371845
88700,0.998606979847
88701,0.995879232883
88702,0.987540900707
88703,0.992154538631
88704,0.9707467556
88705,0.995985627174
88706,0.998606979847
88707,0.990189790726
88708,0.99829441309
88709,0.991687476635
88710,0.990825891495
88711,0.997621715069
88712,0.993144750595
88713,0.99848139286
88714,0.998260438442
88715,0.997224986553
88716,0.99820047617
88717,0.992657363415
88718,0.992740154266
88719,0.996007800102
88720,0.996842384338
88721,0.992947757244
88722,0.998606979847
88723,0.99793946743
88724,0.992225527763
88725,0.998606979847
88726,0.992829561234
88727,0.99848139286
88728,0.99848139286
88729,0.998606979847
88730,0.997762143612
88731,0.997828781605
88732,0.997815132141
88733,0.998406648636
88734,0.995365738869
88735,0.998145222664
88736,0.995185136795
88737,0.998606979847
88738,0.993319034576
88739,0.961169421673
88740,0.993031740189
88741,0.998407959938
88742,0.985750436783
88743,0.993826210499
88744,0.997599542141
88745,0.99838078022
88746,0.997415721416
88747,0.998606979847
88748,0.998407959938
88749,0.988695681095
88750,0.99793946743
88751,0.998606979847
88752,0.998483419418
88753,0.99793946743
88754,0.992769956589
88755,0.990996003151
88756,0.994735658169
88757,0.998406648636
88758,0.99415743351
88759,0.994382977486
88760,0.997891008854
88761,0.994638204575
88762,0.992389976978
88763,0.852643191814
88764,0.998606979847
88765,0.991142272949
88766,0.997149407864
88767,0.99079144001
88768,0.992231249809
88769,0.970717668533
88770,0.976121127605
88771,0.998606979847
88772,0.998606979847
88773,0.998145222664
88774,0.998606979847
88775,0.996842384338
88776,0.998606979847
88777,0.998606979847
88778,0.992225527763
88779,0.998606979847
88780,0.99204403162
88781,0.99083340168
88782,0.998606979847
88783,0.998606979847
88784,0.998606979847
88785,0.99838078022
88786,0.995782911777
88787,0.997592926025
88788,0.99838078022
88789,0.998428761959
88790,0.998145222664
88791,0.986532628536
88792,0.998081326485
88793,0.998145222664
88794,0.990705966949
88795,0.991995751858
88796,0.998352825642
88797,0.997486829758
88798,0.99838078022
88799,0.99848139286
88800,0.992829561234
88801,0.992631018162
88802,0.948949337006
88803,0.998606979847
88804,0.994809627533
88805,0.99076706171
88806,0.979907631874
88807,0.99848139286
88808,0.998606979847
88809,0.998606979847
88810,0.998428761959
88811,0.990189790726
88812,0.993598997593
88813,0.99838078022
88814,0.992266952991
88815,0.99838078022
88816,0.970459997654
88817,0.997889041901
88818,0.989641666412
88819,0.993903100491
88820,0.990406572819
88821,0.992389976978
88822,0.986011922359
88823,0.993354678154
88824,0.993857443333
88825,0.998047590256
88826,0.993284165859
88827,0.998606979847
88828,0.998428761959
88829,0.995216012001
88830,0.997393488884
88831,0.994542181492
88832,0.998220264912
88833,0.99782294035
88834,0.998368620872
88835,0.99644446373
88836,0.993285596371
88837,0.99804186821
88838,0.998606979847
88839,0.997849106789
88840,0.998606979847
88841,0.997558534145
88842,0.998606979847
88843,0.982985973358
88844,0.995516598225
88845,0.998368620872
88846,0.996842384338
88847,0.998081982136
88848,0.998606979847
88849,0.998364388943
88850,0.998606979847
88851,0.975416362286
88852,0.99782294035
88853,0.997464060783
88854,0.866915166378
88855,0.991112053394
88856,0.997841417789
88857,0.998407959938
88858,0.996411442757
88859,0.998606979847
88860,0.997679948807
88861,0.998606979847
88862,0.99120259285
88863,0.998606979847
88864,0.998428761959
88865,0.993826210499
88866,0.995883405209
88867,0.863690435886
88868,0.990239500999
88869,0.998606979847
88870,0.99829441309
88871,0.99644446373
88872,0.972732901573
88873,0.98205524683
88874,0.997866868973
88875,0.998606979847
88876,0.996411442757
88877,0.998483419418
88878,0.985752999783
88879,0.998606979847
88880,0.99820047617
88881,0.998406648636
88882,0.994428932667
88883,0.97604906559
88884,0.99263459444
88885,0.996603786945
88886,0.99633949995
88887,0.995883405209
88888,0.99263459444
88889,0.992778658867
88890,0.884758412838
88891,0.991806387901
88892,0.995458245277
88893,0.990226686001
88894,0.99848139286
88895,0.997123718262
88896,0.993079900742
88897,0.994212210178
88898,0.99838078022
88899,0.998606979847
88900,0.992657363415
88901,0.99848139286
88902,0.994311213493
88903,0.998606979847
88904,0.998111128807
88905,0.997778236866
88906,0.99793946743
88907,0.997537434101
88908,0.998606979847
88909,0.985020160675
88910,0.998406648636
88911,0.987246096134
88912,0.991197645664
88913,0.998406648636
88914,0.99848139286
88915,0.998406648636
88916,0.998407959938
88917,0.996842384338
88918,0.998606979847
88919,0.99838078022
88920,0.99848139286
88921,0.99359691143
88922,0.997783958912
88923,0.99418336153
88924,0.998260438442
88925,0.998407959938
88926,0.993012964725
88927,0.995817005634
88928,0.99458527565
88929,0.993271529675
88930,0.992936730385
88931,0.994262695312
88932,0.993075370789
88933,0.99584710598
88934,0.974910080433
88935,0.996583402157
88936,0.993106603622
88937,0.998606979847
88938,0.998406648636
88939,0.99838078022
88940,0.998606979847
88941,0.998606979847
88942,0.998190522194
88943,0.995901405811
88944,0.998606979847
88945,0.997937142849
88946,0.998407959938
88947,0.99848139286
88948,0.964744389057
88949,0.998606979847
88950,0.998606979847
88951,0.998606979847
88952,0.998153328896
88953,0.995668113232
88954,0.99327981472
88955,0.991762518883
88956,0.998406648636
88957,0.994554698467
88958,0.983045518398
88959,0.991143465042
88960,0.992325246334
88961,0.998606979847
88962,0.979202508926
88963,0.996027112007
88964,0.991762518883
88965,0.983895719051
88966,0.99838078022
88967,0.998406648636
88968,0.991672158241
88969,0.96118080616
88970,0.998606979847
88971,0.994758427143
88972,0.977019846439
88973,0.998606979847
88974,0.987975299358
88975,0.998406648636
88976,0.998606979847
88977,0.988769054413
88978,0.988258063793
88979,0.997937142849
88980,0.992614209652
88981,0.99848139286
88982,0.99838078022
88983,0.998606979847
88984,0.964053750038
88985,0.997783958912
88986,0.998407959938
88987,0.994181513786
88988,0.9891294837
88989,0.99848139286
88990,0.997783958912
88991,0.987651348114
88992,0.993511855602
88993,0.992716789246
88994,0.993551790714
88995,0.998606979847
88996,0.998211562634
88997,0.983583509922
88998,0.995052993298
88999,0.997828781605
89000,0.989592850208
89001,0.993824005127
89002,0.991687476635
89003,0.998606979847
89004,0.997815132141
89005,0.983982503414
89006,0.998606979847
89007,0.961416721344
89008,0.965574741364
89009,0.998606979847
89010,0.99644446373
89011,0.998606979847
89012,0.998364388943
89013,0.998145222664
89014,0.994413077831
89015,0.998606979847
89016,0.99820047617
89017,0.99848139286
89018,0.998606979847
89019,0.998220264912
89020,0.991893649101
89021,0.997728407383
89022,0.99848139286
89023,0.99838078022
89024,0.998483419418
89025,0.99848139286
89026,0.99838078022
89027,0.998200654984
89028,0.998606979847
89029,0.85557615757
89030,0.998606979847
89031,0.994832515717
89032,0.99848139286
89033,0.997788965702
89034,0.998606979847
89035,0.998606979847
89036,0.99848139286
89037,0.997301340103
89038,0.994872868061
89039,0.995189845562
89040,0.998606979847
89041,0.997700989246
89042,0.994176864624
89043,0.998606979847
89044,0.991005063057
89045,0.99848139286
89046,0.99848139286
89047,0.982128500938
89048,0.998606979847
89049,0.998368620872
89050,0.995609223843
89051,0.997745871544
89052,0.996825456619
89053,0.998606979847
89054,0.998606979847
89055,0.993722617626
89056,0.99848139286
89057,0.99848139286
89058,0.998606979847
89059,0.998606979847
89060,0.981761515141
89061,0.996603786945
89062,0.998368620872
89063,0.991681039333
89064,0.990610361099
89065,0.945427894592
89066,0.99259775877
89067,0.959232211113
89068,0.983617663383
89069,0.975221931934
89070,0.990669667721
89071,0.998606979847
89072,0.985440433025
89073,0.998276054859
89074,0.998606979847
89075,0.997989296913
89076,0.99838078022
89077,0.993048906326
89078,0.998606979847
89079,0.998606979847
89080,0.997988402843
89081,0.994841814041
89082,0.990083217621
89083,0.993941962719
89084,0.998200654984
89085,0.978686153889
89086,0.993384063244
89087,0.99848139286
89088,0.99848139286
89089,0.99792098999
89090,0.998606979847
89091,0.996027112007
89092,0.993735611439
89093,0.998241424561
89094,0.994940757751
89095,0.998606979847
89096,0.992829561234
89097,0.99838078022
89098,0.985243439674
89099,0.99838078022
89100,0.998606979847
89101,0.985150456429
89102,0.998364388943
89103,0.960514962673
89104,0.998483419418
89105,0.998364388943
89106,0.997783958912
89107,0.998606979847
89108,0.996586322784
89109,0.99202311039
89110,0.998606979847
89111,0.97450196743
89112,0.998606979847
89113,0.992947757244
89114,0.932615458965
89115,0.996027112007
89116,0.98749512434
89117,0.998606979847
89118,0.782820224762
89119,0.997858762741
89120,0.998022079468
89121,0.991879403591
89122,0.940376698971
89123,0.979983687401
89124,0.995370090008
89125,0.991935968399
89126,0.967941462994
89127,0.9974411726
89128,0.950335800648
89129,0.99378323555
89130,0.998181462288
89131,0.979687035084
89132,0.995985627174
89133,0.992296695709
89134,0.998606979847
89135,0.998406648636
89136,0.998047590256
89137,0.99793946743
89138,0.998606979847
89139,0.996784746647
89140,0.997600913048
89141,0.997342407703
89142,0.984069168568
89143,0.990820527077
89144,0.988054513931
89145,0.998428761959
89146,0.992614209652
89147,0.996027112007
89148,0.884748876095
89149,0.988489627838
89150,0.998606979847
89151,0.908733427525
89152,0.99848139286
89153,0.998606979847
89154,0.998606979847
89155,0.985350430012
89156,0.994982600212
89157,0.998145222664
89158,0.939686894417
89159,0.993908584118
89160,0.997530579567
89161,0.984669983387
89162,0.994740188122
89163,0.998606979847
89164,0.972907066345
89165,0.995879232883
89166,0.959267497063
89167,0.994767725468
89168,0.998606979847
89169,0.993048906326
89170,0.998364388943
89171,0.998606979847
89172,0.995348930359
89173,0.998606979847
89174,0.998260438442
89175,0.936977505684
89176,0.998606979847
89177,0.99848139286
89178,0.995802223682
89179,0.998606979847
89180,0.998606979847
89181,0.998606979847
89182,0.99313634634
89183,0.99506509304
89184,0.99838078022
89185,0.998013615608
89186,0.998606979847
89187,0.992617785931
89188,0.997745871544
89189,0.945017814636
89190,0.998406648636
89191,0.981752574444
89192,0.9852617383
89193,0.995757579803
89194,0.998407959938
89195,0.998606979847
89196,0.997272670269
89197,0.98240339756
89198,0.998606979847
89199,0.997783958912
89200,0.997828781605
89201,0.998606979847
89202,0.993180632591
89203,0.998220264912
89204,0.997828781605
89205,0.998606979847
89206,0.991576969624
89207,0.998606979847
89208,0.99838078022
89209,0.997783958912
89210,0.998606979847
89211,0.997888922691
89212,0.989056646824
89213,0.99540412426
89214,0.998606979847
89215,0.998220264912
89216,0.998102426529
89217,0.992536485195
89218,0.99838078022
89219,0.97622025013
89220,0.998606979847
89221,0.998428761959
89222,0.99145513773
89223,0.996842384338
89224,0.994847416878
89225,0.996411442757
89226,0.962920427322
89227,0.998260438442
89228,0.997828781605
89229,0.998606979847
89230,0.993615746498
89231,0.99848139286
89232,0.967523992062
89233,0.99793946743
89234,0.998220264912
89235,0.998606979847
89236,0.996644258499
89237,0.998606979847
89238,0.998112678528
89239,0.998606979847
89240,0.996607661247
89241,0.998606979847
89242,0.984243392944
89243,0.998260438442
89244,0.998606979847
89245,0.99838078022
89246,0.991548895836
89247,0.998407959938
89248,0.992829561234
89249,0.996027112007
89250,0.996842384338
89251,0.998606979847
89252,0.995235741138
89253,0.99848139286
89254,0.984263420105
89255,0.992926299572
89256,0.998606979847
89257,0.99848139286
89258,0.998606979847
89259,0.991245388985
89260,0.993730425835
89261,0.997866868973
89262,0.998483419418
89263,0.998368620872
89264,0.998606979847
89265,0.993136286736
89266,0.998081982136
89267,0.993384420872
89268,0.99848139286
89269,0.996603786945
89270,0.992571413517
89271,0.998606979847
89272,0.994305551052
89273,0.982350707054
89274,0.994975686073
89275,0.989137291908
89276,0.998606979847
89277,0.998606979847
89278,0.992966294289
89279,0.990490376949
89280,0.996146798134
89281,0.995117902756
89282,0.982278883457
89283,0.991308510303
89284,0.998145222664
89285,0.998606979847
89286,0.985763192177
89287,0.997599542141
89288,0.99804186821
89289,0.993851184845
89290,0.990918934345
89291,0.998407959938
89292,0.996603786945
89293,0.904016554356
89294,0.998606979847
89295,0.94987565279
89296,0.99848139286
89297,0.996411442757
89298,0.993178665638
89299,0.997763693333
89300,0.975034415722
89301,0.99848139286
89302,0.998113453388
89303,0.997728407383
89304,0.99263459444
89305,0.995897114277
89306,0.989872574806
89307,0.998606979847
89308,0.998406648636
89309,0.991354227066
89310,0.998606979847
89311,0.9909953475
89312,0.991965353489
89313,0.997858762741
89314,0.998606979847
89315,0.963750362396
89316,0.993849039078
89317,0.988420605659
89318,0.998406648636
89319,0.998606979847
89320,0.993384182453
89321,0.996116995811
89322,0.954011917114
89323,0.929211914539
89324,0.998606979847
89325,0.998606979847
89326,0.997989296913
89327,0.995117902756
89328,0.987108528614
89329,0.971976578236
89330,0.97524780035
89331,0.998606979847
89332,0.997373878956
89333,0.998134315014
89334,0.998145222664
89335,0.992947757244
89336,0.975666105747
89337,0.870224654675
89338,0.994996786118
89339,0.922356903553
89340,0.998606979847
89341,0.998606979847
89342,0.997989296913
89343,0.99848139286
89344,0.997018873692
89345,0.996027112007
89346,0.998155415058
89347,0.998606979847
89348,0.996334016323
89349,0.99820047617
89350,0.997485339642
89351,0.998606979847
89352,0.993091583252
89353,0.998606979847
89354,0.955614447594
89355,0.998406648636
89356,0.998606979847
89357,0.992740154266
89358,0.990172147751
89359,0.995717763901
89360,0.98215419054
89361,0.954611122608
89362,0.998606979847
89363,0.998606979847
89364,0.998606979847
89365,0.990712165833
89366,0.992829561234
89367,0.998606979847
89368,0.992679834366
89369,0.997866868973
89370,0.998606979847
89371,0.998302519321
89372,0.998606979847
89373,0.993255794048
89374,0.975013554096
89375,0.992389321327
89376,0.995757579803
89377,0.99848139286
89378,0.99593526125
89379,0.99829441309
89380,0.990243554115
89381,0.998368620872
89382,0.997788965702
89383,0.993728041649
89384,0.994407773018
89385,0.998368620872
89386,0.99838078022
89387,0.99838078022
89388,0.909152269363
89389,0.998266220093
89390,0.987691342831
89391,0.998428761959
89392,0.998606979847
89393,0.992829561234
89394,0.998302519321
89395,0.991182327271
89396,0.996573746204
89397,0.996842384338
89398,0.991992235184
89399,0.998606979847
89400,0.993557155132
89401,0.998200654984
89402,0.997664451599
89403,0.99848139286
89404,0.99848139286
89405,0.98529279232
89406,0.902809679508
89407,0.998200654984
89408,0.998606979847
89409,0.962837874889
89410,0.99793946743
89411,0.998163342476
89412,0.993914842606
89413,0.998606979847
89414,0.994462072849
89415,0.998606979847
89416,0.99838078022
89417,0.998606979847
89418,0.997913062572
89419,0.99838078022
89420,0.998606979847
89421,0.998606979847
89422,0.998606979847
89423,0.998483419418
89424,0.991752922535
89425,0.99508947134
89426,0.993375957012
89427,0.988291978836
89428,0.992947757244
89429,0.994404017925
89430,0.99848139286
89431,0.997393488884
89432,0.96219933033
89433,0.998079001904
89434,0.998406648636
89435,0.990014493465
89436,0.997841417789
89437,0.99838078022
89438,0.998276054859
89439,0.998013615608
89440,0.994186758995
89441,0.998606979847
89442,0.99838078022
89443,0.998276054859
89444,0.99263459444
89445,0.998145222664
89446,0.998606979847
89447,0.873329877853
89448,0.991554498672
89449,0.995472192764
89450,0.998606979847
89451,0.988758802414
89452,0.984007179737
89453,0.998407959938
89454,0.998260438442
89455,0.998368620872
89456,0.85823482275
89457,0.998606979847
89458,0.993489563465
89459,0.998368620872
89460,0.998302519321
89461,0.998483419418
89462,0.99375975132
89463,0.997525453568
89464,0.998606979847
89465,0.969202756882
89466,0.996015369892
89467,0.998606979847
89468,0.99848139286
89469,0.998406648636
89470,0.998606979847
89471,0.997636258602
89472,0.99848139286
89473,0.997783958912
89474,0.99021166563
89475,0.998606979847
89476,0.997783958912
89477,0.998606979847
89478,0.995687842369
89479,0.98116850853
89480,0.991285502911
89481,0.997558534145
89482,0.998606979847
89483,0.998428761959
89484,0.99793946743
89485,0.998606979847
89486,0.995437681675
89487,0.99848139286
89488,0.99848139286
89489,0.998352825642
89490,0.996583402157
89491,0.997430801392
89492,0.99848139286
89493,0.997916638851
89494,0.991613745689
89495,0.99848139286
89496,0.998606979847
89497,0.996586322784
89498,0.997475922108
89499,0.991871297359
89500,0.987481534481
89501,0.998428761959
89502,0.998606979847
89503,0.975320339203
89504,0.998606979847
89505,0.998406648636
89506,0.998606979847
89507,0.998276054859
89508,0.942261755466
89509,0.992716789246
89510,0.998483419418
89511,0.946272373199
89512,0.998606979847
89513,0.998606979847
89514,0.998606979847
89515,0.993335306644
89516,0.998606979847
89517,0.988678395748
89518,0.997658252716
89519,0.998406648636
89520,0.990072369576
89521,0.998606979847
89522,0.998606979847
89523,0.99848139286
89524,0.996842384338
89525,0.991670906544
89526,0.998606979847
89527,0.99838078022
89528,0.99801248312
89529,0.998428761959
89530,0.998606979847
89531,0.996842384338
89532,0.998606979847
89533,0.993350088596
89534,0.998200178146
89535,0.993489563465
89536,0.99690926075
89537,0.994836211205
89538,0.993826210499
89539,0.941823124886
89540,0.997525453568
89541,0.950938224792
89542,0.988766610622
89543,0.998606979847
89544,0.99848139286
89545,0.998606979847
89546,0.99848139286
89547,0.991583764553
89548,0.98889952898
89549,0.995076417923
89550,0.997574031353
89551,0.998606979847
89552,0.990912079811
89553,0.995982885361
89554,0.998200654984
89555,0.995825171471
89556,0.998606979847
89557,0.995897114277
89558,0.939839303493
89559,0.99793946743
89560,0.987599432468
89561,0.996027112007
89562,0.993826210499
89563,0.99263459444
89564,0.994075536728
89565,0.998606979847
89566,0.997788965702
89567,0.997533380985
89568,0.904565930367
89569,0.998606979847
89570,0.998606979847
89571,0.971036195755
89572,0.996109247208
89573,0.984404504299
89574,0.998606979847
89575,0.998606979847
89576,0.998606979847
89577,0.992389976978
89578,0.99829441309
89579,0.995571017265
89580,0.99848139286
89581,0.996603786945
89582,0.998031020164
89583,0.998606979847
89584,0.983290195465
89585,0.993229389191
89586,0.987506091595
89587,0.997498333454
89588,0.998235344887
89589,0.99848139286
89590,0.997828781605
89591,0.998606979847
89592,0.998483419418
89593,0.998407959938
89594,0.964908719063
89595,0.996353328228
89596,0.959098637104
89597,0.992587506771
89598,0.998606979847
89599,0.998266220093
89600,0.955802738667
89601,0.990705966949
89602,0.994446337223
89603,0.998606979847
89604,0.997852921486
89605,0.997988402843
89606,0.998094499111
89607,0.998428761959
89608,0.998406648636
89609,0.99323707819
89610,0.981996417046
89611,0.99848139286
89612,0.998260438442
89613,0.996586322784
89614,0.99838078022
89615,0.993752598763
89616,0.99829441309
89617,0.998606979847
89618,0.998076677322
89619,0.998273909092
89620,0.998406648636
89621,0.998606979847
89622,0.998102426529
89623,0.998606979847
89624,0.998606979847
89625,0.998094499111
89626,0.994440078735
89627,0.995969891548
89628,0.99644446373
89629,0.998090028763
89630,0.998606979847
89631,0.997664451599
89632,0.997481524944
89633,0.992389976978
89634,0.997037529945
89635,0.99848139286
89636,0.997703015804
89637,0.993424117565
89638,0.99793946743
89639,0.993351221085
89640,0.996583402157
89641,0.994989395142
89642,0.995216012001
89643,0.993271529675
89644,0.99848139286
89645,0.998606979847
89646,0.995937466621
89647,0.998606979847
89648,0.998606979847
89649,0.993811905384
89650,0.997301340103
89651,0.98426425457
89652,0.99848139286
89653,0.998407959938
89654,0.949813783169
89655,0.99838078022
89656,0.99848139286
89657,0.998406648636
89658,0.994480550289
89659,0.993019402027
89660,0.998606979847
89661,0.996603786945
89662,0.959440171719
89663,0.998076677322
89664,0.994181513786
89665,0.992440760136
89666,0.998483419418
89667,0.998606979847
89668,0.994436562061
89669,0.99829441309
89670,0.966486573219
89671,0.998606979847
89672,0.991182327271
89673,0.998260438442
89674,0.990606427193
89675,0.998606979847
89676,0.991992294788
89677,0.992441296577
89678,0.99838078022
89679,0.998483419418
89680,0.998606979847
89681,0.997900903225
89682,0.994402170181
89683,0.991413116455
89684,0.995520114899
89685,0.99271351099
89686,0.997593820095
89687,0.993826210499
89688,0.998606979847
89689,0.998606979847
89690,0.99848139286
89691,0.993824005127
89692,0.998606979847
89693,0.995101332664
89694,0.996390998363
89695,0.983672738075
89696,0.99848139286
89697,0.996514260769
89698,0.996842384338
89699,0.924199819565
89700,0.99838078022
89701,0.995730161667
89702,0.998606979847
89703,0.998227238655
89704,0.995472192764
89705,0.9820753932
89706,0.991583764553
89707,0.978714108467
89708,0.997891008854
89709,0.998606979847
89710,0.990776062012
89711,0.995243489742
89712,0.989872574806
89713,0.986513197422
89714,0.998606979847
89715,0.994356632233
89716,0.998606979847
89717,0.996339023113
89718,0.998606979847
89719,0.935591757298
89720,0.924673140049
89721,0.998606979847
89722,0.957682132721
89723,0.960173010826
89724,0.998407959938
89725,0.992947757244
89726,0.998606979847
89727,0.995782911777
89728,0.996603786945
89729,0.986041247845
89730,0.99848139286
89731,0.993654549122
89732,0.996353328228
89733,0.874941408634
89734,0.998606979847
89735,0.99323785305
89736,0.8311419487
89737,0.997974872589
89738,0.99848139286
89739,0.980144679546
89740,0.998606979847
89741,0.997828781605
89742,0.994847476482
89743,0.99793946743
89744,0.994551360607
89745,0.997585177422
89746,0.998406648636
89747,0.998406648636
89748,0.968852639198
89749,0.99800080061
89750,0.998155415058
89751,0.99848139286
89752,0.995921373367
89753,0.94040119648
89754,0.998606979847
89755,0.994300663471
89756,0.988895833492
89757,0.998606979847
89758,0.996146798134
89759,0.99848139286
89760,0.990472376347
89761,0.998606979847
89762,0.998153328896
89763,0.998145222664
89764,0.998302519321
89765,0.998606979847
89766,0.992389976978
89767,0.998606979847
89768,0.998190522194
89769,0.994357705116
89770,0.986702680588
89771,0.993695139885
89772,0.998606979847
89773,0.991879403591
89774,0.974957227707
89775,0.998606979847
89776,0.998181462288
89777,0.99838078022
89778,0.997880876064
89779,0.998606979847
89780,0.99848139286
89781,0.998407959938
89782,0.994552135468
89783,0.996729016304
89784,0.919794738293
89785,0.991143465042
89786,0.98909932375
89787,0.99848139286
89788,0.998606979847
89789,0.992021083832
89790,0.998606979847
89791,0.998606979847
89792,0.996842384338
89793,0.991005063057
89794,0.99793946743
89795,0.997791826725
89796,0.89048230648
89797,0.99004650116
89798,0.99848139286
89799,0.998606979847
89800,0.998606979847
89801,0.99793946743
89802,0.998094499111
89803,0.998061478138
89804,0.998606979847
89805,0.998406648636
89806,0.998184978962
89807,0.997685015202
89808,0.99848139286
89809,0.997866868973
89810,0.998005568981
89811,0.995518863201
89812,0.990791141987
89813,0.998606979847
89814,0.99724894762
89815,0.996034264565
89816,0.994560241699
89817,0.992829561234
89818,0.993231296539
89819,0.995437681675
89820,0.998606979847
89821,0.998606979847
89822,0.997615814209
89823,0.932091116905
89824,0.992829561234
89825,0.998606979847
89826,0.993826210499
89827,0.99848139286
89828,0.996615171432
89829,0.99848139286
89830,0.998606979847
89831,0.959465444088
89832,0.996842384338
89833,0.997866868973
89834,0.991221010685
89835,0.993065655231
89836,0.992804527283
89837,0.998153328896
89838,0.997888922691
89839,0.998606979847
89840,0.998606979847
89841,0.964923977852
89842,0.998606979847
89843,0.998606979847
89844,0.99848139286
89845,0.991934776306
89846,0.99848139286
89847,0.998606979847
89848,0.998606979847
89849,0.998483419418
89850,0.99594938755
89851,0.998606979847
89852,0.99140805006
89853,0.997967362404
89854,0.861929118633
89855,0.994916439056
89856,0.995874881744
89857,0.99644446373
89858,0.996818959713
89859,0.991895079613
89860,0.998406648636
89861,0.994579970837
89862,0.99848139286
89863,0.997258484364
89864,0.998606979847
89865,0.96954792738
89866,0.998406648636
89867,0.998606979847
89868,0.998406648636
89869,0.992525339127
89870,0.993822157383
89871,0.928106307983
89872,0.998606979847
89873,0.99793946743
89874,0.998606979847
89875,0.998606979847
89876,0.99793946743
89877,0.998606979847
89878,0.998407959938
89879,0.996904432774
89880,0.992947757244
89881,0.996414005756
89882,0.993375957012
89883,0.989303588867
89884,0.998022079468
89885,0.996569156647
89886,0.998155415058
89887,0.99848139286
89888,0.998200654984
89889,0.99793946743
89890,0.99848139286
89891,0.99848139286
89892,0.989483714104
89893,0.989475786686
89894,0.99594938755
89895,0.998200654984
89896,0.998606979847
89897,0.998022079468
89898,0.997831940651
89899,0.990419268608
89900,0.991422832012
89901,0.998606979847
89902,0.991871297359
89903,0.972254633904
89904,0.998606979847
89905,0.996014237404
89906,0.998352825642
89907,0.998606979847
89908,0.998184978962
89909,0.998407959938
89910,0.969099104404
89911,0.992317557335
89912,0.998606979847
89913,0.997243046761
89914,0.995466172695
89915,0.998606979847
89916,0.99848139286
89917,0.998407959938
89918,0.99848139286
89919,0.936096310616
89920,0.98647069931
89921,0.996353328228
89922,0.971313118935
89923,0.990142822266
89924,0.983545362949
89925,0.992739260197
89926,0.998606979847
89927,0.998200654984
89928,0.991182327271
89929,0.971715629101
89930,0.99838078022
89931,0.997788965702
89932,0.998606979847
89933,0.998606979847
89934,0.99848139286
89935,0.997373878956
89936,0.997807383537
89937,0.998364388943
89938,0.998606979847
89939,0.998606979847
89940,0.950523257256
89941,0.998606979847
89942,0.992145001888
89943,0.997391104698
89944,0.992838859558
89945,0.998606979847
89946,0.995488643646
89947,0.991781055927
89948,0.994758427143
89949,0.992119967937
89950,0.98464435339
89951,0.998483419418
89952,0.997050762177
89953,0.975470125675
89954,0.99633949995
89955,0.997745871544
89956,0.991347789764
89957,0.995076417923
89958,0.99820047617
89959,0.998606979847
89960,0.99848139286
89961,0.998606979847
89962,0.994937956333
89963,0.992655813694
89964,0.992231249809
89965,0.993533909321
89966,0.998302519321
89967,0.997464060783
89968,0.998406648636
89969,0.993293881416
89970,0.988240659237
89971,0.998079001904
89972,0.996140956879
89973,0.998406648636
89974,0.998606979847
89975,0.992947757244
89976,0.98972761631
89977,0.998606979847
89978,0.995224058628
89979,0.992265641689
89980,0.992033243179
89981,0.986287951469
89982,0.996842384338
89983,0.985199928284
89984,0.994045376778
89985,0.854808747768
89986,0.991637945175
89987,0.986762285233
89988,0.998276054859
89989,0.99838078022
89990,0.982934653759
89991,0.993603289127
89992,0.996411442757
89993,0.992829561234
89994,0.992829561234
89995,0.993990778923
89996,0.996034264565
89997,0.997508645058
89998,0.997574031353
89999,0.998606979847
90000,0.993914842606
90001,0.99848139286
90002,0.994549274445
90003,0.976768314838
90004,0.997498333454
90005,0.99554425478
90006,0.99793946743
90007,0.997621715069
90008,0.993826210499
90009,0.99848139286
90010,0.998606979847
90011,0.991972327232
90012,0.99838078022
90013,0.993036389351
90014,0.991033136845
90015,0.995751619339
90016,0.993826210499
90017,0.996146798134
90018,0.997224986553
90019,0.998606979847
90020,0.978856623173
90021,0.995883405209
90022,0.982194662094
90023,0.998276054859
90024,0.998407959938
90025,0.99838078022
90026,0.993564546108
90027,0.998606979847
90028,0.998606979847
90029,0.998483419418
90030,0.996984064579
90031,0.998606979847
90032,0.998606979847
90033,0.998606979847
90034,0.997251152992
90035,0.99848139286
90036,0.993716835976
90037,0.985542118549
90038,0.996913194656
90039,0.99561804533
90040,0.988258063793
90041,0.998606979847
90042,0.998606979847
90043,0.973227262497
90044,0.987040817738
90045,0.994701504707
90046,0.998022079468
90047,0.998606979847
90048,0.994880259037
90049,0.993739426136
90050,0.991536140442
90051,0.997685015202
90052,0.995357811451
90053,0.998606979847
90054,0.998276054859
90055,0.990295946598
90056,0.996925890446
90057,0.998606979847
90058,0.99848139286
90059,0.99848139286
90060,0.996842384338
90061,0.996603786945
90062,0.994534313679
90063,0.998260438442
90064,0.993826210499
90065,0.993254601955
90066,0.998079001904
90067,0.996708452702
90068,0.998407959938
90069,0.996120512486
90070,0.992050349712
90071,0.998260438442
90072,0.993048906326
90073,0.994841814041
90074,0.984012305737
90075,0.996414005756
90076,0.995316624641
90077,0.995326340199
90078,0.988721549511
90079,0.99848139286
90080,0.993551790714
90081,0.991995751858
90082,0.998606979847
90083,0.99848139286
90084,0.985139846802
90085,0.998147010803
90086,0.99613493681
90087,0.998260438442
90088,0.998153328896
90089,0.998606979847
90090,0.99848139286
90091,0.99848139286
90092,0.997771561146
90093,0.994357705116
90094,0.997532427311
90095,0.993688821793
90096,0.99793946743
90097,0.998428761959
90098,0.993178665638
90099,0.997989296913
90100,0.98426425457
90101,0.964415550232
90102,0.998606979847
90103,0.998606979847
90104,0.99829441309
90105,0.997910499573
90106,0.998153328896
90107,0.989727556705
90108,0.998606979847
90109,0.99607437849
90110,0.998606979847
90111,0.965951383114
90112,0.997783958912
90113,0.989498138428
90114,0.998606979847
90115,0.998153328896
90116,0.992389976978
90117,0.998483419418
90118,0.939782679081
90119,0.992829561234
90120,0.998012661934
90121,0.993319034576
90122,0.965196013451
90123,0.998013615608
90124,0.99838078022
90125,0.997889816761
90126,0.997682273388
90127,0.998428761959
90128,0.99838078022
90129,0.998181462288
90130,0.97084736824
90131,0.998606979847
90132,0.998606979847
90133,0.995117902756
90134,0.992520272732
90135,0.99829441309
90136,0.997951805592
90137,0.998260438442
90138,0.994199931622
90139,0.992939531803
90140,0.998606979847
90141,0.99793946743
90142,0.998606979847
90143,0.998352825642
90144,0.997418701649
90145,0.998606979847
90146,0.998606979847
90147,0.997900903225
90148,0.997900903225
90149,0.994300663471
90150,0.998079001904
90151,0.996667027473
90152,0.991777837276
90153,0.990819096565
90154,0.998216986656
90155,0.995877921581
90156,0.99263459444
90157,0.994354784489
90158,0.962526738644
90159,0.998028457165
90160,0.991571068764
90161,0.972572505474
90162,0.998606979847
90163,0.998606979847
90164,0.998102426529
90165,0.993826210499
90166,0.99210113287
90167,0.984490811825
90168,0.992737352848
90169,0.998606979847
90170,0.994560241699
90171,0.998406648636
90172,0.998606979847
90173,0.998606979847
90174,0.982281804085
90175,0.998606979847
90176,0.995333552361
90177,0.99848139286
90178,0.998606979847
90179,0.998406648636
90180,0.998606979847
90181,0.998153328896
90182,0.998407959938
90183,0.997888922691
90184,0.991670906544
90185,0.994841814041
90186,0.981113016605
90187,0.998483419418
90188,0.99313634634
90189,0.998606979847
90190,0.998606979847
90191,0.992105603218
90192,0.998155415058
90193,0.990730643272
90194,0.99820047617
90195,0.998153328896
90196,0.997196435928
90197,0.998606979847
90198,0.986875414848
90199,0.998606979847
90200,0.98640859127
90201,0.994300663471
90202,0.988329589367
90203,0.998407959938
90204,0.998606979847
90205,0.995782911777
90206,0.992614209652
90207,0.998260438442
90208,0.99793946743
90209,0.997464060783
90210,0.998145222664
90211,0.98757994175
90212,0.99838078022
90213,0.990613996983
90214,0.998406648636
90215,0.998220264912
90216,0.99838078022
90217,0.99644446373
90218,0.998081326485
90219,0.989747822285
90220,0.998406648636
90221,0.994812428951
90222,0.991104900837
90223,0.99848139286
90224,0.998260438442
90225,0.98195952177
90226,0.996842384338
90227,0.998220264912
90228,0.99145758152
90229,0.99838078022
90230,0.99838078022
90231,0.987929582596
90232,0.998081326485
90233,0.991576969624
90234,0.998302519321
90235,0.997783958912
90236,0.966985225677
90237,0.994326114655
90238,0.998606979847
90239,0.995817005634
90240,0.998606979847
90241,0.996027112007
90242,0.998190522194
90243,0.997464060783
90244,0.996842384338
90245,0.996292173862
90246,0.998013615608
90247,0.993945300579
90248,0.979047060013
90249,0.976697325706
90250,0.997900903225
90251,0.99848139286
90252,0.996471583843
90253,0.99793946743
90254,0.997926533222
90255,0.998145222664
90256,0.99848139286
90257,0.998606979847
90258,0.98776102066
90259,0.990580916405
90260,0.888788223267
90261,0.99793946743
90262,0.990112185478
90263,0.996586322784
90264,0.99848139286
90265,0.998606979847
90266,0.998606979847
90267,0.996667027473
90268,0.99644446373
90269,0.982080817223
90270,0.996842384338
90271,0.997828781605
90272,0.998606979847
90273,0.998606979847
90274,0.993485808372
90275,0.998606979847
90276,0.977574467659
90277,0.992614209652
90278,0.99804186821
90279,0.997600913048
90280,0.998013615608
90281,0.994475126266
90282,0.998406648636
90283,0.998606979847
90284,0.994681358337
90285,0.995516598225
90286,0.998260438442
90287,0.998606979847
90288,0.998606979847
90289,0.99804186821
90290,0.998606979847
90291,0.993326723576
90292,0.998606979847
90293,0.953814864159
90294,0.99848139286
90295,0.998606979847
90296,0.99848139286
90297,0.970755875111
90298,0.99838078022
90299,0.994206309319
90300,0.998606979847
90301,0.996842384338
90302,0.99793946743
90303,0.998181462288
90304,0.99848139286
90305,0.996146798134
90306,0.977486431599
90307,0.992947757244
90308,0.998200654984
90309,0.99793946743
90310,0.991301476955
90311,0.992829561234
90312,0.998606979847
90313,0.99829441309
90314,0.99059432745
90315,0.997746109962
90316,0.996612906456
90317,0.992789804935
90318,0.992947757244
90319,0.995313107967
90320,0.998309850693
90321,0.989696383476
90322,0.998606979847
90323,0.998276054859
90324,0.968219220638
90325,0.997097671032
90326,0.998606979847
90327,0.991377651691
90328,0.992829561234
90329,0.996414005756
90330,0.99848139286
90331,0.998606979847
90332,0.998606979847
90333,0.99848139286
90334,0.998483419418
90335,0.960004985332
90336,0.998260438442
90337,0.995853245258
90338,0.989203214645
90339,0.998606979847
90340,0.955752551556
90341,0.99838078022
90342,0.998260438442
90343,0.998606979847
90344,0.981825113297
90345,0.99838078022
90346,0.998606979847
90347,0.997595965862
90348,0.99838078022
90349,0.975625455379
90350,0.992933571339
90351,0.99848139286
90352,0.974810004234
90353,0.998606979847
90354,0.995044708252
90355,0.993826210499
90356,0.99848139286
90357,0.997506082058
90358,0.998260438442
90359,0.998145222664
90360,0.989295780659
90361,0.989413797855
90362,0.997464060783
90363,0.998606979847
90364,0.985975563526
90365,0.988601505756
90366,0.99554425478
90367,0.883990049362
90368,0.995010972023
90369,0.99829441309
90370,0.998606979847
90371,0.920251905918
90372,0.987457513809
90373,0.998406648636
90374,0.980637490749
90375,0.755933523178
90376,0.991613745689
90377,0.985009729862
90378,0.998407959938
90379,0.998606979847
90380,0.998606979847
90381,0.998352825642
90382,0.974023103714
90383,0.998081028461
90384,0.994034290314
90385,0.924131453037
90386,0.99848139286
90387,0.990552783012
90388,0.997660696507
90389,0.987959980965
90390,0.996583402157
90391,0.995969891548
90392,0.993048906326
90393,0.993826210499
90394,0.992305397987
90395,0.984404504299
90396,0.988261759281
90397,0.998022079468
90398,0.991493165493
90399,0.994908452034
90400,0.979720950127
90401,0.967480301857
90402,0.963232159615
90403,0.997988402843
90404,0.998606979847
90405,0.99848139286
90406,0.998606979847
90407,0.99793946743
90408,0.918698310852
90409,0.995568573475
90410,0.984597086906
90411,0.998606979847
90412,0.997600913048
90413,0.997664451599
90414,0.991699874401
90415,0.998606979847
90416,0.997685015202
90417,0.995189845562
90418,0.998606979847
90419,0.997404336929
90420,0.998606979847
90421,0.968181669712
90422,0.998200654984
90423,0.998606979847
90424,0.975108742714
90425,0.966950595379
90426,0.99848139286
90427,0.989524245262
90428,0.99561804533
90429,0.99188387394
90430,0.998606979847
90431,0.996062338352
90432,0.996842384338
90433,0.99848139286
90434,0.97745513916
90435,0.998606979847
90436,0.998606979847
90437,0.995690464973
90438,0.99263459444
90439,0.998406648636
90440,0.99829441309
90441,0.998606979847
90442,0.992193877697
90443,0.998407959938
90444,0.996138811111
90445,0.991347789764
90446,0.99793946743
90447,0.998606979847
90448,0.993686556816
90449,0.998153328896
90450,0.998606979847
90451,0.991934776306
90452,0.99848139286
90453,0.969128608704
90454,0.996573626995
90455,0.998352825642
90456,0.998606979847
90457,0.998606979847
90458,0.992336511612
90459,0.998606979847
90460,0.979052186012
90461,0.99527657032
90462,0.935165762901
90463,0.993564546108
90464,0.99575483799
90465,0.991143465042
90466,0.998606979847
90467,0.992389976978
90468,0.998606979847
90469,0.998407959938
90470,0.990540027618
90471,0.997988402843
90472,0.998276054859
90473,0.985530257225
90474,0.997725665569
90475,0.996842384338
90476,0.998407959938
90477,0.998153328896
90478,0.998606979847
90479,0.985887229443
90480,0.992083668709
90481,0.998606979847
90482,0.992393434048
90483,0.998483419418
90484,0.993136286736
90485,0.989225029945
90486,0.99848139286
90487,0.998606979847
90488,0.993375957012
90489,0.99848139286
90490,0.99848139286
90491,0.998200654984
90492,0.998606979847
90493,0.989798128605
90494,0.998606979847
90495,0.990000069141
90496,0.991813063622
90497,0.998406648636
90498,0.992050349712
90499,0.998013615608
90500,0.989422500134
90501,0.88984721899
90502,0.987251996994
90503,0.990303516388
90504,0.99838078022
90505,0.998022079468
90506,0.99829441309
90507,0.983280956745
90508,0.992947757244
90509,0.99594938755
90510,0.846521854401
90511,0.988766610622
90512,0.990570187569
90513,0.99838078022
90514,0.998606979847
90515,0.991803646088
90516,0.997615814209
90517,0.959714472294
90518,0.993924856186
90519,0.998606979847
90520,0.987140357494
90521,0.998153328896
90522,0.979547381401
90523,0.994562208652
90524,0.995486676693
90525,0.998428761959
90526,0.998406648636
90527,0.995624482632
90528,0.998364388943
90529,0.998145222664
90530,0.9909953475
90531,0.996603786945
90532,0.99729269743
90533,0.971751511097
90534,0.99076706171
90535,0.994673907757
90536,0.998606979847
90537,0.997636258602
90538,0.868740677834
90539,0.998606979847
90540,0.998606979847
90541,0.992488503456
90542,0.992829561234
90543,0.965431034565
90544,0.985801875591
90545,0.998606979847
90546,0.99848139286
90547,0.993728041649
90548,0.993688821793
90549,0.964383840561
90550,0.998606979847
90551,0.98372644186
90552,0.922505259514
90553,0.998145222664
90554,0.947449743748
90555,0.995516598225
90556,0.997367501259
90557,0.998606979847
90558,0.998606979847
90559,0.998406648636
90560,0.991837501526
90561,0.997778236866
90562,0.998153328896
90563,0.992050349712
90564,0.997852921486
90565,0.994099259377
90566,0.991452395916
90567,0.997301340103
90568,0.998606979847
90569,0.998606979847
90570,0.990639388561
90571,0.998606979847
90572,0.99801248312
90573,0.99254989624
90574,0.998153328896
90575,0.998606979847
90576,0.998606979847
90577,0.99848139286
90578,0.991033136845
90579,0.998406648636
90580,0.998406648636
90581,0.996842384338
90582,0.996411442757
90583,0.998606979847
90584,0.995602190495
90585,0.996138811111
90586,0.992021083832
90587,0.943408846855
90588,0.998606979847
90589,0.995275914669
90590,0.99838078022
90591,0.998407959938
90592,0.997236907482
90593,0.99792098999
90594,0.998606979847
90595,0.998406648636
90596,0.99848139286
90597,0.991028249264
90598,0.995782911777
90599,0.959022939205
90600,0.998606979847
90601,0.99848139286
90602,0.994187355042
90603,0.995488643646
90604,0.971247911453
90605,0.998406648636
90606,0.998364388943
90607,0.997037529945
90608,0.997888922691
90609,0.998606979847
90610,0.997243046761
90611,0.998005568981
90612,0.997783958912
90613,0.921621441841
90614,0.998406648636
90615,0.996603786945
90616,0.99848139286
90617,0.994807779789
90618,0.995472192764
90619,0.993826210499
90620,0.995782911777
90621,0.990834832191
90622,0.998606979847
90623,0.996138811111
90624,0.998606979847
90625,0.994165718555
90626,0.998406648636
90627,0.968190252781
90628,0.996603786945
90629,0.998428761959
90630,0.995839595795
90631,0.998260438442
90632,0.998606979847
90633,0.99848139286
90634,0.998102426529
90635,0.99263459444
90636,0.992900371552
90637,0.992079973221
90638,0.99793946743
90639,0.991051197052
90640,0.998606979847
90641,0.995879232883
90642,0.998606979847
90643,0.998606979847
90644,0.998200654984
90645,0.998368620872
90646,0.998407959938
90647,0.998200654984
90648,0.998266220093
90649,0.998606979847
90650,0.997725665569
90651,0.998200654984
90652,0.998200654984
90653,0.998606979847
90654,0.91290140152
90655,0.993961215019
90656,0.997464060783
90657,0.99848139286
90658,0.99848139286
90659,0.998309850693
90660,0.95580714941
90661,0.995143890381
90662,0.990705966949
90663,0.998606979847
90664,0.989849209785
90665,0.991154074669
90666,0.998406648636
90667,0.943697154522
90668,0.998081326485
90669,0.99848139286
90670,0.992288827896
90671,0.983830749989
90672,0.991672158241
90673,0.984528422356
90674,0.998606979847
90675,0.998606979847
90676,0.998606979847
90677,0.99793946743
90678,0.995725095272
90679,0.996586322784
90680,0.998606979847
90681,0.997713565826
90682,0.996390998363
90683,0.988499939442
90684,0.998068809509
90685,0.998606979847
90686,0.998606979847
90687,0.997788965702
90688,0.998181462288
90689,0.993914842606
90690,0.993293881416
90691,0.981756687164
90692,0.995839357376
90693,0.998406648636
90694,0.998364388943
90695,0.991439640522
90696,0.995858848095
90697,0.996698200703
90698,0.995061933994
90699,0.996353328228
90700,0.998606979847
90701,0.978900194168
90702,0.996842384338
90703,0.980150520802
90704,0.986288368702
90705,0.998606979847
90706,0.998352825642
90707,0.998606979847
90708,0.990399479866
90709,0.997457504272
90710,0.998606979847
90711,0.998200654984
90712,0.998606979847
90713,0.986630380154
90714,0.998066067696
90715,0.948563337326
90716,0.99644446373
90717,0.997762143612
90718,0.998153328896
90719,0.997828781605
90720,0.998606979847
90721,0.998606979847
90722,0.998184978962
90723,0.993347108364
90724,0.997311890125
90725,0.967461645603
90726,0.992829561234
90727,0.998606979847
90728,0.997745871544
90729,0.998606979847
90730,0.990853428841
90731,0.991762518883
90732,0.99838078022
90733,0.998606979847
90734,0.993152022362
90735,0.99848139286
90736,0.99415743351
90737,0.984675645828
90738,0.993603289127
90739,0.998190522194
90740,0.996034264565
90741,0.992716789246
90742,0.998606979847
90743,0.998181462288
90744,0.998368620872
90745,0.99838078022
90746,0.996586322784
90747,0.993803679943
90748,0.998606979847
90749,0.998606979847
90750,0.984495043755
90751,0.989520788193
90752,0.998022079468
90753,0.984949409962
90754,0.990791141987
90755,0.998606979847
90756,0.994187355042
90757,0.990399479866
90758,0.99263459444
90759,0.98858243227
90760,0.99443346262
90761,0.998219430447
90762,0.955705404282
90763,0.996842384338
90764,0.997464060783
90765,0.99838078022
90766,0.998606979847
90767,0.998606979847
90768,0.992829561234
90769,0.998606979847
90770,0.998606979847
90771,0.987211406231
90772,0.996842384338
90773,0.998606979847
90774,0.991377651691
90775,0.998081743717
90776,0.996586322784
90777,0.998606979847
90778,0.998155415058
90779,0.99652916193
90780,0.997666716576
90781,0.998081982136
90782,0.991740942001
90783,0.942175328732
90784,0.998406648636
90785,0.998606979847
90786,0.998406648636
90787,0.998406648636
90788,0.939639568329
90789,0.998084783554
90790,0.998606979847
90791,0.998406648636
90792,0.998606979847
90793,0.998302519321
90794,0.998606979847
90795,0.998483419418
90796,0.998606979847
90797,0.994731545448
90798,0.998606979847
90799,0.992657363415
90800,0.998260438442
90801,0.998606979847
90802,0.992296934128
90803,0.998276054859
90804,0.975839912891
90805,0.998606979847
90806,0.998606979847
90807,0.998606979847
90808,0.99829441309
90809,0.998606979847
90810,0.998606979847
90811,0.998606979847
90812,0.99820047617
90813,0.995858848095
90814,0.990951895714
90815,0.99848139286
90816,0.998606979847
90817,0.998606979847
90818,0.991361737251
90819,0.998406648636
90820,0.987651348114
90821,0.996842384338
90822,0.992657363415
90823,0.998368620872
90824,0.998606979847
90825,0.991422832012
90826,0.998606979847
90827,0.99848139286
90828,0.998606979847
90829,0.998200654984
90830,0.997301340103
90831,0.998220264912
90832,0.998047590256
90833,0.998428761959
90834,0.9974411726
90835,0.998606979847
90836,0.998302519321
90837,0.998220264912
90838,0.996033132076
90839,0.991777837276
90840,0.998606979847
90841,0.983417749405
90842,0.997592926025
90843,0.991143465042
90844,0.994281888008
90845,0.99114638567
90846,0.995437681675
90847,0.99838078022
90848,0.998606979847
90849,0.991972327232
90850,0.998606979847
90851,0.998606979847
90852,0.994841814041
90853,0.997170507908
90854,0.980397760868
90855,0.998368620872
90856,0.996754348278
90857,0.988603055477
90858,0.998273909092
90859,0.99848139286
90860,0.998606979847
90861,0.995924890041
90862,0.997685015202
90863,0.994462072849
90864,0.992740154266
90865,0.991285979748
90866,0.998407959938
90867,0.996847510338
90868,0.998145222664
90869,0.998606979847
90870,0.998606979847
90871,0.994087517262
90872,0.998406648636
90873,0.992393434048
90874,0.99848139286
90875,0.991687476635
90876,0.997685015202
90877,0.995096027851
90878,0.998606979847
90879,0.998606979847
90880,0.998606979847
90881,0.992829561234
90882,0.998406648636
90883,0.99253231287
90884,0.989883363247
90885,0.998606979847
90886,0.991843879223
90887,0.99759221077
90888,0.998145222664
90889,0.99259531498
90890,0.994803130627
90891,0.998606979847
90892,0.996586322784
90893,0.973326146603
90894,0.958634436131
90895,0.998406648636
90896,0.95848596096
90897,0.99838078022
90898,0.998054504395
90899,0.99838078022
90900,0.978942453861
90901,0.998606979847
90902,0.99820047617
90903,0.998407959938
90904,0.997889041901
90905,0.988758802414
90906,0.996842384338
90907,0.998406648636
90908,0.996842384338
90909,0.998406648636
90910,0.998276054859
90911,0.99829441309
90912,0.99554425478
90913,0.995609223843
90914,0.969042479992
90915,0.98891377449
90916,0.994281291962
90917,0.983207523823
90918,0.992947757244
90919,0.990142822266
90920,0.998606979847
90921,0.994459271431
90922,0.980006992817
90923,0.991237998009
90924,0.994678735733
90925,0.998606979847
90926,0.996146798134
90927,0.998276054859
90928,0.825153529644
90929,0.998606979847
90930,0.998606979847
90931,0.998200654984
90932,0.979895293713
90933,0.980961501598
90934,0.998606979847
90935,0.99793946743
90936,0.990479052067
90937,0.99848139286
90938,0.998243689537
90939,0.997903585434
90940,0.99848139286
90941,0.972410082817
90942,0.965947747231
90943,0.997828781605
90944,0.998606979847
90945,0.992220878601
90946,0.991087138653
90947,0.998606979847
90948,0.997828781605
90949,0.99793946743
90950,0.997900903225
90951,0.972674250603
90952,0.980777442455
90953,0.99838078022
90954,0.997430801392
90955,0.991439640522
90956,0.99848139286
90957,0.980684876442
90958,0.998606979847
90959,0.971917808056
90960,0.998273909092
90961,0.992912769318
90962,0.99848139286
90963,0.994189083576
90964,0.990244686604
90965,0.998302519321
90966,0.992814540863
90967,0.99028724432
90968,0.968788206577
90969,0.998302519321
90970,0.998606979847
90971,0.997745871544
90972,0.99838078022
90973,0.990757524967
90974,0.99848139286
90975,0.992416918278
90976,0.998406648636
90977,0.895188212395
90978,0.957312643528
90979,0.963925778866
90980,0.998606979847
90981,0.992269158363
90982,0.99263459444
90983,0.998406648636
90984,0.998260438442
90985,0.998094499111
90986,0.992947757244
90987,0.998406648636
90988,0.997817575932
90989,0.998606979847
90990,0.99263459444
90991,0.998606979847
90992,0.927804589272
90993,0.984907269478
90994,0.995117902756
90995,0.998606979847
90996,0.99848139286
90997,0.99848139286
90998,0.997900903225
90999,0.99641007185
91000,0.991879403591
91001,0.998276054859
91002,0.993604660034
91003,0.99848139286
91004,0.996842384338
91005,0.99848139286
91006,0.998406648636
91007,0.998606979847
91008,0.995654821396
91009,0.998606979847
91010,0.99848139286
91011,0.998606979847
91012,0.998606979847
91013,0.99357098341
91014,0.99838078022
91015,0.998606979847
91016,0.998368620872
91017,0.998200654984
91018,0.998368620872
91019,0.998606979847
91020,0.997989296913
91021,0.995879232883
91022,0.992933571339
91023,0.998260438442
91024,0.991281867027
91025,0.998483419418
91026,0.940653920174
91027,0.998406648636
91028,0.99795383215
91029,0.997600913048
91030,0.998090028763
91031,0.998606979847
91032,0.996989548206
91033,0.996007800102
91034,0.995937466621
91035,0.998079001904
91036,0.995874881744
91037,0.998606979847
91038,0.997272670269
91039,0.994414925575
91040,0.997828781605
91041,0.99804186821
91042,0.997937142849
91043,0.992172539234
91044,0.998606979847
91045,0.710216760635
91046,0.990806818008
91047,0.948384165764
91048,0.996471583843
91049,0.998606979847
91050,0.99838078022
91051,0.990172147751
91052,0.998606979847
91053,0.994840085506
91054,0.997171103954
91055,0.99793946743
91056,0.993826210499
91057,0.997412025928
91058,0.985558450222
91059,0.993489563465
91060,0.902581572533
91061,0.99848139286
91062,0.998081326485
91063,0.998606979847
91064,0.988889992237
91065,0.998606979847
91066,0.998190522194
91067,0.998606979847
91068,0.9947463274
91069,0.9852861166
91070,0.998606979847
91071,0.997273921967
91072,0.998172521591
91073,0.998181462288
91074,0.998276054859
91075,0.998606979847
91076,0.995327651501
91077,0.998606979847
91078,0.998309850693
91079,0.995401382446
91080,0.998220264912
91081,0.998406648636
91082,0.998606979847
91083,0.991190314293
91084,0.992971420288
91085,0.998407959938
91086,0.991762518883
91087,0.99838078022
91088,0.998428761959
91089,0.99848139286
91090,0.995883405209
91091,0.998028457165
91092,0.998200654984
91093,0.991879403591
91094,0.991871297359
91095,0.995955944061
91096,0.998407959938
91097,0.997900903225
91098,0.989592850208
91099,0.998081982136
91100,0.997937142849
91101,0.998606979847
91102,0.996062338352
91103,0.993603289127
91104,0.99848139286
91105,0.998406648636
91106,0.998606979847
91107,0.998134315014
91108,0.998047590256
91109,0.99838078022
91110,0.998606979847
91111,0.997855246067
91112,0.998220264912
91113,0.992452919483
91114,0.943141937256
91115,0.942916154861
91116,0.983723640442
91117,0.997660696507
91118,0.99838078022
91119,0.990205764771
91120,0.998606979847
91121,0.991777837276
91122,0.994898974895
91123,0.99820047617
91124,0.988984763622
91125,0.884748876095
91126,0.995782911777
91127,0.997820913792
91128,0.997088074684
91129,0.997630357742
91130,0.995394945145
91131,0.998406648636
91132,0.992217004299
91133,0.998606979847
91134,0.99829441309
91135,0.991972327232
91136,0.995544314384
91137,0.998147010803
91138,0.993616998196
91139,0.995883405209
91140,0.988599002361
91141,0.998483419418
91142,0.9974411726
91143,0.998606979847
91144,0.993285596371
91145,0.991122841835
91146,0.99552744627
91147,0.995044231415
91148,0.993542611599
91149,0.997989296913
91150,0.99848139286
91151,0.998606979847
91152,0.988103747368
91153,0.989712059498
91154,0.998606979847
91155,0.990172147751
91156,0.998606979847
91157,0.998407959938
91158,0.993293881416
91159,0.99829441309
91160,0.973619878292
91161,0.991800963879
91162,0.995472192764
91163,0.998241424561
91164,0.949669539928
91165,0.998153328896
91166,0.998406648636
91167,0.997592926025
91168,0.992080807686
91169,0.997558534145
91170,0.938158452511
91171,0.998181462288
91172,0.99527657032
91173,0.868845880032
91174,0.992947757244
91175,0.99848139286
91176,0.988610744476
91177,0.992947757244
91178,0.99848139286
91179,0.994436562061
91180,0.994880259037
91181,0.996842384338
91182,0.988263547421
91183,0.998606979847
91184,0.974934637547
91185,0.968706309795
91186,0.998606979847
91187,0.991934776306
91188,0.992829561234
91189,0.99848139286
91190,0.998145222664
91191,0.998606979847
91192,0.997088074684
91193,0.997713565826
91194,0.995924770832
91195,0.99194663763
91196,0.997126221657
91197,0.997558534145
91198,0.998606979847
91199,0.992607176304
91200,0.992614209652
91201,0.993438005447
91202,0.99838078022
91203,0.996353328228
91204,0.99848139286
91205,0.934693455696
91206,0.99848139286
91207,0.998606979847
91208,0.990880727768
91209,0.998081743717
91210,0.987476468086
91211,0.989994108677
91212,0.99278396368
91213,0.996698200703
91214,0.998111128807
91215,0.997398436069
91216,0.99848139286
91217,0.998606979847
91218,0.99848139286
91219,0.99375975132
91220,0.997725665569
91221,0.998606979847
91222,0.994186401367
91223,0.99793946743
91224,0.994394302368
91225,0.998406648636
91226,0.986011266708
91227,0.99793946743
91228,0.99587225914
91229,0.992947757244
91230,0.930602431297
91231,0.994812428951
91232,0.995153963566
91233,0.998181462288
91234,0.997783958912
91235,0.983809411526
91236,0.992355406284
91237,0.994463741779
91238,0.99793946743
91239,0.993967413902
91240,0.998483419418
91241,0.998364388943
91242,0.993064284325
91243,0.998606979847
91244,0.990854203701
91245,0.998260438442
91246,0.99848139286
91247,0.998606979847
91248,0.959739685059
91249,0.99717271328
91250,0.998081326485
91251,0.99848139286
91252,0.99793946743
91253,0.998606979847
91254,0.998094499111
91255,0.977260768414
91256,0.998153328896
91257,0.998145222664
91258,0.99838078022
91259,0.998220264912
91260,0.864180207253
91261,0.961401164532
91262,0.998606979847
91263,0.993826210499
91264,0.989327013493
91265,0.998406648636
91266,0.99594938755
91267,0.993728041649
91268,0.996842384338
91269,0.992018520832
91270,0.994812428951
91271,0.991143465042
91272,0.997783958912
91273,0.998368620872
91274,0.998368620872
91275,0.998606979847
91276,0.99461209774
91277,0.996586322784
91278,0.994024276733
91279,0.993198275566
91280,0.997828781605
91281,0.998606979847
91282,0.995354294777
91283,0.998406648636
91284,0.998200654984
91285,0.997850000858
91286,0.992520272732
91287,0.99210113287
91288,0.992373645306
91289,0.993958711624
91290,0.998606979847
91291,0.986702620983
91292,0.997745871544
91293,0.992296934128
91294,0.998406648636
91295,0.998155415058
91296,0.997783958912
91297,0.993375837803
91298,0.998606979847
91299,0.95724594593
91300,0.996842384338
91301,0.998483419418
91302,0.995817005634
91303,0.998606979847
91304,0.998200178146
91305,0.992021083832
91306,0.996411442757
91307,0.994000613689
91308,0.994029343128
91309,0.957075119019
91310,0.996573746204
91311,0.993847370148
91312,0.99838078022
91313,0.992209196091
91314,0.9953815341
91315,0.997118115425
91316,0.997866868973
91317,0.991943776608
91318,0.985360383987
91319,0.977892637253
91320,0.997951805592
91321,0.998606979847
91322,0.997600913048
91323,0.998606979847
91324,0.882238984108
91325,0.998407959938
91326,0.992787539959
91327,0.992947757244
91328,0.996583402157
91329,0.993557095528
91330,0.998606979847
91331,0.966294944286
91332,0.997804522514
91333,0.998606979847
91334,0.998606979847
91335,0.845596194267
91336,0.995357811451
91337,0.997433483601
91338,0.998368620872
91339,0.998606979847
91340,0.991143465042
91341,0.99848139286
91342,0.998606979847
91343,0.996442019939
91344,0.998606979847
91345,0.997988402843
91346,0.995867490768
91347,0.997700989246
91348,0.992353439331
91349,0.998606979847
91350,0.99848139286
91351,0.998483419418
91352,0.985755085945
91353,0.99793946743
91354,0.996842384338
91355,0.988720834255
91356,0.998606979847
91357,0.993715405464
91358,0.995721697807
91359,0.996292173862
91360,0.992096960545
91361,0.993449747562
91362,0.996146798134
91363,0.997855246067
91364,0.997900903225
91365,0.99334436655
91366,0.998606979847
91367,0.99782294035
91368,0.998483419418
91369,0.998483419418
91370,0.991586089134
91371,0.991650938988
91372,0.990685045719
91373,0.994415104389
91374,0.992716789246
91375,0.993665218353
91376,0.99838078022
91377,0.993722617626
91378,0.991197645664
91379,0.992446780205
91380,0.998606979847
91381,0.996842384338
91382,0.998606979847
91383,0.993614554405
91384,0.99829441309
91385,0.9909953475
91386,0.99848139286
91387,0.997464060783
91388,0.998606979847
91389,0.995879232883
91390,0.980164706707
91391,0.998606979847
91392,0.99848139286
91393,0.970008909702
91394,0.998606979847
91395,0.995351314545
91396,0.998406648636
91397,0.99578422308
91398,0.998013615608
91399,0.998606979847
91400,0.99848139286
91401,0.99793946743
91402,0.99182331562
91403,0.914972662926
91404,0.996411442757
91405,0.985174179077
91406,0.975124418736
91407,0.990947902203
91408,0.998606979847
91409,0.99848139286
91410,0.998406648636
91411,0.997889041901
91412,0.99793946743
91413,0.961584508419
91414,0.998606979847
91415,0.997685015202
91416,0.998407959938
91417,0.998407959938
91418,0.998606979847
91419,0.998260438442
91420,0.995216012001
91421,0.982991695404
91422,0.99829441309
91423,0.99652916193
91424,0.998606979847
91425,0.933139920235
91426,0.99782294035
91427,0.998606979847
91428,0.993895411491
91429,0.995849609375
91430,0.951950371265
91431,0.99793946743
91432,0.996143162251
91433,0.998606979847
91434,0.998406648636
91435,0.998606979847
91436,0.998145222664
91437,0.99793946743
91438,0.993826210499
91439,0.995189964771
91440,0.993255913258
91441,0.992160916328
91442,0.99848139286
91443,0.99793946743
91444,0.943685412407
91445,0.998606979847
91446,0.994300663471
91447,0.99848139286
91448,0.993826210499
91449,0.985750436783
91450,0.997728407383
91451,0.99848139286
91452,0.996414005756
91453,0.998606979847
91454,0.998606979847
91455,0.991843879223
91456,0.99838078022
91457,0.99829441309
91458,0.991879403591
91459,0.983384072781
91460,0.989255905151
91461,0.96169424057
91462,0.964811861515
91463,0.99848139286
91464,0.998483419418
91465,0.997745871544
91466,0.994867146015
91467,0.991680920124
91468,0.994181513786
91469,0.991143465042
91470,0.99793946743
91471,0.99691259861
91472,0.992829561234
91473,0.993375957012
91474,0.998407959938
91475,0.992243826389
91476,0.99820047617
91477,0.998606979847
91478,0.99267655611
91479,0.998606979847
91480,0.998407959938
91481,0.947628378868
91482,0.998276054859
91483,0.995401382446
91484,0.995845198631
91485,0.99034267664
91486,0.998606979847
91487,0.990233540535
91488,0.997866868973
91489,0.991869390011
91490,0.997926175594
91491,0.998606979847
91492,0.998260438442
91493,0.998153328896
91494,0.994239032269
91495,0.998606979847
91496,0.998113453388
91497,0.910020768642
91498,0.989782571793
91499,0.998606979847
91500,0.998022079468
91501,0.995143890381
91502,0.998606979847
91503,0.944016337395
91504,0.996842384338
91505,0.99848139286
91506,0.99829441309
91507,0.996795237064
91508,0.998606979847
91509,0.992538094521
91510,0.99848139286
91511,0.998606979847
91512,0.99848139286
91513,0.989838421345
91514,0.998606979847
91515,0.998428761959
91516,0.994554698467
91517,0.997047066689
91518,0.9802942276
91519,0.998606979847
91520,0.996390998363
91521,0.99848139286
91522,0.99829441309
91523,0.998606979847
91524,0.998220264912
91525,0.99848139286
91526,0.981430888176
91527,0.989827215672
91528,0.998302519321
91529,0.998483419418
91530,0.935230612755
91531,0.996551156044
91532,0.998606979847
91533,0.997725665569
91534,0.998606979847
91535,0.99804186821
91536,0.998606979847
91537,0.997792124748
91538,0.993171095848
91539,0.992719531059
91540,0.997473359108
91541,0.997866868973
91542,0.996312081814
91543,0.997828781605
91544,0.9893258214
91545,0.998606979847
91546,0.991265535355
91547,0.992045342922
91548,0.985068082809
91549,0.998013615608
91550,0.985945284367
91551,0.991860508919
91552,0.998145222664
91553,0.988322496414
91554,0.998606979847
91555,0.99434119463
91556,0.99838078022
91557,0.997430801392
91558,0.998013615608
91559,0.998606979847
91560,0.993561327457
91561,0.998031020164
91562,0.998220264912
91563,0.998606979847
91564,0.997791826725
91565,0.996027112007
91566,0.99838078022
91567,0.98366189003
91568,0.987901866436
91569,0.982212901115
91570,0.997855246067
91571,0.989723801613
91572,0.998606979847
91573,0.994841814041
91574,0.998606979847
91575,0.998606979847
91576,0.998606979847
91577,0.998606979847
91578,0.99848139286
91579,0.998606979847
91580,0.995472192764
91581,0.997530579567
91582,0.998153328896
91583,0.997788965702
91584,0.993803679943
91585,0.99848139286
91586,0.998606979847
91587,0.998153328896
91588,0.993486344814
91589,0.995488643646
91590,0.99838078022
91591,0.992829561234
91592,0.997828781605
91593,0.998145222664
91594,0.998606979847
91595,0.995782911777
91596,0.987072885036
91597,0.998606979847
91598,0.99614328146
91599,0.997430801392
91600,0.998606979847
91601,0.99848139286
91602,0.994187355042
91603,0.998606979847
91604,0.981566607952
91605,0.998145222664
91606,0.988160967827
91607,0.97183829546
91608,0.993961215019
91609,0.997820913792
91610,0.998606979847
91611,0.998606979847
91612,0.998606979847
91613,0.99161696434
91614,0.993301331997
91615,0.990155100822
91616,0.97826397419
91617,0.998606979847
91618,0.998606979847
91619,0.992740154266
91620,0.962635874748
91621,0.998606979847
91622,0.998606979847
91623,0.998260438442
91624,0.99263459444
91625,0.998606979847
91626,0.988631904125
91627,0.998184978962
91628,0.986630380154
91629,0.998406648636
91630,0.998606979847
91631,0.939485788345
91632,0.998022079468
91633,0.998013615608
91634,0.983836352825
91635,0.977757632732
91636,0.998606979847
91637,0.993287026882
91638,0.998022079468
91639,0.993271350861
91640,0.99848139286
91641,0.99848139286
91642,0.996186554432
91643,0.998606979847
91644,0.992160916328
91645,0.998153328896
91646,0.98772996664
91647,0.99848139286
91648,0.997125327587
91649,0.987662255764
91650,0.99829441309
91651,0.998606979847
91652,0.992754936218
91653,0.998606979847
91654,0.997342705727
91655,0.99848139286
91656,0.998606979847
91657,0.998606979847
91658,0.990682244301
91659,0.99359691143
91660,0.998606979847
91661,0.99271351099
91662,0.99820047617
91663,0.99820047617
91664,0.998081326485
91665,0.998606979847
91666,0.99848139286
91667,0.98727440834
91668,0.995277583599
91669,0.998606979847
91670,0.998606979847
91671,0.992657363415
91672,0.998227238655
91673,0.992829561234
91674,0.997636258602
91675,0.997508645058
91676,0.996954917908
91677,0.992630302906
91678,0.998054504395
91679,0.998368620872
91680,0.998606979847
91681,0.946056008339
91682,0.982355475426
91683,0.9789737463
91684,0.998606979847
91685,0.998606979847
91686,0.965923309326
91687,0.99793946743
91688,0.998606979847
91689,0.998606979847
91690,0.998606979847
91691,0.998368620872
91692,0.998368620872
91693,0.996414005756
91694,0.996603786945
91695,0.869309008121
91696,0.99848139286
91697,0.998606979847
91698,0.902159571648
91699,0.991717278957
91700,0.993603289127
91701,0.998220264912
91702,0.99644446373
91703,0.99848139286
91704,0.998606979847
91705,0.99403578043
91706,0.994701504707
91707,0.994847416878
91708,0.992296934128
91709,0.99263459444
91710,0.889698922634
91711,0.961857795715
91712,0.991210520267
91713,0.993692815304
91714,0.998606979847
91715,0.971511662006
91716,0.998302519321
91717,0.993826210499
91718,0.992899060249
91719,0.998407959938
91720,0.998606979847
91721,0.99829441309
91722,0.995100319386
91723,0.998406648636
91724,0.99125367403
91725,0.992716789246
91726,0.997788965702
91727,0.998606979847
91728,0.99793946743
91729,0.99793946743
91730,0.982294559479
91731,0.997700989246
91732,0.98325830698
91733,0.994103848934
91734,0.998606979847
91735,0.998081326485
91736,0.987746655941
91737,0.990075051785
91738,0.998134315014
91739,0.990728974342
91740,0.998094499111
91741,0.998368620872
91742,0.993952155113
91743,0.932168662548
91744,0.99848139286
91745,0.998606979847
91746,0.984096229076
91747,0.99848139286
91748,0.993668854237
91749,0.998606979847
91750,0.99848139286
91751,0.972481250763
91752,0.998606979847
91753,0.990034103394
91754,0.993884861469
91755,0.997700989246
91756,0.978969931602
91757,0.998483419418
91758,0.996607661247
91759,0.998260438442
91760,0.99594938755
91761,0.996842384338
91762,0.99793946743
91763,0.993826210499
91764,0.992372989655
91765,0.964270949364
91766,0.99776917696
91767,0.970472812653
91768,0.997123718262
91769,0.998406648636
91770,0.998606979847
91771,0.994841814041
91772,0.992174506187
91773,0.998606979847
91774,0.997473359108
91775,0.993551790714
91776,0.993722617626
91777,0.991670906544
91778,0.993603289127
91779,0.995467782021
91780,0.992372989655
91781,0.945867836475
91782,0.993156135082
91783,0.982266545296
91784,0.995437681675
91785,0.997685015202
91786,0.993826210499
91787,0.990677773952
91788,0.975549221039
91789,0.998155415058
91790,0.998606979847
91791,0.989875018597
91792,0.897636771202
91793,0.998606979847
91794,0.990239500999
91795,0.998406648636
91796,0.998276054859
91797,0.998606979847
91798,0.993826210499
91799,0.984911680222
91800,0.996586322784
91801,0.998081982136
91802,0.99848139286
91803,0.983758687973
91804,0.996411442757
91805,0.998606979847
91806,0.998606979847
91807,0.998606979847
91808,0.998606979847
91809,0.998406648636
91810,0.994375705719
91811,0.99848139286
91812,0.998013615608
91813,0.973469555378
91814,0.991670906544
91815,0.99838078022
91816,0.990639328957
91817,0.9747646451
91818,0.998606979847
91819,0.998606979847
91820,0.998606979847
91821,0.996635615826
91822,0.996676027775
91823,0.906007289886
91824,0.998302519321
91825,0.998406648636
91826,0.984801948071
91827,0.990186929703
91828,0.998606979847
91829,0.99792098999
91830,0.993551790714
91831,0.998364388943
91832,0.993826210499
91833,0.995188713074
91834,0.998428761959
91835,0.99793946743
91836,0.998606979847
91837,0.996027112007
91838,0.98794734478
91839,0.993020772934
91840,0.99644446373
91841,0.998606979847
91842,0.99554425478
91843,0.994850456715
91844,0.996667027473
91845,0.992538273335
91846,0.990038990974
91847,0.991657972336
91848,0.995131194592
91849,0.991879403591
91850,0.998606979847
91851,0.995025455952
91852,0.998606979847
91853,0.978998780251
91854,0.985701143742
91855,0.968837857246
91856,0.99848139286
91857,0.998606979847
91858,0.992829561234
91859,0.991288423538
91860,0.998606979847
91861,0.991934776306
91862,0.99793946743
91863,0.998606979847
91864,0.993048906326
91865,0.998606979847
91866,0.998606979847
91867,0.992947757244
91868,0.996116995811
91869,0.991611421108
91870,0.998407959938
91871,0.997659146786
91872,0.998235344887
91873,0.998606979847
91874,0.992933571339
91875,0.995717763901
91876,0.996946036816
91877,0.997953295708
91878,0.994745969772
91879,0.99323707819
91880,0.991005063057
91881,0.996146798134
91882,0.996353328228
91883,0.994375705719
91884,0.995930373669
91885,0.997451007366
91886,0.998606979847
91887,0.968432426453
91888,0.995178878307
91889,0.99838078022
91890,0.99793946743
91891,0.997783958912
91892,0.992829561234
91893,0.992077231407
91894,0.99271351099
91895,0.978933930397
91896,0.929874718189
91897,0.998606979847
91898,0.994479238987
91899,0.994841814041
91900,0.998606979847
91901,0.816089034081
91902,0.99793946743
91903,0.994397580624
91904,0.994099259377
91905,0.994841814041
91906,0.98885089159
91907,0.992657363415
91908,0.99848139286
91909,0.996586322784
91910,0.981262385845
91911,0.993209421635
91912,0.998606979847
91913,0.998406648636
91914,0.99259775877
91915,0.998406648636
91916,0.953547298908
91917,0.991737008095
91918,0.998606979847
91919,0.998606979847
91920,0.996390998363
91921,0.997446119785
91922,0.982373297215
91923,0.992947757244
91924,0.997170507908
91925,0.99423122406
91926,0.998184978962
91927,0.998606979847
91928,0.99848139286
91929,0.996262788773
91930,0.99848139286
91931,0.994262695312
91932,0.923265695572
91933,0.995782911777
91934,0.998606979847
91935,0.966350078583
91936,0.998606979847
91937,0.998606979847
91938,0.99820047617
91939,0.998606979847
91940,0.977548003197
91941,0.997599542141
91942,0.995262205601
91943,0.99848139286
91944,0.998606979847
91945,0.890273630619
91946,0.988192975521
91947,0.998606979847
91948,0.997828781605
91949,0.998606979847
91950,0.992220878601
91951,0.998606979847
91952,0.998606979847
91953,0.998407959938
91954,0.986976861954
91955,0.991343736649
91956,0.998368620872
91957,0.998606979847
91958,0.998302519321
91959,0.997968196869
91960,0.993426382542
91961,0.99439239502
91962,0.993048906326
91963,0.998276054859
91964,0.99848139286
91965,0.986513197422
91966,0.991576969624
91967,0.998084068298
91968,0.990005195141
91969,0.991413116455
91970,0.998606979847
91971,0.998153328896
91972,0.974688887596
91973,0.987103104591
91974,0.993326723576
91975,0.99848139286
91976,0.947044610977
91977,0.997889816761
91978,0.986545562744
91979,0.998406648636
91980,0.994812428951
91981,0.994701087475
91982,0.997446119785
91983,0.992947757244
91984,0.998606979847
91985,0.998220264912
91986,0.998483419418
91987,0.998200654984
91988,0.994645893574
91989,0.991435945034
91990,0.995207667351
91991,0.991151571274
91992,0.997989296913
91993,0.991121888161
91994,0.966227054596
91995,0.998606979847
91996,0.992883503437
91997,0.997464060783
91998,0.998127579689
91999,0.996842384338
92000,0.997703015804
92001,0.993722617626
92002,0.997783958912
92003,0.99076706171
92004,0.997900903225
92005,0.998606979847
92006,0.998606979847
92007,0.998606979847
92008,0.989872574806
92009,0.991871297359
92010,0.997373878956
92011,0.998220264912
92012,0.998216986656
92013,0.993945300579
92014,0.998606979847
92015,0.994450747967
92016,0.997393488884
92017,0.960742890835
92018,0.995464742184
92019,0.997698545456
92020,0.996027112007
92021,0.990239500999
92022,0.998153328896
92023,0.991890251637
92024,0.995446383953
92025,0.997694373131
92026,0.998606979847
92027,0.99848139286
92028,0.988517642021
92029,0.995609223843
92030,0.998407959938
92031,0.998483419418
92032,0.998606979847
92033,0.996615171432
92034,0.991435945034
92035,0.996140956879
92036,0.991466522217
92037,0.998606979847
92038,0.994841814041
92039,0.994451999664
92040,0.992527723312
92041,0.998606979847
92042,0.995203793049
92043,0.998606979847
92044,0.995753109455
92045,0.998407959938
92046,0.998260438442
92047,0.994494140148
92048,0.996027112007
92049,0.991347789764
92050,0.969573557377
92051,0.998606979847
92052,0.994847297668
92053,0.997866868973
92054,0.998606979847
92055,0.994187355042
92056,0.998200654984
92057,0.99644446373
92058,0.993665218353
92059,0.995174109936
92060,0.998606979847
92061,0.99848139286
92062,0.979773700237
92063,0.991054356098
92064,0.992244899273
92065,0.921049237251
92066,0.880018830299
92067,0.976144731045
92068,0.998368620872
92069,0.99848139286
92070,0.99644446373
92071,0.998406648636
92072,0.99838078022
92073,0.998145222664
92074,0.996842384338
92075,0.948083400726
92076,0.997604727745
92077,0.998483419418
92078,0.998606979847
92079,0.998606979847
92080,0.994031131268
92081,0.991540431976
92082,0.998606979847
92083,0.998483419418
92084,0.956427395344
92085,0.994525492191
92086,0.992020487785
92087,0.998606979847
92088,0.997472524643
92089,0.998606979847
92090,0.990047931671
92091,0.998606979847
92092,0.998606979847
92093,0.998606979847
92094,0.944705367088
92095,0.99848139286
92096,0.990737497807
92097,0.982917785645
92098,0.997516274452
92099,0.998013615608
92100,0.997866868973
92101,0.992813766003
92102,0.99210113287
92103,0.995143890381
92104,0.998406648636
92105,0.998227238655
92106,0.998606979847
92107,0.998606979847
92108,0.993830859661
92109,0.982570886612
92110,0.99838078022
92111,0.998606979847
92112,0.993276536465
92113,0.962816596031
92114,0.998260438442
92115,0.99838078022
92116,0.998407959938
92117,0.99793946743
92118,0.998145222664
92119,0.998145222664
92120,0.979026794434
92121,0.998606979847
92122,0.998606979847
92123,0.993849337101
92124,0.997822642326
92125,0.996676027775
92126,0.998606979847
92127,0.994494497776
92128,0.98989367485
92129,0.979111790657
92130,0.996933102608
92131,0.96610468626
92132,0.998606979847
92133,0.988713622093
92134,0.991342782974
92135,0.997988402843
92136,0.987729728222
92137,0.99838078022
92138,0.998406648636
92139,0.980448126793
92140,0.997828781605
92141,0.928423404694
92142,0.998606979847
92143,0.995996117592
92144,0.998094499111
92145,0.998407959938
92146,0.998606979847
92147,0.998606979847
92148,0.998606979847
92149,0.985777199268
92150,0.998260438442
92151,0.987527549267
92152,0.992035984993
92153,0.998406648636
92154,0.998606979847
92155,0.998606979847
92156,0.998606979847
92157,0.99433028698
92158,0.998013615608
92159,0.98624008894
92160,0.998606979847
92161,0.994106709957
92162,0.998606979847
92163,0.998368620872
92164,0.998606979847
92165,0.995358109474
92166,0.998606979847
92167,0.998606979847
92168,0.992614209652
92169,0.99717271328
92170,0.998606979847
92171,0.995117902756
92172,0.998606979847
92173,0.998606979847
92174,0.984175682068
92175,0.998260438442
92176,0.998606979847
92177,0.998606979847
92178,0.998260438442
92179,0.951135575771
92180,0.998606979847
92181,0.965256690979
92182,0.998606979847
92183,0.992723405361
92184,0.990780174732
92185,0.998606979847
92186,0.981240451336
92187,0.998276054859
92188,0.997473359108
92189,0.992400109768
92190,0.996353328228
92191,0.993722617626
92192,0.998606979847
92193,0.993826210499
92194,0.996842384338
92195,0.994758427143
92196,0.983282029629
92197,0.998406648636
92198,0.993722617626
92199,0.996842384338
92200,0.995488643646
92201,0.998606979847
92202,0.995817005634
92203,0.998606979847
92204,0.998184978962
92205,0.998606979847
92206,0.997855246067
92207,0.973899364471
92208,0.997781097889
92209,0.998606979847
92210,0.99848139286
92211,0.99820047617
92212,0.997889041901
92213,0.998022079468
92214,0.99575483799
92215,0.998606979847
92216,0.991516053677
92217,0.994542181492
92218,0.996989548206
92219,0.99263459444
92220,0.99793946743
92221,0.99820047617
92222,0.998606979847
92223,0.99848139286
92224,0.997788965702
92225,0.998606979847
92226,0.99848139286
92227,0.998081326485
92228,0.978377342224
92229,0.9974411726
92230,0.997248888016
92231,0.993150949478
92232,0.923138141632
92233,0.991929769516
92234,0.995403826237
92235,0.998102426529
92236,0.998606979847
92237,0.997828781605
92238,0.998606979847
92239,0.998606979847
92240,0.998606979847
92241,0.981323361397
92242,0.998606979847
92243,0.998606979847
92244,0.99838078022
92245,0.99804186821
92246,0.998606979847
92247,0.979239881039
92248,0.99848139286
92249,0.998606979847
92250,0.991985917091
92251,0.992947757244
92252,0.99848139286
92253,0.998606979847
92254,0.995224297047
92255,0.985750436783
92256,0.978885531425
92257,0.998606979847
92258,0.988700509071
92259,0.992740154266
92260,0.70993244648
92261,0.991439640522
92262,0.986167907715
92263,0.987241506577
92264,0.969086885452
92265,0.997900903225
92266,0.991415023804
92267,0.998094499111
92268,0.99793946743
92269,0.998407959938
92270,0.992389976978
92271,0.99848139286
92272,0.998606979847
92273,0.99263459444
92274,0.991342782974
92275,0.978404998779
92276,0.982913672924
92277,0.998606979847
92278,0.997301340103
92279,0.998606979847
92280,0.994015932083
92281,0.995516598225
92282,0.99848139286
92283,0.990000069141
92284,0.992657363415
92285,0.84173643589
92286,0.98672914505
92287,0.998406648636
92288,0.998606979847
92289,0.996586322784
92290,0.998606979847
92291,0.998428761959
92292,0.998606979847
92293,0.997828781605
92294,0.996975183487
92295,0.995117902756
92296,0.996312081814
92297,0.996411442757
92298,0.992953181267
92299,0.995924890041
92300,0.99641007185
92301,0.998407959938
92302,0.998022079468
92303,0.996411442757
92304,0.95137399435
92305,0.932584702969
92306,0.998483419418
92307,0.998406648636
92308,0.998606979847
92309,0.998352825642
92310,0.998606979847
92311,0.998606979847
92312,0.99838078022
92313,0.998606979847
92314,0.998606979847
92315,0.996586322784
92316,0.996842384338
92317,0.998054504395
92318,0.99848139286
92319,0.997713565826
92320,0.916820406914
92321,0.998606979847
92322,0.998483419418
92323,0.998606979847
92324,0.981254994869
92325,0.99848139286
92326,0.992379903793
92327,0.986859858036
92328,0.995472192764
92329,0.990479052067
92330,0.967389881611
92331,0.994005978107
92332,0.998216986656
92333,0.992820560932
92334,0.995467782021
92335,0.996583402157
92336,0.998606979847
92337,0.959720313549
92338,0.992926299572
92339,0.998102426529
92340,0.976127147675
92341,0.998606979847
92342,0.99820047617
92343,0.997888922691
92344,0.99644446373
92345,0.997841417789
92346,0.99801248312
92347,0.998606979847
92348,0.998260438442
92349,0.998606979847
92350,0.990806818008
92351,0.994747519493
92352,0.99793946743
92353,0.997989296913
92354,0.997866868973
92355,0.998606979847
92356,0.992657363415
92357,0.998606979847
92358,0.996027112007
92359,0.998407959938
92360,0.990908145905
92361,0.998606979847
92362,0.995496213436
92363,0.997170507908
92364,0.997393488884
92365,0.995565950871
92366,0.996842384338
92367,0.936872065067
92368,0.984035611153
92369,0.998606979847
92370,0.890672564507
92371,0.993688821793
92372,0.998606979847
92373,0.99848139286
92374,0.993826210499
92375,0.998606979847
92376,0.998606979847
92377,0.998483419418
92378,0.998606979847
92379,0.987651348114
92380,0.997951805592
92381,0.998022079468
92382,0.995853245258
92383,0.955497205257
92384,0.997850000858
92385,0.997828781605
92386,0.959183573723
92387,0.991435945034
92388,0.998606979847
92389,0.984451889992
92390,0.998606979847
92391,0.944684326649
92392,0.997600734234
92393,0.998081326485
92394,0.995025455952
92395,0.99829441309
92396,0.998606979847
92397,0.994414925575
92398,0.989037632942
92399,0.998606979847
92400,0.995721697807
92401,0.992947757244
92402,0.992947757244
92403,0.998153328896
92404,0.991714477539
92405,0.989973247051
92406,0.998606979847
92407,0.998606979847
92408,0.998352825642
92409,0.997815132141
92410,0.99838078022
92411,0.992379903793
92412,0.993275403976
92413,0.992947757244
92414,0.996676027775
92415,0.995004355907
92416,0.998200654984
92417,0.996758520603
92418,0.998302519321
92419,0.991540431976
92420,0.998483419418
92421,0.988600730896
92422,0.997828781605
92423,0.992657363415
92424,0.99848139286
92425,0.995240449905
92426,0.99848139286
92427,0.99793946743
92428,0.993942320347
92429,0.991266787052
92430,0.998364388943
92431,0.998606979847
92432,0.998606979847
92433,0.994758427143
92434,0.916104435921
92435,0.997599542141
92436,0.998013615608
92437,0.99848139286
92438,0.936791598797
92439,0.998606979847
92440,0.998606979847
92441,0.992375254631
92442,0.998260438442
92443,0.993533909321
92444,0.998407959938
92445,0.997126221657
92446,0.997508645058
92447,0.904195070267
92448,0.998606979847
92449,0.998606979847
92450,0.998606979847
92451,0.99848139286
92452,0.985750436783
92453,0.997485339642
92454,0.99541836977
92455,0.998352825642
92456,0.99820369482
92457,0.998094499111
92458,0.986973941326
92459,0.99232250452
92460,0.997615814209
92461,0.991439640522
92462,0.996334016323
92463,0.998606979847
92464,0.998606979847
92465,0.969215214252
92466,0.987395524979
92467,0.998368620872
92468,0.996573746204
92469,0.99554425478
92470,0.998028457165
92471,0.998483419418
92472,0.998102426529
92473,0.998012661934
92474,0.998606979847
92475,0.996027112007
92476,0.998606979847
92477,0.989918351173
92478,0.995043575764
92479,0.998606979847
92480,0.986384272575
92481,0.998368620872
92482,0.998428761959
92483,0.998428761959
92484,0.996586322784
92485,0.99838078022
92486,0.998606979847
92487,0.998028457165
92488,0.99820047617
92489,0.99793946743
92490,0.99848139286
92491,0.995709359646
92492,0.998406648636
92493,0.998407959938
92494,0.990753948689
92495,0.998606979847
92496,0.998606979847
92497,0.998606979847
92498,0.997575700283
92499,0.998606979847
92500,0.99848139286
92501,0.998013615608
92502,0.998606979847
92503,0.996586322784
92504,0.995115101337
92505,0.984108626842
92506,0.998112678528
92507,0.998406648636
92508,0.990165710449
92509,0.988401830196
92510,0.998606979847
92511,0.998406648636
92512,0.998483419418
92513,0.998227238655
92514,0.998483419418
92515,0.998606979847
92516,0.998606979847
92517,0.998483419418
92518,0.99848139286
92519,0.988889873028
92520,0.99848139286
92521,0.996778845787
92522,0.998407959938
92523,0.998606979847
92524,0.998406648636
92525,0.974719703197
92526,0.998606979847
92527,0.9957254529
92528,0.99848139286
92529,0.997571706772
92530,0.996136546135
92531,0.992566764355
92532,0.998606979847
92533,0.993903100491
92534,0.966396987438
92535,0.989163160324
92536,0.998054504395
92537,0.993665218353
92538,0.998606979847
92539,0.998606979847
92540,0.987780749798
92541,0.967484176159
92542,0.970344603062
92543,0.993048906326
92544,0.998145222664
92545,0.998606979847
92546,0.998606979847
92547,0.991666615009
92548,0.954078495502
92549,0.998606979847
92550,0.980762958527
92551,0.997822642326
92552,0.993551790714
92553,0.998606979847
92554,0.992947757244
92555,0.976120471954
92556,0.997342705727
92557,0.998483419418
92558,0.998406648636
92559,0.996072053909
92560,0.977634429932
92561,0.993945300579
92562,0.998606979847
92563,0.998220264912
92564,0.997834384441
92565,0.99263459444
92566,0.996411442757
92567,0.998145222664
92568,0.98644554615
92569,0.996292173862
92570,0.970348119736
92571,0.995782911777
92572,0.998606979847
92573,0.998406648636
92574,0.996146798134
92575,0.993048906326
92576,0.998606979847
92577,0.992829561234
92578,0.99793946743
92579,0.998079001904
92580,0.99848139286
92581,0.99848139286
92582,0.991777837276
92583,0.998483419418
92584,0.998606979847
92585,0.99848139286
92586,0.998606979847
92587,0.993727147579
92588,0.998260438442
92589,0.99829441309
92590,0.993988215923
92591,0.995803833008
92592,0.99838078022
92593,0.997558534145
92594,0.99259775877
92595,0.994942486286
92596,0.996411442757
92597,0.992710649967
92598,0.99848139286
92599,0.998606979847
92600,0.998606979847
92601,0.994099259377
92602,0.998200654984
92603,0.99263459444
92604,0.983530938625
92605,0.998276054859
92606,0.99838078022
92607,0.992020487785
92608,0.997900903225
92609,0.992716789246
92610,0.99838078022
92611,0.99480932951
92612,0.992947757244
92613,0.992296814919
92614,0.998266220093
92615,0.99509036541
92616,0.998606979847
92617,0.997850000858
92618,0.996842384338
92619,0.99838078022
92620,0.99793946743
92621,0.996644258499
92622,0.995936155319
92623,0.974601209164
92624,0.99829441309
92625,0.990956485271
92626,0.995665967464
92627,0.994908452034
92628,0.998606979847
92629,0.997900903225
92630,0.99838078022
92631,0.99838078022
92632,0.995290398598
92633,0.997828781605
92634,0.998406648636
92635,0.998606979847
92636,0.992829561234
92637,0.998094499111
92638,0.998606979847
92639,0.994194447994
92640,0.993826210499
92641,0.99848139286
92642,0.993826210499
92643,0.988020837307
92644,0.998606979847
92645,0.975487470627
92646,0.993048906326
92647,0.99208086729
92648,0.998181462288
92649,0.998606979847
92650,0.998483419418
92651,0.992716789246
92652,0.998606979847
92653,0.970717549324
92654,0.993082523346
92655,0.998406648636
92656,0.99848139286
92657,0.998260438442
92658,0.998483419418
92659,0.997160553932
92660,0.989787042141
92661,0.998606979847
92662,0.998606979847
92663,0.986553907394
92664,0.991934776306
92665,0.998606979847
92666,0.93809479475
92667,0.979449689388
92668,0.99848139286
92669,0.998364388943
92670,0.994758427143
92671,0.99838078022
92672,0.992657363415
92673,0.993178665638
92674,0.997621715069
92675,0.998081326485
92676,0.99829441309
92677,0.998081326485
92678,0.998407959938
92679,0.998606979847
92680,0.98209810257
92681,0.986313223839
92682,0.994645178318
92683,0.988388180733
92684,0.993390679359
92685,0.998273909092
92686,0.995736420155
92687,0.998606979847
92688,0.998606979847
92689,0.996027112007
92690,0.99793946743
92691,0.997311890125
92692,0.992457985878
92693,0.994034290314
92694,0.99838078022
92695,0.988258063793
92696,0.994188427925
92697,0.99565923214
92698,0.990422189236
92699,0.991135895252
92700,0.990172147751
92701,0.99198359251
92702,0.99539154768
92703,0.99271351099
92704,0.998406648636
92705,0.998606979847
92706,0.957830965519
92707,0.995690464973
92708,0.994357705116
92709,0.986989855766
92710,0.998153328896
92711,0.99709379673
92712,0.981627583504
92713,0.993500888348
92714,0.997842073441
92715,0.989978015423
92716,0.998606979847
92717,0.997953295708
92718,0.998129248619
92719,0.803183674812
92720,0.976764976978
92721,0.998606979847
92722,0.998163342476
92723,0.998606979847
92724,0.997685015202
92725,0.996603786945
92726,0.990176737309
92727,0.993276536465
92728,0.995257675648
92729,0.99848139286
92730,0.993255913258
92731,0.998153328896
92732,0.99793946743
92733,0.998606979847
92734,0.997828781605
92735,0.994834959507
92736,0.993513405323
92737,0.991671204567
92738,0.997988402843
92739,0.997615814209
92740,0.99848139286
92741,0.990825891495
92742,0.996027112007
92743,0.998155236244
92744,0.987667143345
92745,0.99848139286
92746,0.992561161518
92747,0.998606979847
92748,0.99848139286
92749,0.988108098507
92750,0.995826482773
92751,0.997858762741
92752,0.99235701561
92753,0.998406648636
92754,0.998606979847
92755,0.99848139286
92756,0.996146798134
92757,0.995464742184
92758,0.998606979847
92759,0.996014237404
92760,0.997118115425
92761,0.998606979847
92762,0.83452796936
92763,0.99820047617
92764,0.994628965855
92765,0.983157813549
92766,0.998606979847
92767,0.993791103363
92768,0.993276536465
92769,0.99782294035
92770,0.998406648636
92771,0.99829441309
92772,0.995690464973
92773,0.99263459444
92774,0.992657363415
92775,0.992846846581
92776,0.998606979847
92777,0.998364388943
92778,0.998606979847
92779,0.994965314865
92780,0.994817018509
92781,0.990079700947
92782,0.998260438442
92783,0.990917742252
92784,0.998606979847
92785,0.993945300579
92786,0.998483419418
92787,0.998606979847
92788,0.998606979847
92789,0.997900903225
92790,0.99838078022
92791,0.990623533726
92792,0.997850000858
92793,0.991413116455
92794,0.998606979847
92795,0.998606979847
92796,0.99644446373
92797,0.993178665638
92798,0.998606979847
92799,0.99614328146
92800,0.99820047617
92801,0.997783958912
92802,0.99263459444
92803,0.995257675648
92804,0.998220264912
92805,0.998260438442
92806,0.991217911243
92807,0.998606979847
92808,0.998428761959
92809,0.998352825642
92810,0.998200654984
92811,0.991142272949
92812,0.998606979847
92813,0.979120790958
92814,0.984263420105
92815,0.973273277283
92816,0.99848139286
92817,0.99263459444
92818,0.995844423771
92819,0.998606979847
92820,0.998407959938
92821,0.99433028698
92822,0.930195271969
92823,0.99263459444
92824,0.992829561234
92825,0.992933571339
92826,0.993048906326
92827,0.995488643646
92828,0.99820047617
92829,0.995044231415
92830,0.998181462288
92831,0.976275622845
92832,0.998200654984
92833,0.998483419418
92834,0.984983444214
92835,0.996603786945
92836,0.998606979847
92837,0.998606979847
92838,0.974061846733
92839,0.945116281509
92840,0.998606979847
92841,0.998155415058
92842,0.992166817188
92843,0.997621715069
92844,0.998606979847
92845,0.998220264912
92846,0.997713565826
92847,0.979427933693
92848,0.998606979847
92849,0.996034264565
92850,0.990210235119
92851,0.998606979847
92852,0.998407959938
92853,0.998213946819
92854,0.998220264912
92855,0.998606979847
92856,0.998606979847
92857,0.989543557167
92858,0.998606979847
92859,0.981031537056
92860,0.998147010803
92861,0.989115715027
92862,0.986279964447
92863,0.998606979847
92864,0.998145222664
92865,0.997224986553
92866,0.998606979847
92867,0.998606979847
92868,0.991762518883
92869,0.990958929062
92870,0.972190260887
92871,0.998606979847
92872,0.989596784115
92873,0.997311890125
92874,0.993603289127
92875,0.997828781605
92876,0.996057569981
92877,0.988853156567
92878,0.998606979847
92879,0.991945207119
92880,0.993452548981
92881,0.99793946743
92882,0.993994057178
92883,0.998606979847
92884,0.998368620872
92885,0.99838078022
92886,0.997301340103
92887,0.88589322567
92888,0.994300663471
92889,0.99260699749
92890,0.998606979847
92891,0.993586242199
92892,0.992228150368
92893,0.998606979847
92894,0.998368620872
92895,0.99793946743
92896,0.991995751858
92897,0.990258395672
92898,0.992632508278
92899,0.978853225708
92900,0.998606979847
92901,0.998260438442
92902,0.968341946602
92903,0.998276054859
92904,0.998155415058
92905,0.998606979847
92906,0.99782294035
92907,0.998606979847
92908,0.994164824486
92909,0.997246801853
92910,0.998606979847
92911,0.9890614748
92912,0.99848139286
92913,0.998606979847
92914,0.989712059498
92915,0.97455149889
92916,0.998606979847
92917,0.998235344887
92918,0.993402421474
92919,0.998200654984
92920,0.99361628294
92921,0.998145222664
92922,0.98142439127
92923,0.996586322784
92924,0.998102426529
92925,0.998406648636
92926,0.986771643162
92927,0.998260438442
92928,0.998606979847
92929,0.991256952286
92930,0.917049705982
92931,0.998324692249
92932,0.998172521591
92933,0.952755749226
92934,0.946534752846
92935,0.99848139286
92936,0.998606979847
92937,0.998606979847
92938,0.98884421587
92939,0.997685015202
92940,0.990229249001
92941,0.99848139286
92942,0.988590955734
92943,0.997114419937
92944,0.998606979847
92945,0.997464060783
92946,0.998606979847
92947,0.998606979847
92948,0.992657661438
92949,0.99776917696
92950,0.991370260715
92951,0.998407959938
92952,0.99323707819
92953,0.993603289127
92954,0.997788965702
92955,0.998606979847
92956,0.998606979847
92957,0.992829561234
92958,0.985764980316
92959,0.99848139286
92960,0.992875635624
92961,0.998147547245
92962,0.994683563709
92963,0.993375957012
92964,0.992594301701
92965,0.998606979847
92966,0.992933571339
92967,0.998606979847
92968,0.998428761959
92969,0.998606979847
92970,0.99848139286
92971,0.97907269001
92972,0.96157848835
92973,0.998606979847
92974,0.990189194679
92975,0.991272270679
92976,0.998606979847
92977,0.998606979847
92978,0.99838078022
92979,0.939785301685
92980,0.995752573013
92981,0.997506380081
92982,0.997900903225
92983,0.99838078022
92984,0.983384072781
92985,0.986364603043
92986,0.998302519321
92987,0.998483419418
92988,0.997903585434
92989,0.997621715069
92990,0.985536754131
92991,0.990629732609
92992,0.998606979847
92993,0.998606979847
92994,0.998266220093
92995,0.998368620872
92996,0.997866868973
92997,0.997364997864
92998,0.997433483601
92999,0.998407959938
93000,0.991669893265
93001,0.998606979847
93002,0.990142822266
93003,0.992050349712
93004,0.996842384338
93005,0.998406648636
93006,0.832232117653
93007,0.998200654984
93008,0.99838078022
93009,0.934573173523
93010,0.998184978962
93011,0.99793946743
93012,0.998606979847
93013,0.998606979847
93014,0.969665408134
93015,0.998406648636
93016,0.996027112007
93017,0.990918755531
93018,0.993914842606
93019,0.998606979847
93020,0.99323707819
93021,0.975666105747
93022,0.995048880577
93023,0.995388090611
93024,0.992897689342
93025,0.997858762741
93026,0.993826210499
93027,0.995609223843
93028,0.998606979847
93029,0.995464742184
93030,0.998483419418
93031,0.996076047421
93032,0.993375957012
93033,0.998606979847
93034,0.992614209652
93035,0.998241424561
93036,0.998155415058
93037,0.996842384338
93038,0.998606979847
93039,0.99271351099
93040,0.996603786945
93041,0.998606979847
93042,0.979400336742
93043,0.99848139286
93044,0.997685015202
93045,0.996411442757
93046,0.991911172867
93047,0.986856579781
93048,0.989641666412
93049,0.998406648636
93050,0.96332025528
93051,0.99793946743
93052,0.995736420155
93053,0.998606979847
93054,0.998081982136
93055,0.99848139286
93056,0.99820047617
93057,0.99793946743
93058,0.998606979847
93059,0.997508645058
93060,0.997771561146
93061,0.721465170383
93062,0.994021296501
93063,0.949055373669
93064,0.998606979847
93065,0.995849609375
93066,0.994011640549
93067,0.986477434635
93068,0.99793946743
93069,0.998606979847
93070,0.99848139286
93071,0.998606979847
93072,0.987353026867
93073,0.998606979847
93074,0.998606979847
93075,0.996586322784
93076,0.983948111534
93077,0.995516598225
93078,0.994482934475
93079,0.995326161385
93080,0.99848139286
93081,0.964412510395
93082,0.998606979847
93083,0.98599088192
93084,0.99829441309
93085,0.990508854389
93086,0.991569757462
93087,0.996603786945
93088,0.991138041019
93089,0.973370432854
93090,0.998200654984
93091,0.998163342476
93092,0.998407959938
93093,0.997745871544
93094,0.98606389761
93095,0.992947757244
93096,0.998407959938
93097,0.99848139286
93098,0.880684256554
93099,0.992716789246
93100,0.990580916405
93101,0.998276054859
93102,0.998606979847
93103,0.977407872677
93104,0.996027112007
93105,0.982924640179
93106,0.99805778265
93107,0.998241424561
93108,0.99359691143
93109,0.99848139286
93110,0.994043827057
93111,0.998606979847
93112,0.971413016319
93113,0.99793946743
93114,0.99838078022
93115,0.99259531498
93116,0.998606979847
93117,0.99848139286
93118,0.944482803345
93119,0.996309936047
93120,0.998220264912
93121,0.996603786945
93122,0.998406648636
93123,0.99848139286
93124,0.998428761959
93125,0.994303643703
93126,0.834335625172
93127,0.99848139286
93128,0.998606979847
93129,0.998606979847
93130,0.998606979847
93131,0.997169315815
93132,0.998606979847
93133,0.996603786945
93134,0.997430801392
93135,0.998606979847
93136,0.923163354397
93137,0.998364388943
93138,0.992716789246
93139,0.998606979847
93140,0.998606979847
93141,0.991997182369
93142,0.998606979847
93143,0.997858762741
93144,0.998606979847
93145,0.99838078022
93146,0.99848139286
93147,0.998406648636
93148,0.982847809792
93149,0.99848139286
93150,0.998606979847
93151,0.918312907219
93152,0.998606979847
93153,0.993365824223
93154,0.992897689342
93155,0.998153328896
93156,0.991635262966
93157,0.998200654984
93158,0.997600913048
93159,0.998606979847
93160,0.993826210499
93161,0.991422832012
93162,0.997783958912
93163,0.977410674095
93164,0.99848139286
93165,0.997953295708
93166,0.996353328228
93167,0.995825171471
93168,0.998407959938
93169,0.997530579567
93170,0.998260438442
93171,0.99838078022
93172,0.998606979847
93173,0.99848139286
93174,0.998606979847
93175,0.997262656689
93176,0.998407959938
93177,0.992795109749
93178,0.998606979847
93179,0.998606979847
93180,0.997464060783
93181,0.957308113575
93182,0.99568593502
93183,0.997642576694
93184,0.998606979847
93185,0.991227686405
93186,0.997866868973
93187,0.998606979847
93188,0.993735611439
93189,0.998145222664
93190,0.99793946743
93191,0.996842384338
93192,0.991943538189
93193,0.992823898792
93194,0.998606979847
93195,0.989175081253
93196,0.998606979847
93197,0.997574031353
93198,0.998064756393
93199,0.998606979847
93200,0.998428761959
93201,0.99838078022
93202,0.998153328896
93203,0.965619802475
93204,0.991385698318
93205,0.998352825642
93206,0.998606979847
93207,0.997910499573
93208,0.989872574806
93209,0.998606979847
93210,0.998606979847
93211,0.998076677322
93212,0.996353328228
93213,0.952905595303
93214,0.998606979847
93215,0.998406648636
93216,0.974197149277
93217,0.99838078022
93218,0.998200654984
93219,0.996842384338
93220,0.998145222664
93221,0.99829441309
93222,0.998606979847
93223,0.997418224812
93224,0.998406648636
93225,0.998260438442
93226,0.998606979847
93227,0.998406648636
93228,0.983898043633
93229,0.991697609425
93230,0.998606979847
93231,0.99793946743
93232,0.998606979847
93233,0.945822477341
93234,0.99729269743
93235,0.996842384338
93236,0.993220984936
93237,0.991304636002
93238,0.99792098999
93239,0.998606979847
93240,0.998260438442
93241,0.997222304344
93242,0.99848139286
93243,0.998606979847
93244,0.998606979847
93245,0.998606979847
93246,0.99848139286
93247,0.99734556675
93248,0.995609223843
93249,0.998406648636
93250,0.998428761959
93251,0.998606979847
93252,0.978347539902
93253,0.998606979847
93254,0.995189845562
93255,0.956390440464
93256,0.998235344887
93257,0.998167812824
93258,0.99848139286
93259,0.959902822971
93260,0.998606979847
93261,0.995782911777
93262,0.961245238781
93263,0.998606979847
93264,0.997508645058
93265,0.99848139286
93266,0.998606979847
93267,0.998483419418
93268,0.998606979847
93269,0.998407959938
93270,0.981719970703
93271,0.99820047617
93272,0.993087470531
93273,0.998606979847
93274,0.959683597088
93275,0.99848139286
93276,0.994841814041
93277,0.998606979847
93278,0.997549116611
93279,0.99820047617
93280,0.99848139286
93281,0.998606979847
93282,0.997900903225
93283,0.99848139286
93284,0.984260439873
93285,0.992947757244
93286,0.998606979847
93287,0.998606979847
93288,0.993941962719
93289,0.99717271328
93290,0.99554425478
93291,0.998260438442
93292,0.992269158363
93293,0.985229969025
93294,0.99263459444
93295,0.998606979847
93296,0.997745871544
93297,0.997495770454
93298,0.99848139286
93299,0.998079001904
93300,0.990329802036
93301,0.998606979847
93302,0.98490267992
93303,0.993285596371
93304,0.996027112007
93305,0.994897544384
93306,0.99323707819
93307,0.982139050961
93308,0.99128061533
93309,0.99829441309
93310,0.998364388943
93311,0.998606979847
93312,0.998606979847
93313,0.997828781605
93314,0.998606979847
93315,0.996421039104
93316,0.996027112007
93317,0.994989395142
93318,0.998606979847
93319,0.997367501259
93320,0.994766294956
93321,0.99076706171
93322,0.997858762741
93323,0.956108987331
93324,0.994753181934
93325,0.99523794651
93326,0.998200654984
93327,0.970429360867
93328,0.997537434101
93329,0.978690981865
93330,0.99848139286
93331,0.99848139286
93332,0.998606979847
93333,0.975510895252
93334,0.997506380081
93335,0.919542968273
93336,0.99224114418
93337,0.987352788448
93338,0.993826210499
93339,0.998606979847
93340,0.994417250156
93341,0.995590627193
93342,0.951549351215
93343,0.998606979847
93344,0.992393434048
93345,0.993478834629
93346,0.998606979847
93347,0.995388090611
93348,0.99838078022
93349,0.977702021599
93350,0.998407959938
93351,0.977219164371
93352,0.99838078022
93353,0.992820084095
93354,0.998606979847
93355,0.993826210499
93356,0.998606979847
93357,0.982224345207
93358,0.991935968399
93359,0.99418336153
93360,0.99633949995
93361,0.991143465042
93362,0.998200654984
93363,0.998606979847
93364,0.997301340103
93365,0.998058021069
93366,0.998606979847
93367,0.995681643486
93368,0.987611472607
93369,0.955205380917
93370,0.99848139286
93371,0.993741750717
93372,0.994000613689
93373,0.998606979847
93374,0.998260438442
93375,0.992740154266
93376,0.998406648636
93377,0.998428761959
93378,0.998606979847
93379,0.997595965862
93380,0.99848139286
93381,0.980965733528
93382,0.994841814041
93383,0.997301340103
93384,0.998302519321
93385,0.998606979847
93386,0.997989296913
93387,0.988655090332
93388,0.990639388561
93389,0.981609225273
93390,0.998606979847
93391,0.997900903225
93392,0.998606979847
93393,0.991355717182
93394,0.997788965702
93395,0.993251800537
93396,0.998200654984
93397,0.997713565826
93398,0.998606979847
93399,0.99820047617
93400,0.994746148586
93401,0.992355406284
93402,0.998606979847
93403,0.99848139286
93404,0.998606979847
93405,0.989396393299
93406,0.996842384338
93407,0.995401382446
93408,0.998406648636
93409,0.973361074924
93410,0.99848139286
93411,0.993375957012
93412,0.99838078022
93413,0.990837216377
93414,0.998606979847
93415,0.9953815341
93416,0.992296695709
93417,0.993945300579
93418,0.995924890041
93419,0.99838078022
93420,0.99848139286
93421,0.996980011463
93422,0.998606979847
93423,0.99085265398
93424,0.99848139286
93425,0.979559957981
93426,0.981477856636
93427,0.99838078022
93428,0.98636162281
93429,0.995924890041
93430,0.998276054859
93431,0.996842384338
93432,0.988446652889
93433,0.998241424561
93434,0.946443915367
93435,0.99848139286
93436,0.99693018198
93437,0.998606979847
93438,0.998606979847
93439,0.997464060783
93440,0.993722617626
93441,0.998606979847
93442,0.995508134365
93443,0.99848139286
93444,0.998606979847
93445,0.976390659809
93446,0.99848139286
93447,0.998200654984
93448,0.998606979847
93449,0.997037529945
93450,0.998606979847
93451,0.992331445217
93452,0.998181462288
93453,0.998260438442
93454,0.99838078022
93455,0.998352825642
93456,0.994841814041
93457,0.998606979847
93458,0.990705966949
93459,0.998606979847
93460,0.994597136974
93461,0.947744607925
93462,0.998606979847
93463,0.99838078022
93464,0.997575700283
93465,0.998606979847
93466,0.998200654984
93467,0.959701240063
93468,0.980553090572
93469,0.998606979847
93470,0.989454329014
93471,0.997783362865
93472,0.998428761959
93473,0.991780817509
93474,0.995639920235
93475,0.991143465042
93476,0.982269287109
93477,0.978678643703
93478,0.998153328896
93479,0.916376113892
93480,0.993327379227
93481,0.99084097147
93482,0.998606979847
93483,0.998606979847
93484,0.99820047617
93485,0.955732107162
93486,0.979965209961
93487,0.99801248312
93488,0.998483419418
93489,0.997700989246
93490,0.998200654984
93491,0.993826210499
93492,0.998273909092
93493,0.956295251846
93494,0.995216012001
93495,0.991413116455
93496,0.990354716778
93497,0.997196853161
93498,0.998145222664
93499,0.968167543411
93500,0.998364388943
93501,0.998200178146
93502,0.998302519321
93503,0.991926550865
93504,0.998606979847
93505,0.998013615608
93506,0.986945688725
93507,0.998606979847
93508,0.972075998783
93509,0.982709288597
93510,0.992193877697
93511,0.998273909092
93512,0.990728974342
93513,0.998200178146
93514,0.998606979847
93515,0.997114419937
93516,0.998606979847
93517,0.997373878956
93518,0.998145222664
93519,0.998606979847
93520,0.99793946743
93521,0.984197199345
93522,0.992829561234
93523,0.997745871544
93524,0.982934653759
93525,0.996847510338
93526,0.998606979847
93527,0.975815236568
93528,0.997900903225
93529,0.996842384338
93530,0.99793946743
93531,0.998293995857
93532,0.998606979847
93533,0.996842384338
93534,0.99792098999
93535,0.998276054859
93536,0.997144877911
93537,0.99848139286
93538,0.984747588634
93539,0.965763866901
93540,0.998606979847
93541,0.998606979847
93542,0.99848139286
93543,0.998606979847
93544,0.998606979847
93545,0.996842384338
93546,0.99848139286
93547,0.993131518364
93548,0.998606979847
93549,0.995117902756
93550,0.998606979847
93551,0.997725665569
93552,0.990764498711
93553,0.984488070011
93554,0.997951805592
93555,0.993798017502
93556,0.971592009068
93557,0.998324692249
93558,0.998606979847
93559,0.991715908051
93560,0.997903585434
93561,0.998606979847
93562,0.99838078022
93563,0.997114419937
93564,0.992020487785
93565,0.998153328896
93566,0.998406648636
93567,0.992713987827
93568,0.998606979847
93569,0.993160188198
93570,0.998606979847
93571,0.99838078022
93572,0.992947757244
93573,0.998368620872
93574,0.954073429108
93575,0.996301233768
93576,0.99250125885
93577,0.997118115425
93578,0.998606979847
93579,0.998227238655
93580,0.996842384338
93581,0.998606979847
93582,0.990455806255
93583,0.997170329094
93584,0.997222423553
93585,0.950059652328
93586,0.997342705727
93587,0.964047431946
93588,0.993489563465
93589,0.99838078022
93590,0.998606979847
93591,0.991925299168
93592,0.978815555573
93593,0.998606979847
93594,0.995678424835
93595,0.998406648636
93596,0.992829561234
93597,0.99838078022
93598,0.998483419418
93599,0.997828781605
93600,0.989031374454
93601,0.994847416878
93602,0.997889041901
93603,0.990805387497
93604,0.914240300655
93605,0.993826210499
93606,0.997708141804
93607,0.990806818008
93608,0.998606979847
93609,0.996140956879
93610,0.998302519321
93611,0.991182327271
93612,0.985750436783
93613,0.99829441309
93614,0.998055100441
93615,0.992623507977
93616,0.99580514431
93617,0.998606979847
93618,0.979457497597
93619,0.998407959938
93620,0.998606979847
93621,0.998302519321
93622,0.985411703587
93623,0.988313496113
93624,0.95762526989
93625,0.998606979847
93626,0.99848139286
93627,0.998368620872
93628,0.998606979847
93629,0.986230671406
93630,0.996033132076
93631,0.990172147751
93632,0.998012661934
93633,0.99263459444
93634,0.986995637417
93635,0.971584200859
93636,0.991583764553
93637,0.976190745831
93638,0.994975507259
93639,0.998606979847
93640,0.998302519321
93641,0.99848139286
93642,0.990577459335
93643,0.9852617383
93644,0.992614209652
93645,0.99848139286
93646,0.988758802414
93647,0.99838078022
93648,0.98260051012
93649,0.992244899273
93650,0.99829441309
93651,0.99848139286
93652,0.997455358505
93653,0.99793946743
93654,0.992296934128
93655,0.996162176132
93656,0.997700989246
93657,0.947527587414
93658,0.991009175777
93659,0.990643203259
93660,0.99829441309
93661,0.981715977192
93662,0.998606979847
93663,0.998276054859
93664,0.998406648636
93665,0.998200654984
93666,0.997317194939
93667,0.990471899509
93668,0.998241424561
93669,0.976743876934
93670,0.994283974171
93671,0.992372989655
93672,0.998606979847
93673,0.992140233517
93674,0.995678424835
93675,0.993849337101
93676,0.995468199253
93677,0.989550113678
93678,0.863434255123
93679,0.998200654984
93680,0.992296695709
93681,0.99848139286
93682,0.908588349819
93683,0.992795109749
93684,0.996390998363
93685,0.998606979847
93686,0.997788965702
93687,0.989532411098
93688,0.996612906456
93689,0.998368620872
93690,0.998606979847
93691,0.99359691143
93692,0.99848139286
93693,0.998483419418
93694,0.998260438442
93695,0.998606979847
93696,0.993126213551
93697,0.998406648636
93698,0.998406648636
93699,0.998606979847
93700,0.9944267869
93701,0.998153328896
93702,0.998407959938
93703,0.996353328228
93704,0.990924119949
93705,0.966226398945
93706,0.997738778591
93707,0.998406648636
93708,0.986320376396
93709,0.998606979847
93710,0.998606979847
93711,0.998606979847
93712,0.997525453568
93713,0.998102426529
93714,0.99793946743
93715,0.996414005756
93716,0.998606979847
93717,0.99838078022
93718,0.998406648636
93719,0.998606979847
93720,0.998200654984
93721,0.992829561234
93722,0.998113453388
93723,0.998153328896
93724,0.998606979847
93725,0.998428761959
93726,0.998606979847
93727,0.99838078022
93728,0.993914842606
93729,0.998606979847
93730,0.994525492191
93731,0.998406648636
93732,0.99793946743
93733,0.998153328896
93734,0.998606979847
93735,0.99848139286
93736,0.993037700653
93737,0.998606979847
93738,0.992947757244
93739,0.983200311661
93740,0.996045529842
93741,0.998606979847
93742,0.99848139286
93743,0.998483419418
93744,0.998606979847
93745,0.995153963566
93746,0.996586322784
93747,0.998606979847
93748,0.990705966949
93749,0.99838078022
93750,0.996603786945
93751,0.998260438442
93752,0.992740154266
93753,0.998606979847
93754,0.998606979847
93755,0.998606979847
93756,0.997636258602
93757,0.998406648636
93758,0.99820047617
93759,0.998606979847
93760,0.99793946743
93761,0.99793946743
93762,0.99848139286
93763,0.983626902103
93764,0.973864495754
93765,0.99644446373
93766,0.998606979847
93767,0.998606979847
93768,0.997592926025
93769,0.998606979847
93770,0.998606979847
93771,0.991999447346
93772,0.993178665638
93773,0.998606979847
93774,0.998606979847
93775,0.998606979847
93776,0.998324692249
93777,0.997160553932
93778,0.993375957012
93779,0.996309936047
93780,0.994841814041
93781,0.995464742184
93782,0.992257118225
93783,0.997473359108
93784,0.989872574806
93785,0.958335876465
93786,0.997366845608
93787,0.998606979847
93788,0.998220264912
93789,0.993480682373
93790,0.994906306267
93791,0.997020184994
93792,0.996158778667
93793,0.996573746204
93794,0.99838078022
93795,0.995455145836
93796,0.998606979847
93797,0.99848139286
93798,0.997451007366
93799,0.996389865875
93800,0.99838078022
93801,0.998606979847
93802,0.988523125648
93803,0.984443187714
93804,0.99848139286
93805,0.994812428951
93806,0.99782294035
93807,0.998013615608
93808,0.997599542141
93809,0.990908026695
93810,0.987177848816
93811,0.998190522194
93812,0.994394302368
93813,0.997685015202
93814,0.996411442757
93815,0.986643314362
93816,0.998200654984
93817,0.998606979847
93818,0.985411703587
93819,0.988700151443
93820,0.997464060783
93821,0.99838078022
93822,0.99848139286
93823,0.998352825642
93824,0.998606979847
93825,0.998606979847
93826,0.99554425478
93827,0.911691129208
93828,0.998606979847
93829,0.998200654984
93830,0.997788965702
93831,0.874324440956
93832,0.99100202322
93833,0.96236115694
93834,0.998606979847
93835,0.994483947754
93836,0.998200654984
93837,0.997291088104
93838,0.99848139286
93839,0.996603786945
93840,0.99820047617
93841,0.993496000767
93842,0.998081326485
93843,0.994841814041
93844,0.995803833008
93845,0.998406648636
93846,0.983925700188
93847,0.997745871544
93848,0.974660038948
93849,0.990525186062
93850,0.983185648918
93851,0.995655596256
93852,0.96410626173
93853,0.994084715843
93854,0.992679297924
93855,0.998368620872
93856,0.99793946743
93857,0.998606979847
93858,0.991613745689
93859,0.998606979847
93860,0.998013615608
93861,0.988742887974
93862,0.998606979847
93863,0.992829561234
93864,0.998428761959
93865,0.993048906326
93866,0.991992235184
93867,0.984702825546
93868,0.995555579662
93869,0.99312466383
93870,0.980549037457
93871,0.99506509304
93872,0.951464951038
93873,0.997700989246
93874,0.994598031044
93875,0.998606979847
93876,0.992288827896
93877,0.998181462288
93878,0.99635130167
93879,0.99848139286
93880,0.99820047617
93881,0.996954917908
93882,0.998079001904
93883,0.997180044651
93884,0.994841814041
93885,0.99838078022
93886,0.99838078022
93887,0.998606979847
93888,0.993964195251
93889,0.974568903446
93890,0.996603786945
93891,0.998047590256
93892,0.991687059402
93893,0.997807383537
93894,0.995068371296
93895,0.99045920372
93896,0.981365799904
93897,0.995518863201
93898,0.998606979847
93899,0.995628535748
93900,0.998606979847
93901,0.998606979847
93902,0.94215118885
93903,0.929247438908
93904,0.99848139286
93905,0.998181462288
93906,0.99829441309
93907,0.997118115425
93908,0.998406648636
93909,0.974855482578
93910,0.998606979847
93911,0.99838078022
93912,0.998606979847
93913,0.983077406883
93914,0.990176737309
93915,0.991435945034
93916,0.998606979847
93917,0.99644446373
93918,0.995215773582
93919,0.99782294035
93920,0.994839966297
93921,0.998606979847
93922,0.994272470474
93923,0.998606979847
93924,0.996604025364
93925,0.992829561234
93926,0.997642397881
93927,0.99848139286
93928,0.99793946743
93929,0.993903756142
93930,0.998101830482
93931,0.99403578043
93932,0.959980010986
93933,0.99232250452
93934,0.99793946743
93935,0.990938007832
93936,0.993831813335
93937,0.99829441309
93938,0.983260273933
93939,0.998606979847
93940,0.99848139286
93941,0.994812428951
93942,0.951203107834
93943,0.992840051651
93944,0.99848139286
93945,0.99848139286
93946,0.992947757244
93947,0.99443346262
93948,0.998606979847
93949,0.998606979847
93950,0.983255267143
93951,0.992831408978
93952,0.991796433926
93953,0.970084249973
93954,0.99848139286
93955,0.986167907715
93956,0.963331758976
93957,0.992947757244
93958,0.994758427143
93959,0.998606979847
93960,0.997879803181
93961,0.995852470398
93962,0.997599542141
93963,0.99848139286
93964,0.99829441309
93965,0.992829561234
93966,0.992599785328
93967,0.984582901001
93968,0.998606979847
93969,0.991934776306
93970,0.995472192764
93971,0.99838078022
93972,0.994414925575
93973,0.998606979847
93974,0.990780174732
93975,0.99793946743
93976,0.992600500584
93977,0.991142272949
93978,0.997703015804
93979,0.998606979847
93980,0.994142949581
93981,0.996034264565
93982,0.992154538631
93983,0.994058012962
93984,0.985301077366
93985,0.99838078022
93986,0.998606979847
93987,0.99829441309
93988,0.997172415257
93989,0.99506509304
93990,0.986613333225
93991,0.998406648636
93992,0.998407959938
93993,0.995817005634
93994,0.99848139286
93995,0.99838078022
93996,0.997225165367
93997,0.991143465042
93998,0.99848139286
93999,0.989995896816
94000,0.99838078022
94001,0.987983107567
94002,0.998606979847
94003,0.987732589245
94004,0.994831264019
94005,0.997788965702
94006,0.840715289116
94007,0.998606979847
94008,0.993914842606
94009,0.998606979847
94010,0.99204403162
94011,0.997828781605
94012,0.994766294956
94013,0.997713804245
94014,0.998483419418
94015,0.99848139286
94016,0.992829561234
94017,0.99578422308
94018,0.995077133179
94019,0.998606979847
94020,0.998606979847
94021,0.99848139286
94022,0.997342705727
94023,0.997778773308
94024,0.993414878845
94025,0.993969023228
94026,0.972433030605
94027,0.995458126068
94028,0.995508730412
94029,0.991799712181
94030,0.952589213848
94031,0.995313107967
94032,0.994524657726
94033,0.997889041901
94034,0.998260438442
94035,0.998155415058
94036,0.996842384338
94037,0.998260438442
94038,0.99719363451
94039,0.963292598724
94040,0.996586322784
94041,0.994103848934
94042,0.99761903286
94043,0.963015973568
94044,0.95677781105
94045,0.995393335819
94046,0.992046952248
94047,0.984651386738
94048,0.997900903225
94049,0.998407959938
94050,0.994494497776
94051,0.976867198944
94052,0.99848139286
94053,0.99848139286
94054,0.998483419418
94055,0.998352825642
94056,0.942881584167
94057,0.954890489578
94058,0.923998355865
94059,0.99848139286
94060,0.98761343956
94061,0.992736101151
94062,0.998260438442
94063,0.997788965702
94064,0.99793946743
94065,0.970033288002
94066,0.99848139286
94067,0.998606979847
94068,0.99829441309
94069,0.971983015537
94070,0.994588792324
94071,0.994413077831
94072,0.996603786945
94073,0.998406648636
94074,0.989848852158
94075,0.998606979847
94076,0.998606979847
94077,0.991182327271
94078,0.998606979847
94079,0.989542245865
94080,0.991804480553
94081,0.998606979847
94082,0.95179527998
94083,0.998606979847
94084,0.998606979847
94085,0.99635130167
94086,0.99848139286
94087,0.990880608559
94088,0.99848139286
94089,0.997866868973
94090,0.995845198631
94091,0.99633949995
94092,0.995849609375
94093,0.99426472187
94094,0.990354716778
94095,0.998606979847
94096,0.998606979847
94097,0.998606979847
94098,0.998606979847
94099,0.998260438442
94100,0.995153784752
94101,0.998606979847
94102,0.998606979847
94103,0.99848139286
94104,0.998406648636
94105,0.998406648636
94106,0.998406648636
94107,0.996027112007
94108,0.998606979847
94109,0.997880876064
94110,0.998606979847
94111,0.896146595478
94112,0.993722617626
94113,0.995466172695
94114,0.998606979847
94115,0.98883408308
94116,0.998200654984
94117,0.989569306374
94118,0.991418480873
94119,0.99848139286
94120,0.99302303791
94121,0.997900903225
94122,0.995864272118
94123,0.998081028461
94124,0.98603618145
94125,0.998606979847
94126,0.739005684853
94127,0.998606979847
94128,0.993550419807
94129,0.998155415058
94130,0.955044567585
94131,0.994271159172
94132,0.983098685741
94133,0.925693869591
94134,0.998606979847
94135,0.992520272732
94136,0.987729728222
94137,0.99848139286
94138,0.998606979847
94139,0.983280956745
94140,0.997762143612
94141,0.990650832653
94142,0.991697609425
94143,0.98038738966
94144,0.998606979847
94145,0.980581998825
94146,0.998483419418
94147,0.998606979847
94148,0.994462072849
94149,0.998606979847
94150,0.993048906326
94151,0.998606979847
94152,0.990350246429
94153,0.998606979847
94154,0.998606979847
94155,0.99848139286
94156,0.993489563465
94157,0.998606979847
94158,0.998606979847
94159,0.985534071922
94160,0.998606979847
94161,0.995658397675
94162,0.997951805592
94163,0.99594938755
94164,0.998276054859
94165,0.996984064579
94166,0.998606979847
94167,0.99848139286
94168,0.993826210499
94169,0.997020184994
94170,0.998606979847
94171,0.998606979847
94172,0.990929245949
94173,0.998606979847
94174,0.99848139286
94175,0.99848139286
94176,0.997989296913
94177,0.990490376949
94178,0.992400109768
94179,0.998606979847
94180,0.99644446373
94181,0.992416918278
94182,0.998200654984
94183,0.998606979847
94184,0.976093173027
94185,0.985614836216
94186,0.984015166759
94187,0.99435710907
94188,0.998076677322
94189,0.99403578043
94190,0.991413116455
94191,0.998163342476
94192,0.998483419418
94193,0.998606979847
94194,0.849215090275
94195,0.925855457783
94196,0.990334928036
94197,0.998153328896
94198,0.998406648636
94199,0.962069749832
94200,0.99793946743
94201,0.998276054859
94202,0.996984064579
94203,0.998606979847
94204,0.99418336153
94205,0.998606979847
94206,0.998064756393
94207,0.998200654984
94208,0.99838078022
94209,0.98963278532
94210,0.993659436703
94211,0.998406648636
94212,0.986630380154
94213,0.99848139286
94214,0.99848139286
94215,0.993969023228
94216,0.990623831749
94217,0.998606979847
94218,0.998606979847
94219,0.978535592556
94220,0.998606979847
94221,0.966133594513
94222,0.998368620872
94223,0.993276536465
94224,0.991476595402
94225,0.998606979847
94226,0.990858256817
94227,0.983665883541
94228,0.993962705135
94229,0.971806049347
94230,0.89020049572
94231,0.997926533222
94232,0.998243689537
94233,0.998606979847
94234,0.998031020164
94235,0.998276054859
94236,0.998606979847
94237,0.998606979847
94238,0.992716789246
94239,0.99838078022
94240,0.998606979847
94241,0.991843342781
94242,0.997615814209
94243,0.998606979847
94244,0.997679948807
94245,0.998606979847
94246,0.998276054859
94247,0.998112678528
94248,0.991956293583
94249,0.923649847507
94250,0.998606979847
94251,0.99263459444
94252,0.998241424561
94253,0.998606979847
94254,0.997575700283
94255,0.994812428951
94256,0.998406648636
94257,0.985619425774
94258,0.998407959938
94259,0.994758427143
94260,0.996116638184
94261,0.998606979847
94262,0.998606979847
94263,0.992160916328
94264,0.991144537926
94265,0.979249894619
94266,0.992702722549
94267,0.998302519321
94268,0.986204087734
94269,0.998606979847
94270,0.998606979847
94271,0.99848139286
94272,0.99848139286
94273,0.998483419418
94274,0.989411652088
94275,0.997433483601
94276,0.998606979847
94277,0.992926299572
94278,0.998079001904
94279,0.982694268227
94280,0.995921373367
94281,0.998302519321
94282,0.99848139286
94283,0.998606979847
94284,0.998606979847
94285,0.998606979847
94286,0.998155415058
94287,0.998606979847
94288,0.998407959938
94289,0.998407959938
94290,0.989088475704
94291,0.998606979847
94292,0.997533380985
94293,0.998606979847
94294,0.971711933613
94295,0.994812428951
94296,0.998606979847
94297,0.995849609375
94298,0.998606979847
94299,0.998606979847
94300,0.996586322784
94301,0.995226442814
94302,0.99793946743
94303,0.99848139286
94304,0.997900903225
94305,0.994373977184
94306,0.992947757244
94307,0.997778773308
94308,0.998184978962
94309,0.998260438442
94310,0.998606979847
94311,0.998606979847
94312,0.99218916893
94313,0.990387260914
94314,0.994896173477
94315,0.974168121815
94316,0.995514571667
94317,0.998407959938
94318,0.984761476517
94319,0.995631039143
94320,0.997558534145
94321,0.99216067791
94322,0.993235528469
94323,0.998181462288
94324,0.998406648636
94325,0.966583907604
94326,0.987678349018
94327,0.995717763901
94328,0.998200654984
94329,0.998606979847
94330,0.997574031353
94331,0.993826210499
94332,0.996067047119
94333,0.998606979847
94334,0.983900725842
94335,0.990593552589
94336,0.997988402843
94337,0.991304278374
94338,0.998406648636
94339,0.996573746204
94340,0.994615912437
94341,0.989142358303
94342,0.998483419418
94343,0.995609223843
94344,0.998406648636
94345,0.786709785461
94346,0.998606979847
94347,0.884748876095
94348,0.998213946819
94349,0.988758802414
94350,0.998200654984
94351,0.998406648636
94352,0.998407959938
94353,0.990160882473
94354,0.995615839958
94355,0.998406648636
94356,0.997783958912
94357,0.965701043606
94358,0.998606979847
94359,0.974804580212
94360,0.993784725666
94361,0.989070296288
94362,0.993212997913
94363,0.998606979847
94364,0.99848139286
94365,0.992389976978
94366,0.985717952251
94367,0.996411442757
94368,0.998181462288
94369,0.998606979847
94370,0.89099162817
94371,0.997866868973
94372,0.997968196869
94373,0.99793946743
94374,0.996116995811
94375,0.992829561234
94376,0.996162116528
94377,0.99793946743
94378,0.997685015202
94379,0.99848139286
94380,0.997642397881
94381,0.990524232388
94382,0.998606979847
94383,0.998606979847
94384,0.995206177235
94385,0.968505501747
94386,0.998406648636
94387,0.853523671627
94388,0.99793946743
94389,0.998220264912
94390,0.998155415058
94391,0.99848139286
94392,0.993688821793
94393,0.993375957012
94394,0.998293995857
94395,0.997803032398
94396,0.995117902756
94397,0.998606979847
94398,0.998260438442
94399,0.99838078022
94400,0.998606979847
94401,0.984277009964
94402,0.972180962563
94403,0.998606979847
94404,0.998606979847
94405,0.991241753101
94406,0.992921948433
94407,0.998407959938
94408,0.988388180733
94409,0.989893317223
94410,0.990130364895
94411,0.998606979847
94412,0.998184978962
94413,0.992193579674
94414,0.993826210499
94415,0.998606979847
94416,0.99820047617
94417,0.990782499313
94418,0.998606979847
94419,0.993618905544
94420,0.998216986656
94421,0.998606979847
94422,0.99848139286
94423,0.998022079468
94424,0.998200654984
94425,0.998606979847
94426,0.998406648636
94427,0.993826210499
94428,0.967853009701
94429,0.99149107933
94430,0.998606979847
94431,0.99838078022
94432,0.988435924053
94433,0.998368620872
94434,0.997533380985
94435,0.997783958912
94436,0.954751670361
94437,0.998200654984
94438,0.996842384338
94439,0.998406648636
94440,0.939125776291
94441,0.970054745674
94442,0.948121130466
94443,0.998155415058
94444,0.998302519321
94445,0.998368620872
94446,0.998407959938
94447,0.998428761959
94448,0.997486829758
94449,0.991154074669
94450,0.989558577538
94451,0.99458527565
94452,0.989091038704
94453,0.998606979847
94454,0.997224986553
94455,0.89626288414
94456,0.9933847785
94457,0.967378973961
94458,0.998406648636
94459,0.994598031044
94460,0.998200654984
94461,0.99793946743
94462,0.998407959938
94463,0.993697822094
94464,0.998406648636
94465,0.976050198078
94466,0.996076047421
94467,0.998606979847
94468,0.998406648636
94469,0.99263459444
94470,0.998606979847
94471,0.998406648636
94472,0.996471583843
94473,0.998606979847
94474,0.996411442757
94475,0.998163342476
94476,0.996194720268
94477,0.992095112801
94478,0.982445657253
94479,0.99848139286
94480,0.998181462288
94481,0.998606979847
94482,0.998047590256
94483,0.995464742184
94484,0.994376003742
94485,0.99514400959
94486,0.995472192764
94487,0.984107732773
94488,0.989373326302
94489,0.995839595795
94490,0.99848139286
94491,0.998606979847
94492,0.998428761959
94493,0.998606979847
94494,0.991067886353
94495,0.996842384338
94496,0.998606979847
94497,0.99829441309
94498,0.978641748428
94499,0.998483419418
94500,0.998181462288
94501,0.99776917696
94502,0.987198591232
94503,0.99848139286
94504,0.992336511612
94505,0.998005568981
94506,0.991337418556
94507,0.996842384338
94508,0.997788965702
94509,0.996353328228
94510,0.996312081814
94511,0.998606979847
94512,0.998276054859
94513,0.998606979847
94514,0.913388311863
94515,0.945288956165
94516,0.998200654984
94517,0.997828781605
94518,0.9729783535
94519,0.995883405209
94520,0.99793946743
94521,0.987868130207
94522,0.998368620872
94523,0.99580514431
94524,0.974464535713
94525,0.992122530937
94526,0.996353328228
94527,0.998606979847
94528,0.998606979847
94529,0.998200654984
94530,0.998606979847
94531,0.996027112007
94532,0.998606979847
94533,0.962542533875
94534,0.998483419418
94535,0.998606979847
94536,0.941114902496
94537,0.968873262405
94538,0.998309850693
94539,0.998606979847
94540,0.99848139286
94541,0.998064756393
94542,0.97828233242
94543,0.998220264912
94544,0.998407959938
94545,0.99375975132
94546,0.99793946743
94547,0.98282045126
94548,0.992312610149
94549,0.998406648636
94550,0.997457504272
94551,0.99325978756
94552,0.99848139286
94553,0.998606979847
94554,0.988740026951
94555,0.99848139286
94556,0.998302519321
94557,0.997508645058
94558,0.998364388943
94559,0.997841417789
94560,0.995962321758
94561,0.973586261272
94562,0.998606979847
94563,0.992787539959
94564,0.967325270176
94565,0.991143465042
94566,0.997703015804
94567,0.998606979847
94568,0.987651348114
94569,0.982701659203
94570,0.932926416397
94571,0.987796068192
94572,0.99829441309
94573,0.99848139286
94574,0.998606979847
94575,0.726933836937
94576,0.995508611202
94577,0.998241424561
94578,0.99644446373
94579,0.99848139286
94580,0.997841417789
94581,0.998407959938
94582,0.985750436783
94583,0.993048906326
94584,0.998606979847
94585,0.998200654984
94586,0.998606979847
94587,0.998406648636
94588,0.99848139286
94589,0.979771733284
94590,0.998276054859
94591,0.985598921776
94592,0.99848139286
94593,0.945213079453
94594,0.998483419418
94595,0.99271351099
94596,0.998606979847
94597,0.991347789764
94598,0.990903437138
94599,0.99838078022
94600,0.998606979847
94601,0.998181462288
94602,0.998145222664
94603,0.984228432178
94604,0.993722617626
94605,0.998606979847
94606,0.997828781605
94607,0.974117577076
94608,0.99793946743
94609,0.990871369839
94610,0.998606979847
94611,0.998606979847
94612,0.998606979847
94613,0.998606979847
94614,0.998606979847
94615,0.967705070972
94616,0.939582526684
94617,0.997900903225
94618,0.993036389351
94619,0.998013615608
94620,0.998407959938
94621,0.998260438442
94622,0.994350492954
94623,0.996842384338
94624,0.984138429165
94625,0.97758692503
94626,0.993568837643
94627,0.998200178146
94628,0.997262656689
94629,0.998606979847
94630,0.985953569412
94631,0.997900903225
94632,0.997888922691
94633,0.989031732082
94634,0.998153328896
94635,0.998147547245
94636,0.998606979847
94637,0.99848139286
94638,0.973174750805
94639,0.974566817284
94640,0.995879232883
94641,0.998606979847
94642,0.992520272732
94643,0.994336247444
94644,0.960415542126
94645,0.998606979847
94646,0.998606979847
94647,0.998606979847
94648,0.95219963789
94649,0.998606979847
94650,0.995782911777
94651,0.965217709541
94652,0.994745969772
94653,0.994217097759
94654,0.998606979847
94655,0.93332695961
94656,0.998153328896
94657,0.946040451527
94658,0.93401157856
94659,0.998079001904
94660,0.998184978962
94661,0.998483419418
94662,0.99804186821
94663,0.998113453388
94664,0.991757571697
94665,0.993849337101
94666,0.998606979847
94667,0.998606979847
94668,0.993293881416
94669,0.998129248619
94670,0.996411442757
94671,0.998606979847
94672,0.95506477356
94673,0.99848139286
94674,0.998219430447
94675,0.979137420654
94676,0.997592926025
94677,0.989189863205
94678,0.998155415058
94679,0.998013615608
94680,0.99848139286
94681,0.996158778667
94682,0.983115613461
94683,0.998606979847
94684,0.998606979847
94685,0.994508385658
94686,0.995825171471
94687,0.998606979847
94688,0.996842384338
94689,0.990045070648
94690,0.995518863201
94691,0.996138811111
94692,0.998483419418
94693,0.998606979847
94694,0.998013615608
94695,0.998153328896
94696,0.998047590256
94697,0.974900245667
94698,0.989578545094
94699,0.998606979847
94700,0.989501595497
94701,0.991452693939
94702,0.998606979847
94703,0.998606979847
94704,0.998606979847
94705,0.998606979847
94706,0.99792098999
94707,0.992051661015
94708,0.964753806591
94709,0.998606979847
94710,0.998483419418
94711,0.998606979847
94712,0.997558534145
94713,0.926617264748
94714,0.997951805592
94715,0.998368620872
94716,0.968080699444
94717,0.998483419418
94718,0.998407959938
94719,0.993722617626
94720,0.998276054859
94721,0.996328651905
94722,0.996842384338
94723,0.966602861881
94724,0.974356651306
94725,0.998606979847
94726,0.990043461323
94727,0.99801248312
94728,0.997446119785
94729,0.997599542141
94730,0.998606979847
94731,0.997620403767
94732,0.998606979847
94733,0.974646449089
94734,0.998606979847
94735,0.99838078022
94736,0.997430801392
94737,0.95452016592
94738,0.998368620872
94739,0.998606979847
94740,0.998153328896
94741,0.998606979847
94742,0.99848139286
94743,0.998153328896
94744,0.996842384338
94745,0.979965746403
94746,0.997292220592
94747,0.994817852974
94748,0.99435710907
94749,0.998406648636
94750,0.998606979847
94751,0.992389976978
94752,0.990034103394
94753,0.996698200703
94754,0.928757429123
94755,0.998084783554
94756,0.991959631443
94757,0.998606979847
94758,0.99554425478
94759,0.998606979847
94760,0.998606979847
94761,0.998606979847
94762,0.998606979847
94763,0.99829441309
94764,0.998102426529
94765,0.994841814041
94766,0.990013182163
94767,0.994627535343
94768,0.988032996655
94769,0.995488643646
94770,0.998220264912
94771,0.998606979847
94772,0.99375975132
94773,0.99782294035
94774,0.998220264912
94775,0.998200654984
94776,0.998260438442
94777,0.986730098724
94778,0.965083003044
94779,0.99838078022
94780,0.99848139286
94781,0.998013615608
94782,0.998407959938
94783,0.998606979847
94784,0.998606979847
94785,0.998368620872
94786,0.998606979847
94787,0.998606979847
94788,0.997597813606
94789,0.994268000126
94790,0.993333399296
94791,0.99829441309
94792,0.984675645828
94793,0.991143465042
94794,0.998483419418
94795,0.992813467979
94796,0.998606979847
94797,0.991452395916
94798,0.995962321758
94799,0.985409319401
94800,0.980783998966
94801,0.998407959938
94802,0.998293995857
94803,0.99644446373
94804,0.998606979847
94805,0.992947757244
94806,0.998606979847
94807,0.925586938858
94808,0.951065599918
94809,0.998606979847
94810,0.998013615608
94811,0.998606979847
94812,0.988508284092
94813,0.994763970375
94814,0.994486451149
94815,0.998606979847
94816,0.998031020164
94817,0.998276054859
94818,0.992046952248
94819,0.998606979847
94820,0.998606979847
94821,0.998220264912
94822,0.996842384338
94823,0.998407959938
94824,0.998606979847
94825,0.902622163296
94826,0.998606979847
94827,0.998606979847
94828,0.99644446373
94829,0.998406648636
94830,0.991056025028
94831,0.993496000767
94832,0.998276054859
94833,0.993945300579
94834,0.994989395142
94835,0.996309936047
94836,0.993722617626
94837,0.996411442757
94838,0.99838078022
94839,0.998606979847
94840,0.994841814041
94841,0.998606979847
94842,0.997815132141
94843,0.995243728161
94844,0.965522766113
94845,0.998606979847
94846,0.998606979847
94847,0.998260438442
94848,0.99761903286
94849,0.994828939438
94850,0.998134315014
94851,0.996603786945
94852,0.99848139286
94853,0.987722575665
94854,0.994868278503
94855,0.998606979847
94856,0.991965353489
94857,0.998606979847
94858,0.998276054859
94859,0.995245933533
94860,0.99848139286
94861,0.993914842606
94862,0.992829561234
94863,0.954507470131
94864,0.998606979847
94865,0.99838078022
94866,0.997866868973
94867,0.984939515591
94868,0.998606979847
94869,0.998220264912
94870,0.997244715691
94871,0.998606979847
94872,0.992210805416
94873,0.990854203701
94874,0.998200654984
94875,0.998606979847
94876,0.994462072849
94877,0.998145222664
94878,0.970209360123
94879,0.996603786945
94880,0.998606979847
94881,0.998406648636
94882,0.996698200703
94883,0.998606979847
94884,0.99848139286
94885,0.99848139286
94886,0.998606979847
94887,0.982269287109
94888,0.983841717243
94889,0.978156626225
94890,0.995437681675
94891,0.991602838039
94892,0.99369096756
94893,0.979256510735
94894,0.993156731129
94895,0.995043575764
94896,0.99848139286
94897,0.989793896675
94898,0.992550373077
94899,0.996353328228
94900,0.998606979847
94901,0.998606979847
94902,0.980499446392
94903,0.998406648636
94904,0.99848139286
94905,0.962515115738
94906,0.998606979847
94907,0.998309850693
94908,0.997828781605
94909,0.993496000767
94910,0.990043461323
94911,0.99793946743
94912,0.998606979847
94913,0.959370195866
94914,0.997988402843
94915,0.99848139286
94916,0.998606979847
94917,0.96628344059
94918,0.98443043232
94919,0.994040966034
94920,0.99848139286
94921,0.99848139286
94922,0.993952155113
94923,0.99085265398
94924,0.991576969624
94925,0.99079144001
94926,0.995845198631
94927,0.992614209652
94928,0.998406648636
94929,0.99644446373
94930,0.998428761959
94931,0.998406648636
94932,0.998483419418
94933,0.997745871544
94934,0.998606979847
94935,0.992373585701
94936,0.998113453388
94937,0.992187917233
94938,0.967717468739
94939,0.998213946819
94940,0.998606979847
94941,0.992778658867
94942,0.998606979847
94943,0.995782911777
94944,0.998406648636
94945,0.996411442757
94946,0.998606979847
94947,0.984277009964
94948,0.994686484337
94949,0.970284819603
94950,0.998606979847
94951,0.99838078022
94952,0.998302519321
94953,0.998606979847
94954,0.998483419418
94955,0.998406648636
94956,0.990019500256
94957,0.998606979847
94958,0.998606979847
94959,0.992614209652
94960,0.998273909092
94961,0.99848139286
94962,0.997951805592
94963,0.998200654984
94964,0.997745871544
94965,0.998406648636
94966,0.997745871544
94967,0.993354678154
94968,0.965647578239
94969,0.997464060783
94970,0.986277699471
94971,0.994956254959
94972,0.997533380985
94973,0.998606979847
94974,0.984177827835
94975,0.998302519321
94976,0.998606979847
94977,0.99388718605
94978,0.988235294819
94979,0.989838421345
94980,0.991670906544
94981,0.994936525822
94982,0.998406648636
94983,0.998606979847
94984,0.997788965702
94985,0.991576969624
94986,0.997900903225
94987,0.986605525017
94988,0.998368620872
94989,0.998606979847
94990,0.998200654984
94991,0.994186758995
94992,0.995437681675
94993,0.998406648636
94994,0.998406648636
94995,0.997292220592
94996,0.998606979847
94997,0.99838078022
94998,0.998216986656
94999,0.997788965702
95000,0.996411442757
95001,0.997988402843
95002,0.998406648636
95003,0.99793946743
95004,0.99804186821
95005,0.998606979847
95006,0.968765795231
95007,0.995125234127
95008,0.996674835682
95009,0.99359691143
95010,0.901711881161
95011,0.99848139286
95012,0.998153328896
95013,0.998606979847
95014,0.996603786945
95015,0.996390998363
95016,0.99793946743
95017,0.979211509228
95018,0.985360383987
95019,0.998181462288
95020,0.998606979847
95021,0.978605806828
95022,0.995243489742
95023,0.990964055061
95024,0.995738744736
95025,0.99793946743
95026,0.959949553013
95027,0.973370432854
95028,0.962116122246
95029,0.996353328228
95030,0.995849609375
95031,0.998606979847
95032,0.990034103394
95033,0.992998480797
95034,0.997958421707
95035,0.996603786945
95036,0.998606979847
95037,0.998606979847
95038,0.998184978962
95039,0.998606979847
95040,0.998606979847
95041,0.997888922691
95042,0.998606979847
95043,0.972716927528
95044,0.990854203701
95045,0.998081982136
95046,0.994906306267
95047,0.984886825085
95048,0.990172147751
95049,0.986278772354
95050,0.97278547287
95051,0.99793946743
95052,0.991519153118
95053,0.998606979847
95054,0.998102426529
95055,0.980361759663
95056,0.998606979847
95057,0.998606979847
95058,0.998260438442
95059,0.997997045517
95060,0.998181462288
95061,0.995044291019
95062,0.98884510994
95063,0.998483419418
95064,0.99848139286
95065,0.998407959938
95066,0.99554425478
95067,0.997370183468
95068,0.992770195007
95069,0.983816325665
95070,0.990948081017
95071,0.985882878304
95072,0.997713565826
95073,0.998406648636
95074,0.993644297123
95075,0.998606979847
95076,0.998260438442
95077,0.998145222664
95078,0.997399926186
95079,0.998606979847
95080,0.996603786945
95081,0.997828781605
95082,0.998606979847
95083,0.979666292667
95084,0.99838078022
95085,0.992614209652
95086,0.998200654984
95087,0.996072053909
95088,0.998111128807
95089,0.997903585434
95090,0.991777837276
95091,0.99359691143
95092,0.998606979847
95093,0.998606979847
95094,0.995010972023
95095,0.995636641979
95096,0.998220264912
95097,0.993090093136
95098,0.995897948742
95099,0.957498252392
95100,0.998606979847
95101,0.986643314362
95102,0.989541888237
95103,0.99793946743
95104,0.989931106567
95105,0.986675143242
95106,0.998606979847
95107,0.99838078022
95108,0.984508872032
95109,0.998606979847
95110,0.998606979847
95111,0.992389976978
95112,0.998079001904
95113,0.992947757244
95114,0.998606979847
95115,0.995609223843
95116,0.990034103394
95117,0.995437681675
95118,0.996548771858
95119,0.937081575394
95120,0.98499751091
95121,0.997953295708
95122,0.998483419418
95123,0.99838078022
95124,0.986406803131
95125,0.993826210499
95126,0.998606979847
95127,0.998606979847
95128,0.942088484764
95129,0.998200654984
95130,0.998606979847
95131,0.997879803181
95132,0.998606979847
95133,0.99820047617
95134,0.973341345787
95135,0.998406648636
95136,0.997225165367
95137,0.998606979847
95138,0.998606979847
95139,0.992829561234
95140,0.992947757244
95141,0.991777837276
95142,0.998260438442
95143,0.998406648636
95144,0.998606979847
95145,0.998606979847
95146,0.993798792362
95147,0.99848139286
95148,0.967438697815
95149,0.998368620872
95150,0.99194663763
95151,0.998606979847
95152,0.972581744194
95153,0.986804306507
95154,0.998606979847
95155,0.975605547428
95156,0.996090710163
95157,0.99820047617
95158,0.998483419418
95159,0.991142272949
95160,0.997658252716
95161,0.994698345661
95162,0.994841814041
95163,0.993319034576
95164,0.998606979847
95165,0.993945300579
95166,0.991661608219
95167,0.994627535343
95168,0.998606979847
95169,0.998220264912
95170,0.996027112007
95171,0.992293834686
95172,0.997558534145
95173,0.998406648636
95174,0.99793946743
95175,0.99829441309
95176,0.997900903225
95177,0.985636353493
95178,0.991574406624
95179,0.992875635624
95180,0.993826210499
95181,0.998606979847
95182,0.99838078022
95183,0.998606979847
95184,0.935481846333
95185,0.992650568485
95186,0.998102426529
95187,0.998260438442
95188,0.998606979847
95189,0.996027112007
95190,0.991576969624
95191,0.997364938259
95192,0.998606979847
95193,0.997642576694
95194,0.998606979847
95195,0.993124604225
95196,0.998606979847
95197,0.993915557861
95198,0.99838078022
95199,0.997389912605
95200,0.998368620872
95201,0.997900903225
95202,0.997826635838
95203,0.936872363091
95204,0.998364388943
95205,0.984990179539
95206,0.992776036263
95207,0.996842384338
95208,0.996260285378
95209,0.99820047617
95210,0.998606979847
95211,0.993603289127
95212,0.998606979847
95213,0.993014156818
95214,0.992561161518
95215,0.998155415058
95216,0.997464060783
95217,0.997170507908
95218,0.998606979847
95219,0.992356598377
95220,0.997509837151
95221,0.993048906326
95222,0.994908452034
95223,0.913337469101
95224,0.99614328146
95225,0.970328092575
95226,0.996984064579
95227,0.998406648636
95228,0.901495933533
95229,0.951387226582
95230,0.993914842606
95231,0.994257628918
95232,0.998407959938
95233,0.997828781605
95234,0.993526041508
95235,0.979703962803
95236,0.99848139286
95237,0.99838078022
95238,0.998606979847
95239,0.997246801853
95240,0.997685015202
95241,0.992829561234
95242,0.973158955574
95243,0.998606979847
95244,0.969259381294
95245,0.99820047617
95246,0.998153328896
95247,0.998273909092
95248,0.998368620872
95249,0.986440122128
95250,0.998606979847
95251,0.998181462288
95252,0.997788965702
95253,0.978568434715
95254,0.998606979847
95255,0.992288827896
95256,0.998606979847
95257,0.998606979847
95258,0.991338849068
95259,0.993375957012
95260,0.990498363972
95261,0.99804186821
95262,0.992641985416
95263,0.981813549995
95264,0.998606979847
95265,0.99263459444
95266,0.978491008282
95267,0.998606979847
95268,0.985536754131
95269,0.998428761959
95270,0.998309850693
95271,0.972878932953
95272,0.995782911777
95273,0.998606979847
95274,0.970586359501
95275,0.998606979847
95276,0.992769956589
95277,0.998406648636
95278,0.99848139286
95279,0.991879403591
95280,0.998606979847
95281,0.997593820095
95282,0.998079001904
95283,0.998483419418
95284,0.998606979847
95285,0.998606979847
95286,0.998606979847
95287,0.998606979847
95288,0.99848139286
95289,0.998606979847
95290,0.991934776306
95291,0.988258063793
95292,0.99644446373
95293,0.99232250452
95294,0.997889041901
95295,0.998127579689
95296,0.99024116993
95297,0.998200654984
95298,0.998606979847
95299,0.995624482632
95300,0.953965365887
95301,0.998606979847
95302,0.998081326485
95303,0.996411442757
95304,0.998606979847
95305,0.994281291962
95306,0.993081569672
95307,0.998606979847
95308,0.905339598656
95309,0.99838078022
95310,0.990083873272
95311,0.992829561234
95312,0.998606979847
95313,0.998235344887
95314,0.940865278244
95315,0.997592926025
95316,0.998606979847
95317,0.993686556816
95318,0.998606979847
95319,0.998406648636
95320,0.99848139286
95321,0.998483419418
95322,0.99848139286
95323,0.998220264912
95324,0.99848139286
95325,0.998406648636
95326,0.99793946743
95327,0.998406648636
95328,0.993483781815
95329,0.99801248312
95330,0.971304535866
95331,0.991934776306
95332,0.994103848934
95333,0.998606979847
95334,0.995275914669
95335,0.99848139286
95336,0.939583599567
95337,0.998227238655
95338,0.99848139286
95339,0.998606979847
95340,0.99848139286
95341,0.998102426529
95342,0.989167571068
95343,0.997728407383
95344,0.998606979847
95345,0.992193579674
95346,0.994341433048
95347,0.998260438442
95348,0.998200654984
95349,0.998606979847
95350,0.998606979847
95351,0.998407959938
95352,0.998606979847
95353,0.99792098999
95354,0.996334016323
95355,0.99551153183
95356,0.998406648636
95357,0.998606979847
95358,0.992288827896
95359,0.958462417126
95360,0.998606979847
95361,0.99793946743
95362,0.997455358505
95363,0.998406648636
95364,0.998606979847
95365,0.998606979847
95366,0.998606979847
95367,0.983829379082
95368,0.998606979847
95369,0.976212918758
95370,0.998606979847
95371,0.998352825642
95372,0.99848139286
95373,0.998606979847
95374,0.995879232883
95375,0.992716789246
95376,0.997682273388
95377,0.978623509407
95378,0.993178665638
95379,0.992614209652
95380,0.979771733284
95381,0.997530639172
95382,0.998606979847
95383,0.971647560596
95384,0.997486829758
95385,0.998406648636
95386,0.997703015804
95387,0.998081028461
95388,0.994244456291
95389,0.998606979847
95390,0.998406648636
95391,0.992829561234
95392,0.998606979847
95393,0.972474455833
95394,0.927895128727
95395,0.99838078022
95396,0.998606979847
95397,0.99792098999
95398,0.992244899273
95399,0.997910499573
95400,0.998606979847
95401,0.995043575764
95402,0.998606979847
95403,0.998302519321
95404,0.993669986725
95405,0.996603786945
95406,0.985679090023
95407,0.992823898792
95408,0.996136546135
95409,0.998606979847
95410,0.998220264912
95411,0.997866868973
95412,0.932060003281
95413,0.991849601269
95414,0.998406648636
95415,0.997773170471
95416,0.998606979847
95417,0.998606979847
95418,0.99829441309
95419,0.998406648636
95420,0.998606979847
95421,0.99820047617
95422,0.997621715069
95423,0.989038348198
95424,0.997224986553
95425,0.968359053135
95426,0.996583402157
95427,0.998406648636
95428,0.998407959938
95429,0.979288995266
95430,0.942794799805
95431,0.997659146786
95432,0.993551790714
95433,0.998155415058
95434,0.998134315014
95435,0.998606979847
95436,0.997783958912
95437,0.998606979847
95438,0.996014237404
95439,0.99633949995
95440,0.992947757244
95441,0.983125090599
95442,0.985864758492
95443,0.997888922691
95444,0.998606979847
95445,0.99848139286
95446,0.987729728222
95447,0.998606979847
95448,0.998606979847
95449,0.967642784119
95450,0.998368620872
95451,0.998606979847
95452,0.998200178146
95453,0.998606979847
95454,0.998606979847
95455,0.991972327232
95456,0.998606979847
95457,0.998606979847
95458,0.991004824638
95459,0.998406648636
95460,0.998368620872
95461,0.998606979847
95462,0.991687476635
95463,0.998606979847
95464,0.995897114277
95465,0.998606979847
95466,0.998406648636
95467,0.998260438442
95468,0.958973646164
95469,0.995879232883
95470,0.998153328896
95471,0.998606979847
95472,0.998606979847
95473,0.981141030788
95474,0.998606979847
95475,0.99838078022
95476,0.998606979847
95477,0.998483419418
95478,0.99838078022
95479,0.994841814041
95480,0.997967362404
95481,0.986177563667
95482,0.997708141804
95483,0.998276054859
95484,0.974806964397
95485,0.997673869133
95486,0.98142439127
95487,0.993048906326
95488,0.998276054859
95489,0.99593526125
95490,0.99838078022
95491,0.997118115425
95492,0.992244899273
95493,0.998606979847
95494,0.998606979847
95495,0.92956417799
95496,0.998406648636
95497,0.997989296913
95498,0.996842384338
95499,0.989867866039
95500,0.998606979847
95501,0.99848139286
95502,0.993561327457
95503,0.99793946743
95504,0.996603786945
95505,0.998606979847
95506,0.998606979847
95507,0.998606979847
95508,0.997783958912
95509,0.998153328896
95510,0.99782294035
95511,0.99838078022
95512,0.998200654984
95513,0.997305929661
95514,0.994187355042
95515,0.993271529675
95516,0.998606979847
95517,0.992939531803
95518,0.993489563465
95519,0.993826210499
95520,0.997783958912
95521,0.998606979847
95522,0.996740818024
95523,0.993048906326
95524,0.989872574806
95525,0.996334016323
95526,0.998606979847
95527,0.994731545448
95528,0.992013931274
95529,0.990871727467
95530,0.997455358505
95531,0.998102426529
95532,0.998606979847
95533,0.998606979847
95534,0.998606979847
95535,0.998606979847
95536,0.993483781815
95537,0.998368620872
95538,0.991931855679
95539,0.998606979847
95540,0.95445728302
95541,0.998145222664
95542,0.998428761959
95543,0.998606979847
95544,0.998200654984
95545,0.99633949995
95546,0.991247951984
95547,0.965305030346
95548,0.979133844376
95549,0.998200654984
95550,0.995401382446
95551,0.969957411289
95552,0.993826210499
95553,0.992995500565
95554,0.989800035954
95555,0.956470608711
95556,0.998031020164
95557,0.99263459444
95558,0.99838078022
95559,0.994300663471
95560,0.998606979847
95561,0.993359267712
95562,0.998428761959
95563,0.992356538773
95564,0.998112678528
95565,0.998606979847
95566,0.998181462288
95567,0.99793946743
95568,0.995464742184
95569,0.998181462288
95570,0.9974411726
95571,0.998606979847
95572,0.998606979847
95573,0.89263021946
95574,0.9974411726
95575,0.997320652008
95576,0.995849609375
95577,0.994250833988
95578,0.997900903225
95579,0.997866868973
95580,0.998606979847
95581,0.998606979847
95582,0.996842384338
95583,0.98931068182
95584,0.998606979847
95585,0.996586322784
95586,0.998184978962
95587,0.996027112007
95588,0.998606979847
95589,0.995516598225
95590,0.902400493622
95591,0.998606979847
95592,0.998606979847
95593,0.997745871544
95594,0.992244899273
95595,0.991097390652
95596,0.994187355042
95597,0.899986863136
95598,0.998606979847
95599,0.998606979847
95600,0.995825171471
95601,0.99848139286
95602,0.998606979847
95603,0.998606979847
95604,0.997415721416
95605,0.998113453388
95606,0.998606979847
95607,0.998606979847
95608,0.998606979847
95609,0.998606979847
95610,0.998606979847
95611,0.998606979847
95612,0.99820047617
95613,0.997771561146
95614,0.990580916405
95615,0.998172521591
95616,0.995096027851
95617,0.993550479412
95618,0.998606979847
95619,0.998606979847
95620,0.953955054283
95621,0.989872574806
95622,0.993048906326
95623,0.99793946743
95624,0.998200654984
95625,0.99820047617
95626,0.995401382446
95627,0.983312666416
95628,0.9966391325
95629,0.996603786945
95630,0.998428761959
95631,0.99838078022
95632,0.99848139286
95633,0.987108528614
95634,0.998047590256
95635,0.871665120125
95636,0.997988402843
95637,0.998606979847
95638,0.991467535496
95639,0.99848139286
95640,0.998606979847
95641,0.998606979847
95642,0.997989296913
95643,0.995186090469
95644,0.995099902153
95645,0.980376183987
95646,0.997600913048
95647,0.946138560772
95648,0.998081743717
95649,0.9577023983
95650,0.998606979847
95651,0.998406648636
95652,0.99838078022
95653,0.998606979847
95654,0.995690464973
95655,0.998005568981
95656,0.99848139286
95657,0.998606979847
95658,0.99820047617
95659,0.997855246067
95660,0.998406648636
95661,0.998606979847
95662,0.99848139286
95663,0.998406648636
95664,0.998606979847
95665,0.988308310509
95666,0.997879803181
95667,0.996027112007
95668,0.998606979847
95669,0.981609165668
95670,0.977351665497
95671,0.972848653793
95672,0.982744336128
95673,0.998406648636
95674,0.997988402843
95675,0.998606979847
95676,0.99838078022
95677,0.998200654984
95678,0.99302303791
95679,0.998606979847
95680,0.99635130167
95681,0.998200654984
95682,0.998606979847
95683,0.998407959938
95684,0.997900903225
95685,0.998606979847
95686,0.998606979847
95687,0.984092116356
95688,0.972331643105
95689,0.998606979847
95690,0.998606979847
95691,0.996842384338
95692,0.980701565742
95693,0.997900903225
95694,0.998606979847
95695,0.998606979847
95696,0.99644446373
95697,0.99644446373
95698,0.988300800323
95699,0.99079144001
95700,0.996001303196
95701,0.998606979847
95702,0.998406648636
95703,0.99793946743
95704,0.997828781605
95705,0.980701565742
95706,0.992402553558
95707,0.998606979847
95708,0.993048906326
95709,0.989789962769
95710,0.997879803181
95711,0.99644446373
95712,0.998181462288
95713,0.997816681862
95714,0.998606979847
95715,0.996984064579
95716,0.992813467979
95717,0.998200654984
95718,0.995216012001
95719,0.924370646477
95720,0.99793946743
95721,0.998483419418
95722,0.998606979847
95723,0.995464742184
95724,0.992393434048
95725,0.996034264565
95726,0.998181462288
95727,0.997815132141
95728,0.989074885845
95729,0.995472192764
95730,0.998606979847
95731,0.960155665874
95732,0.993489563465
95733,0.96801763773
95734,0.998606979847
95735,0.998606979847
95736,0.857981741428
95737,0.998483419418
95738,0.997076809406
95739,0.989326119423
95740,0.998606979847
95741,0.997900903225
95742,0.981293976307
95743,0.998606979847
95744,0.99838078022
95745,0.99848139286
95746,0.99820369482
95747,0.998153328896
95748,0.99848139286
95749,0.987159371376
95750,0.998153328896
95751,0.992050051689
95752,0.998181462288
95753,0.998606979847
95754,0.992740154266
95755,0.997746109962
95756,0.998406648636
95757,0.998483419418
95758,0.998220264912
95759,0.991347789764
95760,0.986564338207
95761,0.994297146797
95762,0.998407959938
95763,0.998606979847
95764,0.995853245258
95765,0.998606979847
95766,0.980087935925
95767,0.962868988514
95768,0.99145758152
95769,0.99848139286
95770,0.993276536465
95771,0.998606979847
95772,0.99838078022
95773,0.997525453568
95774,0.941307485104
95775,0.994817018509
95776,0.99848139286
95777,0.997783958912
95778,0.998406648636
95779,0.978096187115
95780,0.998111128807
95781,0.946959793568
95782,0.998606979847
95783,0.994841814041
95784,0.99848139286
95785,0.998606979847
95786,0.993533909321
95787,0.998606979847
95788,0.994996786118
95789,0.994274020195
95790,0.998606979847
95791,0.988532602787
95792,0.99848139286
95793,0.994017362595
95794,0.978741884232
95795,0.990876793861
95796,0.992046952248
95797,0.998606979847
95798,0.996586322784
95799,0.996603786945
95800,0.994907438755
95801,0.998606979847
95802,0.998005568981
95803,0.98600178957
95804,0.988886296749
95805,0.998276054859
95806,0.972693860531
95807,0.991677343845
95808,0.998407959938
95809,0.99838078022
95810,0.998606979847
95811,0.990907132626
95812,0.998260438442
95813,0.998606979847
95814,0.998483419418
95815,0.998606979847
95816,0.995621562004
95817,0.994897544384
95818,0.718491733074
95819,0.99644446373
95820,0.995582997799
95821,0.981002092361
95822,0.998406648636
95823,0.990273296833
95824,0.99848139286
95825,0.99718952179
95826,0.994276642799
95827,0.998606979847
95828,0.998260438442
95829,0.97410005331
95830,0.992787539959
95831,0.997831940651
95832,0.989601314068
95833,0.998606979847
95834,0.998606979847
95835,0.993826210499
95836,0.998606979847
95837,0.998406648636
95838,0.99254989624
95839,0.998155415058
95840,0.997708141804
95841,0.990069448948
95842,0.99838078022
95843,0.952794373035
95844,0.998606979847
95845,0.998606979847
95846,0.988943338394
95847,0.998220264912
95848,0.997783958912
95849,0.997926175594
95850,0.998013615608
95851,0.998094499111
95852,0.964950025082
95853,0.996073663235
95854,0.940133273602
95855,0.959485292435
95856,0.997783958912
95857,0.990343928337
95858,0.992225527763
95859,0.99838078022
95860,0.981905937195
95861,0.998406648636
95862,0.998153328896
95863,0.858993411064
95864,0.998260438442
95865,0.995216012001
95866,0.992829561234
95867,0.996992111206
95868,0.998181462288
95869,0.998606979847
95870,0.99607437849
95871,0.998606979847
95872,0.998606979847
95873,0.977219164371
95874,0.989382445812
95875,0.998220264912
95876,0.995177268982
95877,0.99829441309
95878,0.967145681381
95879,0.992947757244
95880,0.998606979847
95881,0.958763599396
95882,0.995311737061
95883,0.998013615608
95884,0.993826210499
95885,0.952098369598
95886,0.987896025181
95887,0.928127765656
95888,0.997224986553
95889,0.99838078022
95890,0.99848139286
95891,0.973864495754
95892,0.99848139286
95893,0.963247418404
95894,0.993229389191
95895,0.991702020168
95896,0.998102426529
95897,0.998220264912
95898,0.998606979847
95899,0.993889391422
95900,0.99848139286
95901,0.997464060783
95902,0.998606979847
95903,0.997783958912
95904,0.998606979847
95905,0.990762293339
95906,0.99829441309
95907,0.993064284325
95908,0.997691512108
95909,0.998606979847
95910,0.998406648636
95911,0.998606979847
95912,0.998606979847
95913,0.982201576233
95914,0.997988402843
95915,0.92748939991
95916,0.978109955788
95917,0.998606979847
95918,0.996353328228
95919,0.981171607971
95920,0.992971420288
95921,0.992243826389
95922,0.998406648636
95923,0.998081326485
95924,0.958456754684
95925,0.998606979847
95926,0.99255490303
95927,0.997783958912
95928,0.807671666145
95929,0.998260438442
95930,0.998200178146
95931,0.997658252716
95932,0.99848139286
95933,0.997636258602
95934,0.994462072849
95935,0.998407959938
95936,0.996353328228
95937,0.985411703587
95938,0.99148774147
95939,0.998606979847
95940,0.99838078022
95941,0.993722617626
95942,0.984825611115
95943,0.985406458378
95944,0.997600913048
95945,0.998200654984
95946,0.996842384338
95947,0.998606979847
95948,0.997599542141
95949,0.998145222664
95950,0.994142174721
95951,0.994841814041
95952,0.998293995857
95953,0.989137291908
95954,0.987810194492
95955,0.796905040741
95956,0.998111128807
95957,0.998606979847
95958,0.99782294035
95959,0.998606979847
95960,0.990768313408
95961,0.991005063057
95962,0.997367501259
95963,0.992691576481
95964,0.992614209652
95965,0.993952155113
95966,0.946308791637
95967,0.931996107101
95968,0.995782911777
95969,0.990034103394
95970,0.998606979847
95971,0.995079994202
95972,0.993178665638
95973,0.987322866917
95974,0.998606979847
95975,0.998606979847
95976,0.99793946743
95977,0.995031356812
95978,0.99848139286
95979,0.997988402843
95980,0.983920395374
95981,0.99793946743
95982,0.998606979847
95983,0.998606979847
95984,0.984851181507
95985,0.971765756607
95986,0.997891008854
95987,0.989563703537
95988,0.958856642246
95989,0.998406648636
95990,0.992762327194
95991,0.998606979847
95992,0.974973738194
95993,0.998606979847
95994,0.998606979847
95995,0.998606979847
95996,0.994812428951
95997,0.992829561234
95998,0.994299650192
95999,0.99848139286
96000,0.998606979847
96001,0.994070470333
96002,0.998606979847
96003,0.998200178146
96004,0.995496869087
96005,0.998200654984
96006,0.998406648636
96007,0.99848139286
96008,0.99106913805
96009,0.998606979847
96010,0.992716789246
96011,0.952699780464
96012,0.998606979847
96013,0.998606979847
96014,0.998606979847
96015,0.998266220093
96016,0.997783958912
96017,0.998606979847
96018,0.943804621696
96019,0.998407959938
96020,0.99848139286
96021,0.998094499111
96022,0.981427907944
96023,0.995518863201
96024,0.998606979847
96025,0.998368620872
96026,0.998606979847
96027,0.998606979847
96028,0.986635506153
96029,0.998606979847
96030,0.998606979847
96031,0.99838078022
96032,0.988254308701
96033,0.998483419418
96034,0.993688821793
96035,0.998606979847
96036,0.998606979847
96037,0.985427379608
96038,0.991171956062
96039,0.998606979847
96040,0.99848139286
96041,0.946553587914
96042,0.989918351173
96043,0.996603786945
96044,0.998102426529
96045,0.998094499111
96046,0.997701108456
96047,0.997783958912
96048,0.995924890041
96049,0.995117902756
96050,0.996312081814
96051,0.998220264912
96052,0.992193579674
96053,0.998606979847
96054,0.978569447994
96055,0.998606979847
96056,0.92596334219
96057,0.979573190212
96058,0.99848139286
96059,0.993826210499
96060,0.993967831135
96061,0.99848139286
96062,0.991670906544
96063,0.994841814041
96064,0.99838078022
96065,0.998200654984
96066,0.998606979847
96067,0.980725884438
96068,0.998606979847
96069,0.998606979847
96070,0.868674039841
96071,0.995223701
96072,0.998606979847
96073,0.996411442757
96074,0.997828781605
96075,0.997679948807
96076,0.993952155113
96077,0.998063981533
96078,0.997703015804
96079,0.997571706772
96080,0.99793946743
96081,0.993826210499
96082,0.985040724277
96083,0.992820084095
96084,0.997271239758
96085,0.995609223843
96086,0.998606979847
96087,0.998606979847
96088,0.998260438442
96089,0.998606979847
96090,0.997828781605
96091,0.976651489735
96092,0.998406648636
96093,0.998407959938
96094,0.960662961006
96095,0.998606979847
96096,0.998606979847
96097,0.998606979847
96098,0.998606979847
96099,0.993178665638
96100,0.993620932102
96101,0.993247687817
96102,0.991439640522
96103,0.991417109966
96104,0.992512822151
96105,0.996698200703
96106,0.998407959938
96107,0.997900903225
96108,0.997746109962
96109,0.997464060783
96110,0.99633949995
96111,0.994143724442
96112,0.986313223839
96113,0.998606979847
96114,0.99554425478
96115,0.995490729809
96116,0.998406648636
96117,0.998368620872
96118,0.996586322784
96119,0.99848139286
96120,0.998606979847
96121,0.994034290314
96122,0.998368620872
96123,0.990034103394
96124,0.998606979847
96125,0.998606979847
96126,0.996140956879
96127,0.998606979847
96128,0.998606979847
96129,0.99848139286
96130,0.99820047617
96131,0.997473359108
96132,0.959161639214
96133,0.99838078022
96134,0.99793946743
96135,0.917609393597
96136,0.998606979847
96137,0.997745871544
96138,0.99793946743
96139,0.998606979847
96140,0.99829441309
96141,0.986313223839
96142,0.993483126163
96143,0.955622792244
96144,0.99263459444
96145,0.992451488972
96146,0.998005568981
96147,0.998606979847
96148,0.994542121887
96149,0.993301987648
96150,0.992243826389
96151,0.997888922691
96152,0.998606979847
96153,0.998606979847
96154,0.997262656689
96155,0.992245495319
96156,0.995602190495
96157,0.991182327271
96158,0.997114419937
96159,0.998606979847
96160,0.99010437727
96161,0.995937466621
96162,0.99554425478
96163,0.998064756393
96164,0.994542121887
96165,0.993561327457
96166,0.998606979847
96167,0.998606979847
96168,0.998302519321
96169,0.993945300579
96170,0.990562677383
96171,0.992796242237
96172,0.99848139286
96173,0.998606979847
96174,0.993826210499
96175,0.99245017767
96176,0.995879232883
96177,0.987101912498
96178,0.998606979847
96179,0.998606979847
96180,0.986513197422
96181,0.991005063057
96182,0.996586322784
96183,0.998606979847
96184,0.99793946743
96185,0.992389976978
96186,0.982482492924
96187,0.992073357105
96188,0.974317252636
96189,0.998102426529
96190,0.985750436783
96191,0.972153544426
96192,0.997364938259
96193,0.998606979847
96194,0.994678318501
96195,0.99838078022
96196,0.99848139286
96197,0.99848139286
96198,0.998606979847
96199,0.995782911777
96200,0.998428761959
96201,0.998022079468
96202,0.998606979847
96203,0.995031356812
96204,0.998606979847
96205,0.993722617626
96206,0.998094499111
96207,0.988258063793
96208,0.998606979847
96209,0.996907055378
96210,0.998606979847
96211,0.97130137682
96212,0.99848139286
96213,0.998200654984
96214,0.992926299572
96215,0.991777837276
96216,0.998606979847
96217,0.998606979847
96218,0.993914842606
96219,0.998606979847
96220,0.998155415058
96221,0.99848139286
96222,0.961760163307
96223,0.998276054859
96224,0.990961134434
96225,0.991934776306
96226,0.932565391064
96227,0.998606979847
96228,0.993673026562
96229,0.998606979847
96230,0.991806387901
96231,0.980207324028
96232,0.992225527763
96233,0.998606979847
96234,0.998606979847
96235,0.993798851967
96236,0.998606979847
96237,0.996411442757
96238,0.998606979847
96239,0.998606979847
96240,0.888818085194
96241,0.997114419937
96242,0.988902151585
96243,0.98106867075
96244,0.998013615608
96245,0.998606979847
96246,0.998606979847
96247,0.992115676403
96248,0.99848139286
96249,0.998181462288
96250,0.993826210499
96251,0.998606979847
96252,0.993483781815
96253,0.99848139286
96254,0.995223522186
96255,0.975276052952
96256,0.998483419418
96257,0.998606979847
96258,0.99838078022
96259,0.993603289127
96260,0.998606979847
96261,0.996411442757
96262,0.997243046761
96263,0.99838078022
96264,0.992926299572
96265,0.998153328896
96266,0.998606979847
96267,0.990544319153
96268,0.994435250759
96269,0.998606979847
96270,0.998606979847
96271,0.996603786945
96272,0.99770206213
96273,0.99793946743
96274,0.99848139286
96275,0.99838078022
96276,0.998406648636
96277,0.992018818855
96278,0.989592850208
96279,0.997472524643
96280,0.961837589741
96281,0.993351876736
96282,0.991238355637
96283,0.994263648987
96284,0.998483419418
96285,0.99848139286
96286,0.99848139286
96287,0.991347789764
96288,0.99445194006
96289,0.996027112007
96290,0.996146798134
96291,0.996411442757
96292,0.997398436069
96293,0.981079638004
96294,0.994592428207
96295,0.99838078022
96296,0.998606979847
96297,0.997433483601
96298,0.998606979847
96299,0.998606979847
96300,0.997989296913
96301,0.992829561234
96302,0.998276054859
96303,0.98857396841
96304,0.998606979847
96305,0.998406648636
96306,0.998606979847
96307,0.998483419418
96308,0.998606979847
96309,0.99644446373
96310,0.991142272949
96311,0.990956306458
96312,0.998013615608
96313,0.998406648636
96314,0.997852921486
96315,0.998606979847
96316,0.998606979847
96317,0.99848139286
96318,0.993722617626
96319,0.998606979847
96320,0.993603289127
96321,0.997258484364
96322,0.998606979847
96323,0.998606979847
96324,0.993352651596
96325,0.989205777645
96326,0.998200654984
96327,0.897410511971
96328,0.998276054859
96329,0.997121989727
96330,0.998211979866
96331,0.997717022896
96332,0.991667091846
96333,0.998606979847
96334,0.998606979847
96335,0.994283616543
96336,0.998606979847
96337,0.997537434101
96338,0.998606979847
96339,0.99793946743
96340,0.997599542141
96341,0.99838078022
96342,0.99848139286
96343,0.984288156033
96344,0.99848139286
96345,0.997756898403
96346,0.997788965702
96347,0.998606979847
96348,0.99820047617
96349,0.997713565826
96350,0.99848139286
96351,0.997988402843
96352,0.997585535049
96353,0.99820047617
96354,0.990806818008
96355,0.995216012001
96356,0.997900903225
96357,0.995117902756
96358,0.998606979847
96359,0.998064756393
96360,0.998428761959
96361,0.998606979847
96362,0.998013615608
96363,0.989185452461
96364,0.990218877792
96365,0.99838078022
96366,0.995044231415
96367,0.998606979847
96368,0.998606979847
96369,0.996353328228
96370,0.998606979847
96371,0.997753620148
96372,0.99359691143
96373,0.998606979847
96374,0.995143890381
96375,0.998606979847
96376,0.98537415266
96377,0.998302519321
96378,0.995874881744
96379,0.997866868973
96380,0.998606979847
96381,0.99838078022
96382,0.998606979847
96383,0.998606979847
96384,0.997558534145
96385,0.998031020164
96386,0.863867402077
96387,0.957512795925
96388,0.994698882103
96389,0.99848139286
96390,0.994040966034
96391,0.99838078022
96392,0.998260438442
96393,0.995108127594
96394,0.998200654984
96395,0.98965972662
96396,0.998606979847
96397,0.998606979847
96398,0.996603786945
96399,0.97492390871
96400,0.99801248312
96401,0.9909953475
96402,0.995220541954
96403,0.989322721958
96404,0.998079001904
96405,0.998606979847
96406,0.996842384338
96407,0.988022327423
96408,0.992090702057
96409,0.998153328896
96410,0.967560768127
96411,0.970897078514
96412,0.97702562809
96413,0.998153328896
96414,0.998606979847
96415,0.992244780064
96416,0.998606979847
96417,0.994627475739
96418,0.99838078022
96419,0.992787539959
96420,0.998483419418
96421,0.99848139286
96422,0.995117902756
96423,0.99793946743
96424,0.99838078022
96425,0.994625747204
96426,0.987140476704
96427,0.993319034576
96428,0.99848139286
96429,0.998606979847
96430,0.99554425478
96431,0.998606979847
96432,0.998606979847
96433,0.998606979847
96434,0.997803032398
96435,0.993826210499
96436,0.998606979847
96437,0.998302519321
96438,0.993375957012
96439,0.997246146202
96440,0.936114430428
96441,0.990399479866
96442,0.99848139286
96443,0.998606979847
96444,0.998606979847
96445,0.998606979847
96446,0.992883503437
96447,0.99820047617
96448,0.997889041901
96449,0.991956293583
96450,0.998606979847
96451,0.994413077831
96452,0.998102426529
96453,0.99644446373
96454,0.99838078022
96455,0.933953881264
96456,0.996138811111
96457,0.996072053909
96458,0.993012964725
96459,0.997788965702
96460,0.998200654984
96461,0.992840051651
96462,0.998606979847
96463,0.998022079468
96464,0.99800080061
96465,0.998241424561
96466,0.996146798134
96467,0.99565923214
96468,0.99820047617
96469,0.998483419418
96470,0.992829561234
96471,0.993564546108
96472,0.998606979847
96473,0.998606979847
96474,0.997988402843
96475,0.996573746204
96476,0.998483419418
96477,0.99394762516
96478,0.998606979847
96479,0.998094499111
96480,0.993826210499
96481,0.985107183456
96482,0.998606979847
96483,0.992897689342
96484,0.997069001198
96485,0.995879232883
96486,0.938259243965
96487,0.986856579781
96488,0.99804186821
96489,0.985958456993
96490,0.997901082039
96491,0.989284574986
96492,0.986828863621
96493,0.998406648636
96494,0.996414005756
96495,0.99838078022
96496,0.998153328896
96497,0.998606979847
96498,0.990402400494
96499,0.995464742184
96500,0.949193418026
96501,0.996904432774
96502,0.965813100338
96503,0.992870509624
96504,0.987108528614
96505,0.998276054859
96506,0.933705687523
96507,0.998145222664
96508,0.990880608559
96509,0.998606979847
96510,0.998606979847
96511,0.991670906544
96512,0.99848139286
96513,0.998483419418
96514,0.998352825642
96515,0.978617548943
96516,0.998155415058
96517,0.997309565544
96518,0.99838078022
96519,0.998606979847
96520,0.998606979847
96521,0.998606979847
96522,0.994462072849
96523,0.998606979847
96524,0.986849248409
96525,0.993231296539
96526,0.99245017767
96527,0.99848139286
96528,0.99848139286
96529,0.923632979393
96530,0.996848404408
96531,0.998012661934
96532,0.991650998592
96533,0.997866868973
96534,0.993064284325
96535,0.99644446373
96536,0.994021296501
96537,0.998606979847
96538,0.996164977551
96539,0.99848139286
96540,0.966435849667
96541,0.987948000431
96542,0.99848139286
96543,0.997525453568
96544,0.953366935253
96545,0.982034802437
96546,0.987140238285
96547,0.998606979847
96548,0.987288534641
96549,0.991879403591
96550,0.992899239063
96551,0.998260438442
96552,0.997473359108
96553,0.991923809052
96554,0.99838078022
96555,0.998606979847
96556,0.998606979847
96557,0.992829561234
96558,0.996194720268
96559,0.993840694427
96560,0.99848139286
96561,0.992971420288
96562,0.996184885502
96563,0.99848139286
96564,0.99487221241
96565,0.998260438442
96566,0.991762518883
96567,0.998406648636
96568,0.99838078022
96569,0.998406648636
96570,0.998483419418
96571,0.993979275227
96572,0.976354241371
96573,0.99848139286
96574,0.994186401367
96575,0.998081326485
96576,0.997301340103
96577,0.988893270493
96578,0.99263459444
96579,0.993287026882
96580,0.998606979847
96581,0.993969023228
96582,0.998606979847
96583,0.885901212692
96584,0.993048906326
96585,0.998220264912
96586,0.998606979847
96587,0.997783958912
96588,0.998227238655
96589,0.998483419418
96590,0.998483419418
96591,0.991912543774
96592,0.997900903225
96593,0.99644446373
96594,0.998606979847
96595,0.997866868973
96596,0.957685291767
96597,0.982004880905
96598,0.998368620872
96599,0.987965583801
96600,0.992947757244
96601,0.99848139286
96602,0.998606979847
96603,0.998406648636
96604,0.99848139286
96605,0.998406648636
96606,0.960876822472
96607,0.99848139286
96608,0.996544718742
96609,0.992532849312
96610,0.998483419418
96611,0.993469357491
96612,0.99820047617
96613,0.99578589201
96614,0.998406648636
96615,0.998606979847
96616,0.998606979847
96617,0.997888922691
96618,0.969693899155
96619,0.992244899273
96620,0.982231974602
96621,0.998076677322
96622,0.996027112007
96623,0.998606979847
96624,0.997277140617
96625,0.998079001904
96626,0.960569024086
96627,0.995227754116
96628,0.99644446373
96629,0.998260438442
96630,0.992269158363
96631,0.996082365513
96632,0.992614209652
96633,0.993293881416
96634,0.987396359444
96635,0.995079517365
96636,0.998606979847
96637,0.998606979847
96638,0.992825448513
96639,0.998606979847
96640,0.995688557625
96641,0.99848139286
96642,0.998483419418
96643,0.99359691143
96644,0.99829441309
96645,0.998483419418
96646,0.998606979847
96647,0.996795237064
96648,0.985078155994
96649,0.993012845516
96650,0.998153328896
96651,0.998013615608
96652,0.992365241051
96653,0.99793946743
96654,0.998200654984
96655,0.996216773987
96656,0.998213946819
96657,0.998606979847
96658,0.998606979847
96659,0.995883405209
96660,0.993826210499
96661,0.996954917908
96662,0.99848139286
96663,0.998102426529
96664,0.989913702011
96665,0.998606979847
96666,0.99594938755
96667,0.998606979847
96668,0.969041705132
96669,0.98448318243
96670,0.986731052399
96671,0.998022079468
96672,0.997224986553
96673,0.847460448742
96674,0.997464060783
96675,0.987550258636
96676,0.99594938755
96677,0.99476069212
96678,0.995275914669
96679,0.998606979847
96680,0.998606979847
96681,0.998483419418
96682,0.998172521591
96683,0.996353328228
96684,0.87560659647
96685,0.99794703722
96686,0.994965314865
96687,0.991813063622
96688,0.998368620872
96689,0.998184978962
96690,0.997464060783
96691,0.996411442757
96692,0.995117902756
96693,0.996739506721
96694,0.992829561234
96695,0.997658252716
96696,0.960032880306
96697,0.998606979847
96698,0.997464060783
96699,0.991656303406
96700,0.996962368488
96701,0.997301340103
96702,0.99820047617
96703,0.998606979847
96704,0.998153328896
96705,0.995914697647
96706,0.998368620872
96707,0.998606979847
96708,0.998606979847
96709,0.998084068298
96710,0.993489563465
96711,0.992947757244
96712,0.99838078022
96713,0.996842384338
96714,0.992508590221
96715,0.996411442757
96716,0.99838078022
96717,0.997828781605
96718,0.997926175594
96719,0.998606979847
96720,0.998606979847
96721,0.996007800102
96722,0.994576871395
96723,0.994826257229
96724,0.998606979847
96725,0.993141114712
96726,0.982986450195
96727,0.99838078022
96728,0.998028457165
96729,0.99848139286
96730,0.987779796124
96731,0.995257675648
96732,0.993365824223
96733,0.99848139286
96734,0.998606979847
96735,0.99793946743
96736,0.979513585567
96737,0.998155415058
96738,0.993826210499
96739,0.959453880787
96740,0.994792819023
96741,0.938198804855
96742,0.998005568981
96743,0.992657363415
96744,0.998606979847
96745,0.998606979847
96746,0.994841814041
96747,0.998606979847
96748,0.992154121399
96749,0.996989548206
96750,0.997746109962
96751,0.957038998604
96752,0.97164440155
96753,0.971439480782
96754,0.997989296913
96755,0.994908750057
96756,0.997951805592
96757,0.994928479195
96758,0.998606979847
96759,0.997988402843
96760,0.992427766323
96761,0.99793946743
96762,0.988802552223
96763,0.993048906326
96764,0.998606979847
96765,0.995143890381
96766,0.984779536724
96767,0.998181462288
96768,0.998606979847
96769,0.998606979847
96770,0.986679792404
96771,0.992947757244
96772,0.990640699863
96773,0.99848139286
96774,0.984603703022
96775,0.996958851814
96776,0.9957254529
96777,0.998606979847
96778,0.981772005558
96779,0.951965332031
96780,0.998606979847
96781,0.986074209213
96782,0.997828781605
96783,0.996842384338
96784,0.995464742184
96785,0.982859790325
96786,0.998028457165
96787,0.982106983662
96788,0.992829561234
96789,0.99848139286
96790,0.991934776306
96791,0.99848139286
96792,0.989678144455
96793,0.99838078022
96794,0.997464060783
96795,0.998368620872
96796,0.998606979847
96797,0.928391873837
96798,0.998606979847
96799,0.998606979847
96800,0.995606899261
96801,0.998606979847
96802,0.998606979847
96803,0.968288481236
96804,0.99793946743
96805,0.990429103374
96806,0.998200654984
96807,0.998220264912
96808,0.998606979847
96809,0.991871297359
96810,0.998200654984
96811,0.998606979847
96812,0.998153328896
96813,0.997675776482
96814,0.937399983406
96815,0.998153328896
96816,0.998407959938
96817,0.996818959713
96818,0.998260438442
96819,0.997783958912
96820,0.994216918945
96821,0.998606979847
96822,0.983774721622
96823,0.993826210499
96824,0.998406648636
96825,0.997642397881
96826,0.99848139286
96827,0.993752300739
96828,0.991871297359
96829,0.998406648636
96830,0.997685015202
96831,0.998606979847
96832,0.99263459444
96833,0.991914868355
96834,0.998302519321
96835,0.996842384338
96836,0.998364388943
96837,0.992960572243
96838,0.928585469723
96839,0.990557551384
96840,0.998013615608
96841,0.998606979847
96842,0.998302519321
96843,0.935834348202
96844,0.975012004375
96845,0.997599542141
96846,0.995334565639
96847,0.99838078022
96848,0.998606979847
96849,0.998606979847
96850,0.995243489742
96851,0.998606979847
96852,0.99848139286
96853,0.99793946743
96854,0.997745871544
96855,0.998028457165
96856,0.99804186821
96857,0.997571706772
96858,0.998606979847
96859,0.998606979847
96860,0.997880876064
96861,0.989687025547
96862,0.99793946743
96863,0.998606979847
96864,0.99838078022
96865,0.998606979847
96866,0.954688310623
96867,0.998302519321
96868,0.950534343719
96869,0.998606979847
96870,0.998606979847
96871,0.998606979847
96872,0.998606979847
96873,0.991302967072
96874,0.945795893669
96875,0.997475922108
96876,0.998606979847
96877,0.990172147751
96878,0.990479052067
96879,0.997464060783
96880,0.944497406483
96881,0.997888922691
96882,0.998081743717
96883,0.996984064579
96884,0.996390998363
96885,0.994272470474
96886,0.998064756393
96887,0.995437681675
96888,0.998407959938
96889,0.998606979847
96890,0.998606979847
96891,0.99848139286
96892,0.998606979847
96893,0.998302519321
96894,0.998483419418
96895,0.998406648636
96896,0.998606979847
96897,0.995740771294
96898,0.998606979847
96899,0.991210520267
96900,0.998606979847
96901,0.985513031483
96902,0.998037517071
96903,0.998606979847
96904,0.99793946743
96905,0.976626455784
96906,0.941352427006
96907,0.998606979847
96908,0.99848139286
96909,0.998368620872
96910,0.982859790325
96911,0.993826210499
96912,0.998606979847
96913,0.998606979847
96914,0.995878458023
96915,0.978968381882
96916,0.99820047617
96917,0.994181513786
96918,0.998406648636
96919,0.99848139286
96920,0.998153328896
96921,0.99232250452
96922,0.99198448658
96923,0.979034245014
96924,0.998483419418
96925,0.997900903225
96926,0.998606979847
96927,0.975797832012
96928,0.975559473038
96929,0.99271351099
96930,0.998368620872
96931,0.996027112007
96932,0.998606979847
96933,0.998606979847
96934,0.998606979847
96935,0.962646484375
96936,0.998184978962
96937,0.996852695942
96938,0.998368620872
96939,0.97581154108
96940,0.992947757244
96941,0.995517492294
96942,0.998606979847
96943,0.998606979847
96944,0.998606979847
96945,0.991286754608
96946,0.997145712376
96947,0.998260438442
96948,0.996603786945
96949,0.99793946743
96950,0.998406648636
96951,0.998606979847
96952,0.992947757244
96953,0.99848139286
96954,0.976125299931
96955,0.998606979847
96956,0.998606979847
96957,0.993551790714
96958,0.991935968399
96959,0.99848139286
96960,0.998406648636
96961,0.997037529945
96962,0.998606979847
96963,0.998606979847
96964,0.998406648636
96965,0.960057139397
96966,0.989195883274
96967,0.998153328896
96968,0.99838078022
96969,0.964056432247
96970,0.990547895432
96971,0.998606979847
96972,0.993375837803
96973,0.993495821953
96974,0.995757579803
96975,0.998079001904
96976,0.998606979847
96977,0.991924643517
96978,0.997828781605
96979,0.993551790714
96980,0.997834384441
96981,0.978887617588
96982,0.991142272949
96983,0.994103848934
96984,0.995472192764
96985,0.988592088223
96986,0.996795237064
96987,0.998368620872
96988,0.997820913792
96989,0.998606979847
96990,0.997473359108
96991,0.998606979847
96992,0.998407959938
96993,0.992269158363
96994,0.998606979847
96995,0.991675317287
96996,0.998606979847
96997,0.99613493681
96998,0.99848139286
96999,0.99838078022
97000,0.99838078022
97001,0.991142272949
97002,0.998606979847
97003,0.985879421234
97004,0.99793946743
97005,0.995054900646
97006,0.998483419418
97007,0.998054504395
97008,0.909503698349
97009,0.983037233353
97010,0.997788965702
97011,0.998407959938
97012,0.995224177837
97013,0.998406648636
97014,0.990212082863
97015,0.998273909092
97016,0.998606979847
97017,0.998606979847
97018,0.99848139286
97019,0.997615814209
97020,0.98995167017
97021,0.998606979847
97022,0.826312839985
97023,0.997926175594
97024,0.998352825642
97025,0.99375975132
97026,0.998606979847
97027,0.99829441309
97028,0.992077350616
97029,0.998153328896
97030,0.998266220093
97031,0.992947757244
97032,0.988758802414
97033,0.99848139286
97034,0.98876529932
97035,0.993981897831
97036,0.998606979847
97037,0.99271351099
97038,0.998368620872
97039,0.963735163212
97040,0.998606979847
97041,0.998302519321
97042,0.994618296623
97043,0.998406648636
97044,0.997298836708
97045,0.99848139286
97046,0.996027112007
97047,0.981382787228
97048,0.923789560795
97049,0.997249186039
97050,0.992389976978
97051,0.997849106789
97052,0.998483419418
97053,0.998352825642
97054,0.998606979847
97055,0.998181462288
97056,0.997900903225
97057,0.998606979847
97058,0.998220264912
97059,0.996390998363
97060,0.995811164379
97061,0.998606979847
97062,0.990186035633
97063,0.9635181427
97064,0.998606979847
97065,0.992716789246
97066,0.998302519321
97067,0.990811288357
97068,0.976846694946
97069,0.997828781605
97070,0.978932499886
97071,0.996958851814
97072,0.998606979847
97073,0.995914697647
97074,0.997828781605
97075,0.998606979847
97076,0.987403035164
97077,0.99838078022
97078,0.998022079468
97079,0.99793946743
97080,0.992050349712
97081,0.992115676403
97082,0.996466219425
97083,0.996146798134
97084,0.997900903225
97085,0.991799771786
97086,0.994438052177
97087,0.997685015202
97088,0.998483419418
97089,0.998406648636
97090,0.99793946743
97091,0.998606979847
97092,0.998606979847
97093,0.998606979847
97094,0.998606979847
97095,0.997866868973
97096,0.996925890446
97097,0.99793946743
97098,0.990784347057
97099,0.967146396637
97100,0.998153328896
97101,0.99793946743
97102,0.998606979847
97103,0.994187355042
97104,0.998406648636
97105,0.998013615608
97106,0.996830463409
97107,0.99430346489
97108,0.993276536465
97109,0.99820369482
97110,0.992225527763
97111,0.99554425478
97112,0.99848139286
97113,0.998606979847
97114,0.998606979847
97115,0.993319034576
97116,0.998606979847
97117,0.997768104076
97118,0.996688723564
97119,0.998606979847
97120,0.998352825642
97121,0.962255835533
97122,0.998145222664
97123,0.998606979847
97124,0.99848139286
97125,0.992829561234
97126,0.998368620872
97127,0.996842384338
97128,0.998606979847
97129,0.99848139286
97130,0.990335226059
97131,0.998483419418
97132,0.992389976978
97133,0.99848139286
97134,0.997734487057
97135,0.998606979847
97136,0.99820047617
97137,0.988985657692
97138,0.998606979847
97139,0.992393434048
97140,0.996842384338
97141,0.998606979847
97142,0.998094499111
97143,0.996353328228
97144,0.998352825642
97145,0.998606979847
97146,0.996603786945
97147,0.949561715126
97148,0.997309565544
97149,0.993868470192
97150,0.990218877792
97151,0.99554425478
97152,0.998606979847
97153,0.998606979847
97154,0.99848139286
97155,0.998606979847
97156,0.976995646954
97157,0.970742344856
97158,0.998200654984
97159,0.920192122459
97160,0.992050349712
97161,0.994300663471
97162,0.991902649403
97163,0.991972327232
97164,0.947684109211
97165,0.998368620872
97166,0.998606979847
97167,0.996411442757
97168,0.998079001904
97169,0.997926175594
97170,0.997020661831
97171,0.992829561234
97172,0.99838078022
97173,0.993686556816
97174,0.99848139286
97175,0.992947757244
97176,0.998145222664
97177,0.988835513592
97178,0.992716789246
97179,0.997954130173
97180,0.996842384338
97181,0.99848139286
97182,0.981121838093
97183,0.998079001904
97184,0.993826210499
97185,0.991671204567
97186,0.99793946743
97187,0.997160553932
97188,0.98716545105
97189,0.992306411266
97190,0.998606979847
97191,0.998606979847
97192,0.998606979847
97193,0.998606979847
97194,0.998606979847
97195,0.998220264912
97196,0.998606979847
97197,0.997196435928
97198,0.993128240108
97199,0.997530579567
97200,0.998606979847
97201,0.990422189236
97202,0.998606979847
97203,0.998606979847
97204,0.998606979847
97205,0.960910081863
97206,0.808595538139
97207,0.997713565826
97208,0.998606979847
97209,0.996027112007
97210,0.995969891548
97211,0.99848139286
97212,0.939945816994
97213,0.991292715073
97214,0.998606979847
97215,0.998606979847
97216,0.989414155483
97217,0.996390998363
97218,0.998606979847
97219,0.998013615608
97220,0.994758427143
97221,0.997822642326
97222,0.998606979847
97223,0.995924770832
97224,0.99693018198
97225,0.995221972466
97226,0.971654117107
97227,0.990172147751
97228,0.997889041901
97229,0.99793946743
97230,0.985806286335
97231,0.998406648636
97232,0.998407959938
97233,0.993048906326
97234,0.95492631197
97235,0.99838078022
97236,0.967188119888
97237,0.998606979847
97238,0.991422832012
97239,0.997685015202
97240,0.998483419418
97241,0.991670906544
97242,0.998606979847
97243,0.998606979847
97244,0.991327881813
97245,0.997485339642
97246,0.98155105114
97247,0.998606979847
97248,0.996842384338
97249,0.986636638641
97250,0.973641037941
97251,0.998606979847
97252,0.99838078022
97253,0.998606979847
97254,0.998407959938
97255,0.996140956879
97256,0.998606979847
97257,0.990425884724
97258,0.993278741837
97259,0.992389976978
97260,0.99848139286
97261,0.998606979847
97262,0.996925890446
97263,0.985897839069
97264,0.99848139286
97265,0.99838078022
97266,0.998606979847
97267,0.991415560246
97268,0.998606979847
97269,0.98122137785
97270,0.998606979847
97271,0.851865172386
97272,0.995189845562
97273,0.998606979847
97274,0.980243206024
97275,0.997783958912
97276,0.998200178146
97277,0.997778773308
97278,0.998606979847
97279,0.996586322784
97280,0.998406648636
97281,0.997621715069
97282,0.997841417789
97283,0.99829441309
97284,0.998606979847
97285,0.998606979847
97286,0.99793946743
97287,0.99848139286
97288,0.993826210499
97289,0.997788965702
97290,0.997685015202
97291,0.998181462288
97292,0.998606979847
97293,0.99838078022
97294,0.996842384338
97295,0.998606979847
97296,0.995924890041
97297,0.99793946743
97298,0.992716789246
97299,0.998606979847
97300,0.990525484085
97301,0.998606979847
97302,0.998606979847
97303,0.99232250452
97304,0.98419302702
97305,0.771890640259
97306,0.992829561234
97307,0.998606979847
97308,0.997393488884
97309,0.997170507908
97310,0.995117902756
97311,0.997901082039
97312,0.998606979847
97313,0.997967541218
97314,0.998606979847
97315,0.991100907326
97316,0.992614209652
97317,0.998606979847
97318,0.99848139286
97319,0.997311890125
97320,0.998606979847
97321,0.998606979847
97322,0.99644446373
97323,0.975148379803
97324,0.997866868973
97325,0.993375957012
97326,0.998153328896
97327,0.998153328896
97328,0.997783958912
97329,0.983038544655
97330,0.998606979847
97331,0.872672200203
97332,0.995388090611
97333,0.998184978962
97334,0.998606979847
97335,0.992947757244
97336,0.998606979847
97337,0.99848139286
97338,0.99531185627
97339,0.993686556816
97340,0.994940757751
97341,0.99829441309
97342,0.998606979847
97343,0.995636641979
97344,0.99263459444
97345,0.998606979847
97346,0.969209969044
97347,0.983256757259
97348,0.992836296558
97349,0.99554425478
97350,0.998220264912
97351,0.992552638054
97352,0.997574031353
97353,0.996411442757
97354,0.998606979847
97355,0.998483419418
97356,0.99848139286
97357,0.998606979847
97358,0.9909953475
97359,0.998483419418
97360,0.99848139286
97361,0.998407959938
97362,0.998606979847
97363,0.998483419418
97364,0.998155415058
97365,0.994142949581
97366,0.99848139286
97367,0.992231249809
97368,0.995571017265
97369,0.99848139286
97370,0.998606979847
97371,0.998606979847
97372,0.992094576359
97373,0.998606979847
97374,0.974332273006
97375,0.997826635838
97376,0.995526850224
97377,0.989255905151
97378,0.994486451149
97379,0.998276054859
97380,0.962847292423
97381,0.997745871544
97382,0.998606979847
97383,0.995044231415
97384,0.994414925575
97385,0.997900903225
97386,0.972336173058
97387,0.991670906544
97388,0.998606979847
97389,0.987676978111
97390,0.997457504272
97391,0.992933571339
97392,0.998364388943
97393,0.991413116455
97394,0.998606979847
97395,0.998216986656
97396,0.991613745689
97397,0.996027112007
97398,0.998606979847
97399,0.998406648636
97400,0.998606979847
97401,0.981296300888
97402,0.969526171684
97403,0.996603786945
97404,0.997783958912
97405,0.996027112007
97406,0.998364388943
97407,0.972940385342
97408,0.994916439056
97409,0.99848139286
97410,0.992473721504
97411,0.997903585434
97412,0.992829561234
97413,0.998606979847
97414,0.998406648636
97415,0.990140199661
97416,0.99848139286
97417,0.998406648636
97418,0.998276054859
97419,0.992050349712
97420,0.961012482643
97421,0.991871297359
97422,0.998606979847
97423,0.998606979847
97424,0.991157591343
97425,0.998606979847
97426,0.900387525558
97427,0.972389340401
97428,0.87935769558
97429,0.998606979847
97430,0.997745871544
97431,0.99838078022
97432,0.998064756393
97433,0.998606979847
97434,0.997415661812
97435,0.998606979847
97436,0.998013615608
97437,0.997118115425
97438,0.966807126999
97439,0.998606979847
97440,0.991586685181
97441,0.995924890041
97442,0.996904432774
97443,0.996842384338
97444,0.99848139286
97445,0.998606979847
97446,0.997958421707
97447,0.998606979847
97448,0.97436517477
97449,0.99263459444
97450,0.996958851814
97451,0.998031020164
97452,0.997114419937
97453,0.998260438442
97454,0.998113453388
97455,0.995432436466
97456,0.965101420879
97457,0.997685015202
97458,0.99838078022
97459,0.994376122952
97460,0.993754863739
97461,0.994701087475
97462,0.998606979847
97463,0.993969023228
97464,0.987729728222
97465,0.998606979847
97466,0.994055390358
97467,0.998483419418
97468,0.99838078022
97469,0.997636258602
97470,0.994758427143
97471,0.99848139286
97472,0.997648715973
97473,0.997679948807
97474,0.9284902215
97475,0.998606979847
97476,0.99269258976
97477,0.996842384338
97478,0.977804720402
97479,0.998606979847
97480,0.998606979847
97481,0.998406648636
97482,0.992710113525
97483,0.998606979847
97484,0.884331822395
97485,0.991670906544
97486,0.99848139286
97487,0.996411442757
97488,0.995688557625
97489,0.994271993637
97490,0.989754736423
97491,0.997879803181
97492,0.994351685047
97493,0.99403578043
97494,0.983855605125
97495,0.99848139286
97496,0.993036389351
97497,0.991143465042
97498,0.99804186821
97499,0.955094695091
97500,0.998606979847
97501,0.993826210499
97502,0.998406648636
97503,0.99820047617
97504,0.997114419937
97505,0.998407959938
97506,0.899846255779
97507,0.99213540554
97508,0.998606979847
97509,0.99848139286
97510,0.991144537926
97511,0.995142877102
97512,0.998606979847
97513,0.998406648636
97514,0.990295648575
97515,0.991777837276
97516,0.99210113287
97517,0.998241424561
97518,0.998606979847
97519,0.998606979847
97520,0.99271351099
97521,0.998606979847
97522,0.993827939034
97523,0.871762692928
97524,0.991694509983
97525,0.998606979847
97526,0.998606979847
97527,0.998606979847
97528,0.996842384338
97529,0.99848139286
97530,0.998406648636
97531,0.944244146347
97532,0.997783958912
97533,0.998606979847
97534,0.998606979847
97535,0.992214560509
97536,0.936676681042
97537,0.998200654984
97538,0.997700989246
97539,0.998407959938
97540,0.996872663498
97541,0.998276054859
97542,0.993254601955
97543,0.994688689709
97544,0.998606979847
97545,0.998406648636
97546,0.998606979847
97547,0.996027112007
97548,0.995922982693
97549,0.99838078022
97550,0.998606979847
97551,0.978695034981
97552,0.998606979847
97553,0.98005849123
97554,0.998606979847
97555,0.989592850208
97556,0.998606979847
97557,0.99848139286
97558,0.998406648636
97559,0.997398436069
97560,0.998181462288
97561,0.992883503437
97562,0.965246915817
97563,0.998428761959
97564,0.998406648636
97565,0.997224986553
97566,0.994847416878
97567,0.991605639458
97568,0.998606979847
97569,0.952433168888
97570,0.998606979847
97571,0.997703015804
97572,0.994906306267
97573,0.997685015202
97574,0.981682360172
97575,0.973534941673
97576,0.998606979847
97577,0.99481344223
97578,0.99644446373
97579,0.996027112007
97580,0.91878503561
97581,0.998324692249
97582,0.998606979847
97583,0.998260438442
97584,0.998606979847
97585,0.99848139286
97586,0.998606979847
97587,0.997486829758
97588,0.994418382645
97589,0.992947757244
97590,0.978105247021
97591,0.995117902756
97592,0.998153328896
97593,0.998483419418
97594,0.990172147751
97595,0.997889041901
97596,0.998606979847
97597,0.998606979847
97598,0.992980122566
97599,0.890470147133
97600,0.920026540756
97601,0.991182327271
97602,0.992829561234
97603,0.998606979847
97604,0.996411442757
97605,0.99838078022
97606,0.997820913792
97607,0.99720197916
97608,0.998606979847
97609,0.99848139286
97610,0.9943780303
97611,0.997472524643
97612,0.998606979847
97613,0.99848139286
97614,0.992457211018
97615,0.994714736938
97616,0.998606979847
97617,0.998606979847
97618,0.996292173862
97619,0.995858848095
97620,0.817516446114
97621,0.997734487057
97622,0.998606979847
97623,0.991142272949
97624,0.998606979847
97625,0.991800963879
97626,0.99804186821
97627,0.996842384338
97628,0.998606979847
97629,0.99838078022
97630,0.99820369482
97631,0.997222304344
97632,0.993014156818
97633,0.998606979847
97634,0.998606979847
97635,0.998273909092
97636,0.99820369482
97637,0.954204261303
97638,0.98472481966
97639,0.996586322784
97640,0.998606979847
97641,0.996411442757
97642,0.99508947134
97643,0.998606979847
97644,0.998407959938
97645,0.994006693363
97646,0.99240732193
97647,0.996603786945
97648,0.995257675648
97649,0.997788965702
97650,0.997828781605
97651,0.993480682373
97652,0.998606979847
97653,0.986362457275
97654,0.998606979847
97655,0.994721114635
97656,0.965976417065
97657,0.998606979847
97658,0.998606979847
97659,0.998483419418
97660,0.998606979847
97661,0.99848139286
97662,0.998200654984
97663,0.988758802414
97664,0.998227238655
97665,0.994549274445
97666,0.99848139286
97667,0.994187355042
97668,0.993006169796
97669,0.998276054859
97670,0.998606979847
97671,0.998235344887
97672,0.998483419418
97673,0.990244090557
97674,0.995464742184
97675,0.995738744736
97676,0.998606979847
97677,0.992244899273
97678,0.99848139286
97679,0.988926708698
97680,0.998155415058
97681,0.992906391621
97682,0.998606979847
97683,0.998428761959
97684,0.988277375698
97685,0.99793946743
97686,0.993730723858
97687,0.993496000767
97688,0.998406648636
97689,0.992650568485
97690,0.998606979847
97691,0.998606979847
97692,0.998606979847
97693,0.997508645058
97694,0.998606979847
97695,0.998606979847
97696,0.998090028763
97697,0.998606979847
97698,0.997243046761
97699,0.99848139286
97700,0.980303525925
97701,0.998606979847
97702,0.975868701935
97703,0.998606979847
97704,0.99263459444
97705,0.997804522514
97706,0.998276054859
97707,0.993480682373
97708,0.993686556816
97709,0.995216012001
97710,0.998606979847
97711,0.968492090702
97712,0.992416918278
97713,0.998606979847
97714,0.998407959938
97715,0.99829441309
97716,0.995257675648
97717,0.998606979847
97718,0.99194663763
97719,0.998606979847
97720,0.998260438442
97721,0.99848139286
97722,0.994615912437
97723,0.998606979847
97724,0.950565695763
97725,0.984814822674
97726,0.998606979847
97727,0.998606979847
97728,0.993789851665
97729,0.971495211124
97730,0.997486829758
97731,0.998606979847
97732,0.987817704678
97733,0.99848139286
97734,0.998406648636
97735,0.992225527763
97736,0.99848139286
97737,0.994646728039
97738,0.995997309685
97739,0.998606979847
97740,0.998220264912
97741,0.982278883457
97742,0.998406648636
97743,0.995516598225
97744,0.993826210499
97745,0.993603289127
97746,0.99263459444
97747,0.998406648636
97748,0.991832196712
97749,0.99848139286
97750,0.995897114277
97751,0.998178064823
97752,0.994462072849
97753,0.967514693737
97754,0.994728505611
97755,0.998406648636
97756,0.99848139286
97757,0.997788965702
97758,0.991093277931
97759,0.998483419418
97760,0.997580945492
97761,0.984612464905
97762,0.996027112007
97763,0.9784116745
97764,0.997850000858
97765,0.997788965702
97766,0.99717271328
97767,0.989546537399
97768,0.989789485931
97769,0.99829441309
97770,0.99838078022
97771,0.978369295597
97772,0.998606979847
97773,0.990858495235
97774,0.99848139286
97775,0.99848139286
97776,0.964979112148
97777,0.997919619083
97778,0.99059677124
97779,0.998428761959
97780,0.998368620872
97781,0.998407959938
97782,0.997866868973
97783,0.995571017265
97784,0.990688920021
97785,0.993500888348
97786,0.997464060783
97787,0.994651317596
97788,0.998483419418
97789,0.996943831444
97790,0.953569889069
97791,0.99793946743
97792,0.996390998363
97793,0.998260438442
97794,0.997600913048
97795,0.997642576694
97796,0.998606979847
97797,0.986630380154
97798,0.993561208248
97799,0.993375957012
97800,0.998406648636
97801,0.99271351099
97802,0.998606979847
97803,0.99761903286
97804,0.992740154266
97805,0.995117902756
97806,0.998606979847
97807,0.994841814041
97808,0.996027112007
97809,0.993337392807
97810,0.998273909092
97811,0.995216012001
97812,0.997828781605
97813,0.997835695744
97814,0.998013615608
97815,0.996586322784
97816,0.998606979847
97817,0.99793946743
97818,0.997783958912
97819,0.996353328228
97820,0.994187355042
97821,0.99838078022
97822,0.998606979847
97823,0.998406648636
97824,0.998145222664
97825,0.994581997395
97826,0.998606979847
97827,0.982179760933
97828,0.998606979847
97829,0.99838078022
97830,0.998054504395
97831,0.998606979847
97832,0.988420367241
97833,0.990490376949
97834,0.998606979847
97835,0.99848139286
97836,0.998111128807
97837,0.997685015202
97838,0.997573018074
97839,0.99848139286
97840,0.879292607307
97841,0.994286775589
97842,0.99848139286
97843,0.998606979847
97844,0.997169315815
97845,0.996027112007
97846,0.998102426529
97847,0.99848139286
97848,0.998145222664
97849,0.997989296913
97850,0.993826210499
97851,0.99793946743
97852,0.997703015804
97853,0.998606979847
97854,0.99313557148
97855,0.997889041901
97856,0.996334016323
97857,0.99848139286
97858,0.992947757244
97859,0.984060525894
97860,0.991697609425
97861,0.975308179855
97862,0.998127579689
97863,0.997783958912
97864,0.918301224709
97865,0.998606979847
97866,0.998079001904
97867,0.998407959938
97868,0.997937142849
97869,0.995723187923
97870,0.998606979847
97871,0.998606979847
97872,0.998368620872
97873,0.937851965427
97874,0.992787539959
97875,0.991992235184
97876,0.99838078022
97877,0.992288827896
97878,0.989869296551
97879,0.998081326485
97880,0.980658531189
97881,0.992614209652
97882,0.998606979847
97883,0.99717271328
97884,0.99848139286
97885,0.993914842606
97886,0.998606979847
97887,0.998013615608
97888,0.991971492767
97889,0.996842384338
97890,0.993375957012
97891,0.991762518883
97892,0.990819871426
97893,0.998094499111
97894,0.998606979847
97895,0.99820047617
97896,0.994492828846
97897,0.998407959938
97898,0.997575700283
97899,0.998153328896
97900,0.995073437691
97901,0.978976726532
97902,0.9913662076
97903,0.922218441963
97904,0.99793946743
97905,0.996904432774
97906,0.998368620872
97907,0.99031239748
97908,0.985794007778
97909,0.992393434048
97910,0.99838078022
97911,0.998606979847
97912,0.998606979847
97913,0.994099259377
97914,0.996146798134
97915,0.99829441309
97916,0.998606979847
97917,0.99848139286
97918,0.993422865868
97919,0.998606979847
97920,0.992740154266
97921,0.998153328896
97922,0.998081326485
97923,0.998276054859
97924,0.989506721497
97925,0.998368620872
97926,0.998606979847
97927,0.996162950993
97928,0.99554425478
97929,0.998606979847
97930,0.998153328896
97931,0.99793946743
97932,0.994153738022
97933,0.998606979847
97934,0.991979956627
97935,0.997866868973
97936,0.998428761959
97937,0.998273909092
97938,0.998606979847
97939,0.994462072849
97940,0.998260438442
97941,0.998606979847
97942,0.991724491119
97943,0.995774447918
97944,0.997373878956
97945,0.998606979847
97946,0.998606979847
97947,0.994441747665
97948,0.996027112007
97949,0.997224986553
97950,0.996735036373
97951,0.992080330849
97952,0.994841814041
97953,0.980872273445
97954,0.99848139286
97955,0.998606979847
97956,0.996586322784
97957,0.995263159275
97958,0.992829561234
97959,0.998406648636
97960,0.998220264912
97961,0.997685015202
97962,0.998606979847
97963,0.979239881039
97964,0.993271350861
97965,0.997121989727
97966,0.976286768913
97967,0.998094499111
97968,0.99838078022
97969,0.998181462288
97970,0.998606979847
97971,0.998606979847
97972,0.993216633797
97973,0.990833997726
97974,0.998407959938
97975,0.998606979847
97976,0.998606979847
97977,0.998406648636
97978,0.998368620872
97979,0.987476468086
97980,0.99820047617
97981,0.968932628632
97982,0.998406648636
97983,0.994615912437
97984,0.997571706772
97985,0.997903585434
97986,0.983623087406
97987,0.941459298134
97988,0.998031020164
97989,0.998606979847
97990,0.997988402843
97991,0.997900903225
97992,0.996353328228
97993,0.995571017265
97994,0.99096518755
97995,0.99838078022
97996,0.998200654984
97997,0.992829561234
97998,0.998606979847
97999,0.996411442757
98000,0.994841814041
98001,0.997679948807
98002,0.998606979847
98003,0.997889041901
98004,0.998606979847
98005,0.998606979847
98006,0.998606979847
98007,0.998606979847
98008,0.99848139286
98009,0.998606979847
98010,0.99848139286
98011,0.99848139286
98012,0.996933102608
98013,0.986124753952
98014,0.996842384338
98015,0.986970126629
98016,0.985198795795
98017,0.985411703587
98018,0.995488643646
98019,0.99838078022
98020,0.994302749634
98021,0.998200654984
98022,0.99272787571
98023,0.998606979847
98024,0.985897839069
98025,0.998276054859
98026,0.9961810112
98027,0.998406648636
98028,0.991625487804
98029,0.985447943211
98030,0.998407959938
98031,0.993952155113
98032,0.996698200703
98033,0.991879403591
98034,0.997988402843
98035,0.972581028938
98036,0.998013615608
98037,0.998406648636
98038,0.989592850208
98039,0.978378355503
98040,0.998606979847
98041,0.998200654984
98042,0.998606979847
98043,0.974869191647
98044,0.997926533222
98045,0.997961580753
98046,0.998606979847
98047,0.991806387901
98048,0.994347929955
98049,0.998606979847
98050,0.946627795696
98051,0.994841814041
98052,0.989791691303
98053,0.965932905674
98054,0.998606979847
98055,0.998606979847
98056,0.995669901371
98057,0.996842384338
98058,0.998606979847
98059,0.998606979847
98060,0.994058012962
98061,0.998181462288
98062,0.998606979847
98063,0.995628535748
98064,0.998260438442
98065,0.998606979847
98066,0.984380185604
98067,0.998606979847
98068,0.998606979847
98069,0.998153328896
98070,0.996842384338
98071,0.998178064823
98072,0.990172147751
98073,0.993752777576
98074,0.99838078022
98075,0.962026119232
98076,0.998606979847
98077,0.998200178146
98078,0.979216098785
98079,0.99838078022
98080,0.988758802414
98081,0.998406648636
98082,0.990108728409
98083,0.993483781815
98084,0.997373878956
98085,0.993392109871
98086,0.998266220093
98087,0.99263459444
98088,0.998606979847
98089,0.996390998363
98090,0.99730527401
98091,0.949335694313
98092,0.995357811451
98093,0.99613493681
98094,0.926613926888
98095,0.998190522194
98096,0.998406648636
98097,0.984965920448
98098,0.998606979847
98099,0.995725095272
98100,0.987152099609
98101,0.99848139286
98102,0.95721668005
98103,0.998606979847
98104,0.99829441309
98105,0.993914842606
98106,0.998606979847
98107,0.997783958912
98108,0.996411442757
98109,0.998606979847
98110,0.94747710228
98111,0.99076706171
98112,0.998606979847
98113,0.99848139286
98114,0.998407959938
98115,0.99554425478
98116,0.995385944843
98117,0.998606979847
98118,0.990322291851
98119,0.997783958912
98120,0.998273909092
98121,0.998200178146
98122,0.998079001904
98123,0.996353328228
98124,0.984520494938
98125,0.99848139286
98126,0.998606979847
98127,0.996146798134
98128,0.998368620872
98129,0.99793946743
98130,0.993597149849
98131,0.997745871544
98132,0.894974768162
98133,0.998606979847
98134,0.982194602489
98135,0.993644297123
98136,0.993137836456
98137,0.99793946743
98138,0.998200654984
98139,0.99848139286
98140,0.99540412426
98141,0.998606979847
98142,0.859906256199
98143,0.998483419418
98144,0.994334936142
98145,0.998005568981
98146,0.998606979847
98147,0.99594938755
98148,0.998606979847
98149,0.994841814041
98150,0.990691959858
98151,0.997783958912
98152,0.998606979847
98153,0.998606979847
98154,0.99155497551
98155,0.995272696018
98156,0.998406648636
98157,0.984866559505
98158,0.997961580753
98159,0.991893827915
98160,0.991308510303
98161,0.998606979847
98162,0.99829441309
98163,0.993952572346
98164,0.994758427143
98165,0.994748234749
98166,0.997749149799
98167,0.998324692249
98168,0.995164871216
98169,0.997937142849
98170,0.99838078022
98171,0.992829561234
98172,0.995690464973
98173,0.998276054859
98174,0.995844423771
98175,0.993826210499
98176,0.998181462288
98177,0.996842384338
98178,0.998406648636
98179,0.998606979847
98180,0.995810329914
98181,0.998606979847
98182,0.976045012474
98183,0.998606979847
98184,0.978720247746
98185,0.843321502209
98186,0.992272436619
98187,0.9898904562
98188,0.996842384338
98189,0.998606979847
98190,0.958740592003
98191,0.998153328896
98192,0.998406648636
98193,0.993178665638
98194,0.977482140064
98195,0.952770471573
98196,0.989473700523
98197,0.99460953474
98198,0.998606979847
98199,0.998041689396
98200,0.998606979847
98201,0.998606979847
98202,0.998606979847
98203,0.996842384338
98204,0.998094499111
98205,0.994758427143
98206,0.997592926025
98207,0.993551790714
98208,0.998483419418
98209,0.992829561234
98210,0.998606979847
98211,0.997575700283
98212,0.992435097694
98213,0.99848139286
98214,0.998606979847
98215,0.993914842606
98216,0.998606979847
98217,0.998276054859
98218,0.992459177971
98219,0.998606979847
98220,0.986715435982
98221,0.977410674095
98222,0.995897948742
98223,0.998606979847
98224,0.997486829758
98225,0.996842384338
98226,0.99838078022
98227,0.996842384338
98228,0.997828781605
98229,0.99848139286
98230,0.998406648636
98231,0.993697524071
98232,0.998184978962
98233,0.998606979847
98234,0.97458666563
98235,0.99848139286
98236,0.985763192177
98237,0.99848139286
98238,0.998606979847
98239,0.998606979847
98240,0.98001241684
98241,0.994525492191
98242,0.984866023064
98243,0.996603786945
98244,0.998606979847
98245,0.998260438442
98246,0.99838078022
98247,0.99820047617
98248,0.997850000858
98249,0.998079001904
98250,0.998606979847
98251,0.998260438442
98252,0.998606979847
98253,0.975048661232
98254,0.963404119015
98255,0.991630613804
98256,0.998606979847
98257,0.998606979847
98258,0.99820047617
98259,0.99644446373
98260,0.990014493465
98261,0.998606979847
98262,0.996603786945
98263,0.996334016323
98264,0.998606979847
98265,0.997889041901
98266,0.998606979847
98267,0.998273909092
98268,0.996586322784
98269,0.99838078022
98270,0.99403578043
98271,0.998368620872
98272,0.944267809391
98273,0.988189220428
98274,0.998606979847
98275,0.997246146202
98276,0.998005568981
98277,0.990598797798
98278,0.996660232544
98279,0.993048906326
98280,0.997118115425
98281,0.997037529945
98282,0.998606979847
98283,0.998606979847
98284,0.91577064991
98285,0.99271351099
98286,0.994573891163
98287,0.997989296913
98288,0.998181462288
98289,0.998606979847
98290,0.995061933994
98291,0.998606979847
98292,0.997783958912
98293,0.992028236389
98294,0.998606979847
98295,0.991871297359
98296,0.998013615608
98297,0.998606979847
98298,0.995730161667
98299,0.997073888779
98300,0.998483419418
98301,0.991800963879
98302,0.998428761959
98303,0.965116083622
98304,0.998153328896
98305,0.995401382446
98306,0.996586322784
98307,0.979904651642
98308,0.998364388943
98309,0.99793946743
98310,0.995997309685
98311,0.983240187168
98312,0.995035707951
98313,0.998606979847
98314,0.997988402843
98315,0.99848139286
98316,0.986067831516
98317,0.996146798134
98318,0.991777837276
98319,0.998153328896
98320,0.998606979847
98321,0.998184978962
98322,0.998483419418
98323,0.998606979847
98324,0.998407959938
98325,0.998406648636
98326,0.997855246067
98327,0.998406648636
98328,0.998406648636
98329,0.998606979847
98330,0.998054504395
98331,0.998606979847
98332,0.992193579674
98333,0.998368620872
98334,0.994985103607
98335,0.995636641979
98336,0.995801329613
98337,0.993048906326
98338,0.996660232544
98339,0.998606979847
98340,0.994518518448
98341,0.99848139286
98342,0.998606979847
98343,0.996339023113
98344,0.99848139286
98345,0.996562898159
98346,0.994300663471
98347,0.98967808485
98348,0.99848139286
98349,0.998483419418
98350,0.998102426529
98351,0.994375705719
98352,0.990330159664
98353,0.988608598709
98354,0.990172147751
98355,0.99848139286
98356,0.99726164341
98357,0.991871297359
98358,0.98963278532
98359,0.998406648636
98360,0.998483419418
98361,0.998483419418
98362,0.993048906326
98363,0.985614836216
98364,0.997967541218
98365,0.998606979847
98366,0.99848139286
98367,0.998606979847
98368,0.99635964632
98369,0.997065186501
98370,0.99793946743
98371,0.99848139286
98372,0.994906306267
98373,0.994669616222
98374,0.992958843708
98375,0.998606979847
98376,0.99838078022
98377,0.997900903225
98378,0.998606979847
98379,0.97907269001
98380,0.998276054859
98381,0.99838078022
98382,0.992279827595
98383,0.990472853184
98384,0.98450922966
98385,0.998606979847
98386,0.998606979847
98387,0.99829441309
98388,0.994841814041
98389,0.995879232883
98390,0.99224114418
98391,0.99848139286
98392,0.998407959938
98393,0.997788965702
98394,0.998606979847
98395,0.992883503437
98396,0.998606979847
98397,0.99848139286
98398,0.998276054859
98399,0.998081326485
98400,0.95962202549
98401,0.989914417267
98402,0.998606979847
98403,0.996411442757
98404,0.998606979847
98405,0.997574031353
98406,0.997703015804
98407,0.998606979847
98408,0.997988402843
98409,0.993141293526
98410,0.99793946743
98411,0.998606979847
98412,0.993826210499
98413,0.998483419418
98414,0.998368620872
98415,0.99848139286
98416,0.998606979847
98417,0.987825930119
98418,0.935928881168
98419,0.971481740475
98420,0.998606979847
98421,0.997734487057
98422,0.998368620872
98423,0.99375975132
98424,0.99508947134
98425,0.847314715385
98426,0.993489563465
98427,0.989893317223
98428,0.992172002792
98429,0.995097160339
98430,0.99848139286
98431,0.998220264912
98432,0.998200654984
98433,0.989475786686
98434,0.998606979847
98435,0.998081028461
98436,0.998153328896
98437,0.992829561234
98438,0.998606979847
98439,0.998260438442
98440,0.99793946743
98441,0.991422832012
98442,0.949179828167
98443,0.998200654984
98444,0.998129248619
98445,0.998081982136
98446,0.976577460766
98447,0.998428761959
98448,0.991680026054
98449,0.998260438442
98450,0.994987726212
98451,0.997745871544
98452,0.98372644186
98453,0.99848139286
98454,0.998145222664
98455,0.992740154266
98456,0.998483419418
98457,0.998606979847
98458,0.998406648636
98459,0.99644446373
98460,0.985449612141
98461,0.997783958912
98462,0.987964034081
98463,0.981589615345
98464,0.99010181427
98465,0.971191525459
98466,0.998606979847
98467,0.99848139286
98468,0.975850999355
98469,0.99554425478
98470,0.998273909092
98471,0.998606979847
98472,0.990455806255
98473,0.998606979847
98474,0.994916439056
98475,0.994375705719
98476,0.998606979847
98477,0.996027112007
98478,0.991182327271
98479,0.978793263435
98480,0.893492102623
98481,0.99644446373
98482,0.997575700283
98483,0.99337297678
98484,0.998606979847
98485,0.998606979847
98486,0.997629582882
98487,0.993551790714
98488,0.994181513786
98489,0.99210113287
98490,0.995496213436
98491,0.989323139191
98492,0.991671741009
98493,0.998606979847
98494,0.998606979847
98495,0.996904432774
98496,0.993352651596
98497,0.99644446373
98498,0.99838078022
98499,0.99848139286
98500,0.99829441309
98501,0.996603786945
98502,0.980101823807
98503,0.997486829758
98504,0.998606979847
98505,0.948608398438
98506,0.998406648636
98507,0.981190025806
98508,0.996411442757
98509,0.998276054859
98510,0.998606979847
98511,0.99829441309
98512,0.996411442757
98513,0.998606979847
98514,0.988342106342
98515,0.995733082294
98516,0.998406648636
98517,0.99594938755
98518,0.998606979847
98519,0.957622528076
98520,0.998227238655
98521,0.997708141804
98522,0.994441688061
98523,0.99848139286
98524,0.996603786945
98525,0.998606979847
98526,0.99838078022
98527,0.998606979847
98528,0.993826210499
98529,0.992829561234
98530,0.995061933994
98531,0.998606979847
98532,0.998184978962
98533,0.998606979847
98534,0.994525492191
98535,0.99245017767
98536,0.99848139286
98537,0.997783958912
98538,0.993135869503
98539,0.997145712376
98540,0.99848139286
98541,0.973675251007
98542,0.998260438442
98543,0.99325633049
98544,0.99263459444
98545,0.992716789246
98546,0.940189063549
98547,0.99554425478
98548,0.998260438442
98549,0.998022079468
98550,0.998406648636
98551,0.998273909092
98552,0.996407032013
98553,0.998153328896
98554,0.998606979847
98555,0.967606306076
98556,0.994300663471
98557,0.978216826916
98558,0.988179206848
98559,0.992947757244
98560,0.884946942329
98561,0.992823898792
98562,0.996842384338
98563,0.998079001904
98564,0.998606979847
98565,0.99793946743
98566,0.998407959938
98567,0.997822642326
98568,0.998606979847
98569,0.998406648636
98570,0.952420890331
98571,0.997615814209
98572,0.994916439056
98573,0.993668198586
98574,0.990745544434
98575,0.998606979847
98576,0.995393812656
98577,0.997114419937
98578,0.998368620872
98579,0.998368620872
98580,0.93787753582
98581,0.998606979847
98582,0.99709379673
98583,0.996842384338
98584,0.973917543888
98585,0.99793946743
98586,0.998483419418
98587,0.998606979847
98588,0.99820047617
98589,0.998606979847
98590,0.998606979847
98591,0.994540989399
98592,0.99635130167
98593,0.98142439127
98594,0.998153328896
98595,0.994704902172
98596,0.99848139286
98597,0.996842384338
98598,0.998407959938
98599,0.992829561234
98600,0.996842384338
98601,0.99793946743
98602,0.992400109768
98603,0.998606979847
98604,0.995678424835
98605,0.997370183468
98606,0.986029028893
98607,0.988103747368
98608,0.99613493681
98609,0.998407959938
98610,0.995914697647
98611,0.991175174713
98612,0.991143465042
98613,0.993914842606
98614,0.994262695312
98615,0.99793946743
98616,0.992903709412
98617,0.99000120163
98618,0.994311511517
98619,0.99804186821
98620,0.998606979847
98621,0.989465296268
98622,0.988160967827
98623,0.995844423771
98624,0.997783958912
98625,0.991687476635
98626,0.98299062252
98627,0.998606979847
98628,0.998606979847
98629,0.990372359753
98630,0.998606979847
98631,0.940541863441
98632,0.998216986656
98633,0.993293881416
98634,0.998606979847
98635,0.992130279541
98636,0.998606979847
98637,0.997533380985
98638,0.998606979847
98639,0.996842384338
98640,0.998064756393
98641,0.998406648636
98642,0.998145222664
98643,0.994143724442
98644,0.998606979847
98645,0.98826944828
98646,0.987776696682
98647,0.998606979847
98648,0.998406648636
98649,0.998606979847
98650,0.997446119785
98651,0.998057365417
98652,0.998406648636
98653,0.998606979847
98654,0.996309936047
98655,0.99848139286
98656,0.998013615608
98657,0.990425884724
98658,0.995867490768
98659,0.998483419418
98660,0.931665956974
98661,0.987321138382
98662,0.997320652008
98663,0.998606979847
98664,0.992829561234
98665,0.984528183937
98666,0.983964502811
98667,0.998483419418
98668,0.986519813538
98669,0.998324692249
98670,0.998606979847
98671,0.998606979847
98672,0.99848139286
98673,0.996644258499
98674,0.998606979847
98675,0.993729770184
98676,0.99848139286
98677,0.998606979847
98678,0.993240177631
98679,0.997208058834
98680,0.998606979847
98681,0.99829441309
98682,0.990916788578
98683,0.989592850208
98684,0.99829441309
98685,0.997121989727
98686,0.998606979847
98687,0.986961781979
98688,0.992820084095
98689,0.996603786945
98690,0.997329175472
98691,0.998276054859
98692,0.993807435036
98693,0.99838078022
98694,0.996842384338
98695,0.998302519321
98696,0.998606979847
98697,0.997621715069
98698,0.99848139286
98699,0.994678735733
98700,0.973666548729
98701,0.998483419418
98702,0.998606979847
98703,0.998606979847
98704,0.982453048229
98705,0.974302530289
98706,0.994268000126
98707,0.996353328228
98708,0.996603786945
98709,0.99829441309
98710,0.990265846252
98711,0.99848139286
98712,0.99578422308
98713,0.994437396526
98714,0.995526850224
98715,0.998352825642
98716,0.99848139286
98717,0.998606979847
98718,0.99801248312
98719,0.987686216831
98720,0.998606979847
98721,0.992947757244
98722,0.997700989246
98723,0.998145222664
98724,0.988045632839
98725,0.998606979847
98726,0.997828781605
98727,0.998606979847
98728,0.99263459444
98729,0.997988402843
98730,0.995520114899
98731,0.998606979847
98732,0.992974102497
98733,0.998606979847
98734,0.99848139286
98735,0.998243689537
98736,0.949121713638
98737,0.998606979847
98738,0.945583701134
98739,0.998155415058
98740,0.988758802414
98741,0.992829561234
98742,0.998200654984
98743,0.98783326149
98744,0.994246125221
98745,0.99793946743
98746,0.997172415257
98747,0.99644446373
98748,0.994643688202
98749,0.991576969624
98750,0.990838348866
98751,0.996706962585
98752,0.98749512434
98753,0.996334016323
98754,0.998153328896
98755,0.993619561195
98756,0.991540431976
98757,0.998606979847
98758,0.993333280087
98759,0.994908452034
98760,0.998181462288
98761,0.997485339642
98762,0.994720578194
98763,0.996027112007
98764,0.998606979847
98765,0.99801248312
98766,0.998406648636
98767,0.99848139286
98768,0.998054504395
98769,0.998606979847
98770,0.991613745689
98771,0.997889041901
98772,0.992994964123
98773,0.998606979847
98774,0.993826210499
98775,0.998260438442
98776,0.993048906326
98777,0.992393434048
98778,0.996140956879
98779,0.998220264912
98780,0.988276660442
98781,0.991301476955
98782,0.998407959938
98783,0.998606979847
98784,0.997373878956
98785,0.99561393261
98786,0.998606979847
98787,0.998606979847
98788,0.99838078022
98789,0.998022079468
98790,0.973095178604
98791,0.983242988586
98792,0.991934776306
98793,0.998483419418
98794,0.99848139286
98795,0.96583044529
98796,0.998606979847
98797,0.991127431393
98798,0.982500195503
98799,0.998606979847
98800,0.98601347208
98801,0.998407959938
98802,0.977783679962
98803,0.99829441309
98804,0.993519663811
98805,0.998428761959
98806,0.994103848934
98807,0.998606979847
98808,0.972260177135
98809,0.992298007011
98810,0.996007800102
98811,0.986393451691
98812,0.994462072849
98813,0.998407959938
98814,0.99793946743
98815,0.992699742317
98816,0.995897948742
98817,0.998407959938
98818,0.998079001904
98819,0.95051586628
98820,0.99848139286
98821,0.989728569984
98822,0.997968196869
98823,0.991605639458
98824,0.995690584183
98825,0.996027112007
98826,0.99848139286
98827,0.99848139286
98828,0.998368620872
98829,0.99793946743
98830,0.996842384338
98831,0.98686850071
98832,0.987608492374
98833,0.998606979847
98834,0.998606979847
98835,0.993375957012
98836,0.998606979847
98837,0.996493279934
98838,0.97913146019
98839,0.993375957012
98840,0.821691155434
98841,0.998102426529
98842,0.994103848934
98843,0.998054504395
98844,0.998606979847
98845,0.985930144787
98846,0.997658550739
98847,0.983572304249
98848,0.99848139286
98849,0.998081982136
98850,0.99848139286
98851,0.97911208868
98852,0.998054504395
98853,0.998606979847
98854,0.998220264912
98855,0.993255913258
98856,0.988488018513
98857,0.992323517799
98858,0.992437601089
98859,0.998606979847
98860,0.987608492374
98861,0.998606979847
98862,0.997685015202
98863,0.998606979847
98864,0.99792098999
98865,0.998606979847
98866,0.998606979847
98867,0.989554405212
98868,0.995464742184
98869,0.998606979847
98870,0.993218541145
98871,0.992664337158
98872,0.99259531498
98873,0.906955718994
98874,0.998200654984
98875,0.998606979847
98876,0.998606979847
98877,0.985926747322
98878,0.998606979847
98879,0.998407959938
98880,0.986675143242
98881,0.995117902756
98882,0.993012547493
98883,0.997850000858
98884,0.990045070648
98885,0.993480682373
98886,0.99644446373
98887,0.995459735394
98888,0.99829441309
98889,0.990719258785
98890,0.998606979847
98891,0.986777484417
98892,0.986732244492
98893,0.998220264912
98894,0.998606979847
98895,0.998406648636
98896,0.998606979847
98897,0.998606979847
98898,0.998606979847
98899,0.909456253052
98900,0.996001303196
98901,0.998147547245
98902,0.995061933994
98903,0.98461830616
98904,0.998606979847
98905,0.99644446373
98906,0.998606979847
98907,0.998606979847
98908,0.993402183056
98909,0.998407959938
98910,0.996353328228
98911,0.998293995857
98912,0.997903585434
98913,0.968966722488
98914,0.996586322784
98915,0.975033044815
98916,0.992947757244
98917,0.991972327232
98918,0.998134315014
98919,0.981113016605
98920,0.983314335346
98921,0.997708141804
98922,0.998606979847
98923,0.673922240734
98924,0.990215837955
98925,0.998273909092
98926,0.998483419418
98927,0.998606979847
98928,0.99848139286
98929,0.99848139286
98930,0.962241172791
98931,0.995922982693
98932,0.935156464577
98933,0.996146798134
98934,0.998606979847
98935,0.996062517166
98936,0.99076706171
98937,0.961472392082
98938,0.998079001904
98939,0.998606979847
98940,0.998606979847
98941,0.99848139286
98942,0.989542245865
98943,0.99432772398
98944,0.969594061375
98945,0.99644446373
98946,0.996842384338
98947,0.993826210499
98948,0.998606979847
98949,0.983599960804
98950,0.99848139286
98951,0.998483419418
98952,0.998181462288
98953,0.994836211205
98954,0.99554425478
98955,0.994040966034
98956,0.998181462288
98957,0.981285631657
98958,0.998606979847
98959,0.998606979847
98960,0.996027112007
98961,0.997464060783
98962,0.992716789246
98963,0.998606979847
98964,0.99076706171
98965,0.998606979847
98966,0.998606979847
98967,0.960247218609
98968,0.998406648636
98969,0.951508760452
98970,0.991143465042
98971,0.998406648636
98972,0.994392454624
98973,0.997615814209
98974,0.989749610424
98975,0.998406648636
98976,0.998606979847
98977,0.998606979847
98978,0.992716789246
98979,0.993013441563
98980,0.991965353489
98981,0.990705966949
98982,0.99848139286
98983,0.993866801262
98984,0.963826298714
98985,0.987918674946
98986,0.997746109962
98987,0.998606979847
98988,0.99793946743
98989,0.99829441309
98990,0.995186090469
98991,0.996411442757
98992,0.992716789246
98993,0.849857330322
98994,0.944600462914
98995,0.998606979847
98996,0.995844423771
98997,0.99838078022
98998,0.998483419418
98999,0.998406648636
99000,0.98609995842
99001,0.997510671616
99002,0.96710062027
99003,0.842297673225
99004,0.995803892612
99005,0.998606979847
99006,0.994678735733
99007,0.998606979847
99008,0.998260438442
99009,0.994300663471
99010,0.998145222664
99011,0.998406648636
99012,0.994758427143
99013,0.997713804245
99014,0.998428761959
99015,0.998364388943
99016,0.99635130167
99017,0.998606979847
99018,0.998606979847
99019,0.990272879601
99020,0.980242431164
99021,0.998606979847
99022,0.996698200703
99023,0.997988402843
99024,0.992336511612
99025,0.997399926186
99026,0.99848139286
99027,0.995825171471
99028,0.996603786945
99029,0.992614209652
99030,0.998606979847
99031,0.998406648636
99032,0.993375957012
99033,0.99848139286
99034,0.786998152733
99035,0.827033758163
99036,0.998606979847
99037,0.992193877697
99038,0.98990291357
99039,0.986952602863
99040,0.99792098999
99041,0.995458245277
99042,0.998606979847
99043,0.998606979847
99044,0.994259893894
99045,0.998606979847
99046,0.989826023579
99047,0.997900903225
99048,0.992657363415
99049,0.998260438442
99050,0.997464060783
99051,0.997475922108
99052,0.992571413517
99053,0.992829561234
99054,0.991435945034
99055,0.996027112007
99056,0.998606979847
99057,0.979110658169
99058,0.998081326485
99059,0.99848139286
99060,0.998406648636
99061,0.998181462288
99062,0.998145222664
99063,0.998606979847
99064,0.996334016323
99065,0.992740154266
99066,0.998200654984
99067,0.997841417789
99068,0.998606979847
99069,0.998606979847
99070,0.993826210499
99071,0.994781076908
99072,0.998606979847
99073,0.981998503208
99074,0.998606979847
99075,0.998406648636
99076,0.995904564857
99077,0.998606979847
99078,0.994231045246
99079,0.997828781605
99080,0.994102656841
99081,0.998047590256
99082,0.997828781605
99083,0.998606979847
99084,0.994841814041
99085,0.954209387302
99086,0.99263459444
99087,0.99848139286
99088,0.99793946743
99089,0.998276054859
99090,0.998606979847
99091,0.986741960049
99092,0.998606979847
99093,0.988859593868
99094,0.997311890125
99095,0.990350246429
99096,0.95732575655
99097,0.997852921486
99098,0.997879803181
99099,0.991934776306
99100,0.992947757244
99101,0.99788749218
99102,0.992614209652
99103,0.98943901062
99104,0.989041268826
99105,0.998606979847
99106,0.99351143837
99107,0.998606979847
99108,0.996353328228
99109,0.997783958912
99110,0.997783958912
99111,0.996852695942
99112,0.992321908474
99113,0.99838078022
99114,0.965443313122
99115,0.985750436783
99116,0.998606979847
99117,0.99829441309
99118,0.99848139286
99119,0.98361325264
99120,0.99793946743
99121,0.990385711193
99122,0.91071331501
99123,0.997828781605
99124,0.998606979847
99125,0.996138811111
99126,0.995257675648
99127,0.994694232941
99128,0.985614836216
99129,0.995883405209
99130,0.993375957012
99131,0.992328345776
99132,0.99848139286
99133,0.980453372002
99134,0.998483419418
99135,0.998606979847
99136,0.997961580753
99137,0.998406648636
99138,0.993826210499
99139,0.980608701706
99140,0.99848139286
99141,0.993914842606
99142,0.995189845562
99143,0.951061964035
99144,0.997988402843
99145,0.993048906326
99146,0.998428761959
99147,0.998145222664
99148,0.998220264912
99149,0.997473359108
99150,0.993178665638
99151,0.995924890041
99152,0.987180650234
99153,0.995357811451
99154,0.994612574577
99155,0.998022079468
99156,0.998606979847
99157,0.996034264565
99158,0.995117902756
99159,0.998368620872
99160,0.998406648636
99161,0.992767930031
99162,0.954931080341
99163,0.996353328228
99164,0.998260438442
99165,0.998606979847
99166,0.992947757244
99167,0.989286482334
99168,0.99848139286
99169,0.998406648636
99170,0.998606979847
99171,0.99848139286
99172,0.99224114418
99173,0.998606979847
99174,0.99848139286
99175,0.997903585434
99176,0.998606979847
99177,0.994758427143
99178,0.99793946743
99179,0.998606979847
99180,0.998022079468
99181,0.99838078022
99182,0.99554425478
99183,0.992966175079
99184,0.99838078022
99185,0.998153328896
99186,0.99554592371
99187,0.998081326485
99188,0.904912114143
99189,0.992829561234
99190,0.995678424835
99191,0.997621715069
99192,0.997574031353
99193,0.998606979847
99194,0.998606979847
99195,0.998606979847
99196,0.994592428207
99197,0.997745871544
99198,0.998483419418
99199,0.992829561234
99200,0.981487810612
99201,0.986613333225
99202,0.995839595795
99203,0.99848139286
99204,0.997820913792
99205,0.990780174732
99206,0.99848139286
99207,0.997858762741
99208,0.983162522316
99209,0.998606979847
99210,0.957708358765
99211,0.998606979847
99212,0.998606979847
99213,0.998606979847
99214,0.99793946743
99215,0.998606979847
99216,0.998406648636
99217,0.997988402843
99218,0.998079001904
99219,0.997783958912
99220,0.998606979847
99221,0.99594938755
99222,0.944605588913
99223,0.99263459444
99224,0.998483419418
99225,0.995609223843
99226,0.984689950943
99227,0.976477026939
99228,0.998483419418
99229,0.975462675095
99230,0.993139624596
99231,0.988751649857
99232,0.998190522194
99233,0.995615839958
99234,0.992077231407
99235,0.996842384338
99236,0.989913702011
99237,0.998406648636
99238,0.998606979847
99239,0.992369413376
99240,0.998606979847
99241,0.99848139286
99242,0.993440628052
99243,0.989316821098
99244,0.998302519321
99245,0.998037517071
99246,0.99793946743
99247,0.998606979847
99248,0.998606979847
99249,0.993822157383
99250,0.996842384338
99251,0.997475922108
99252,0.998606979847
99253,0.998606979847
99254,0.99820047617
99255,0.989842712879
99256,0.998606979847
99257,0.992020487785
99258,0.998406648636
99259,0.993021190166
99260,0.998260438442
99261,0.99770206213
99262,0.99644446373
99263,0.997682273388
99264,0.992787539959
99265,0.990705966949
99266,0.997788965702
99267,0.998220264912
99268,0.992401659489
99269,0.998606979847
99270,0.992618441582
99271,0.997783958912
99272,0.96613830328
99273,0.987760066986
99274,0.998606979847
99275,0.998407959938
99276,0.997900903225
99277,0.998606979847
99278,0.998368620872
99279,0.992829561234
99280,0.997600913048
99281,0.995901405811
99282,0.973600566387
99283,0.990910947323
99284,0.946767508984
99285,0.956543385983
99286,0.987868130207
99287,0.997713565826
99288,0.993048906326
99289,0.978527128696
99290,0.995874881744
99291,0.99838078022
99292,0.997393488884
99293,0.976804673672
99294,0.963114500046
99295,0.991370260715
99296,0.998606979847
99297,0.998153328896
99298,0.998276054859
99299,0.996842384338
99300,0.994099259377
99301,0.994375705719
99302,0.996842384338
99303,0.99804186821
99304,0.993826687336
99305,0.998220264912
99306,0.998606979847
99307,0.998081326485
99308,0.998606979847
99309,0.998181462288
99310,0.99848139286
99311,0.978605806828
99312,0.995924890041
99313,0.990172147751
99314,0.994103848934
99315,0.997464060783
99316,0.998200654984
99317,0.998606979847
99318,0.998606979847
99319,0.99838078022
99320,0.990806818008
99321,0.964399933815
99322,0.992702722549
99323,0.998606979847
99324,0.99782294035
99325,0.997783958912
99326,0.993285596371
99327,0.997037529945
99328,0.998406648636
99329,0.992389976978
99330,0.996586322784
99331,0.998216986656
99332,0.997464060783
99333,0.998606979847
99334,0.99848139286
99335,0.985457241535
99336,0.93728530407
99337,0.997815132141
99338,0.994622707367
99339,0.988223731518
99340,0.99848139286
99341,0.932092666626
99342,0.99838078022
99343,0.974192798138
99344,0.998352825642
99345,0.995153784752
99346,0.998606979847
99347,0.996603786945
99348,0.982397437096
99349,0.997573792934
99350,0.993551790714
99351,0.998064756393
99352,0.998606979847
99353,0.99829441309
99354,0.998606979847
99355,0.997778773308
99356,0.996603786945
99357,0.998406648636
99358,0.996027112007
99359,0.998220264912
99360,0.998406648636
99361,0.978265762329
99362,0.994143724442
99363,0.998606979847
99364,0.994290411472
99365,0.990853428841
99366,0.998352825642
99367,0.99848139286
99368,0.998606979847
99369,0.997900903225
99370,0.998483419418
99371,0.998606979847
99372,0.99679017067
99373,0.998606979847
99374,0.681108593941
99375,0.959591448307
99376,0.993276536465
99377,0.996027112007
99378,0.998606979847
99379,0.99820047617
99380,0.99838078022
99381,0.998606979847
99382,0.998407959938
99383,0.998606979847
99384,0.99838078022
99385,0.995571017265
99386,0.998606979847
99387,0.998483419418
99388,0.998606979847
99389,0.998606979847
99390,0.987853169441
99391,0.998606979847
99392,0.985223591328
99393,0.991128146648
99394,0.996586322784
99395,0.998483419418
99396,0.998606979847
99397,0.997123718262
99398,0.997887313366
99399,0.996164977551
99400,0.99848139286
99401,0.996925890446
99402,0.927400171757
99403,0.995351314545
99404,0.995996117592
99405,0.998013615608
99406,0.998266220093
99407,0.995516598225
99408,0.995364427567
99409,0.993826210499
99410,0.9974411726
99411,0.998483419418
99412,0.987360715866
99413,0.973370432854
99414,0.99838078022
99415,0.998364388943
99416,0.996027112007
99417,0.938605666161
99418,0.99829441309
99419,0.99838078022
99420,0.998094499111
99421,0.992829561234
99422,0.998172521591
99423,0.998483419418
99424,0.99838078022
99425,0.993255913258
99426,0.992614209652
99427,0.99259531498
99428,0.998606979847
99429,0.998483419418
99430,0.993305444717
99431,0.998606979847
99432,0.993178665638
99433,0.998606979847
99434,0.993278801441
99435,0.982740819454
99436,0.996603786945
99437,0.998606979847
99438,0.993301987648
99439,0.99641007185
99440,0.997828781605
99441,0.99263459444
99442,0.988931834698
99443,0.998606979847
99444,0.99014800787
99445,0.998606979847
99446,0.995472192764
99447,0.995267987251
99448,0.991586685181
99449,0.990258395672
99450,0.97118729353
99451,0.997828781605
99452,0.995209872723
99453,0.998606979847
99454,0.997866868973
99455,0.998054504395
99456,0.996842384338
99457,0.9848960042
99458,0.992296934128
99459,0.998200654984
99460,0.998606979847
99461,0.993952155113
99462,0.997783958912
99463,0.981106579304
99464,0.998606979847
99465,0.99100202322
99466,0.998102426529
99467,0.974063277245
99468,0.949518382549
99469,0.995825171471
99470,0.990533709526
99471,0.992244899273
99472,0.998309850693
99473,0.993620932102
99474,0.998606979847
99475,0.998368620872
99476,0.996842384338
99477,0.998153328896
99478,0.979345560074
99479,0.99848139286
99480,0.990705966949
99481,0.986586630344
99482,0.99614328146
99483,0.985855937004
99484,0.996676921844
99485,0.992829561234
99486,0.998181462288
99487,0.998606979847
99488,0.998606979847
99489,0.987677574158
99490,0.998483419418
99491,0.998220264912
99492,0.998260438442
99493,0.998200654984
99494,0.998483419418
99495,0.996860206127
99496,0.988276660442
99497,0.998606979847
99498,0.99838078022
99499,0.993375957012
99500,0.99793946743
99501,0.94240385294
99502,0.99848139286
99503,0.998606979847
99504,0.99848139286
99505,0.998483419418
99506,0.998220264912
99507,0.992261469364
99508,0.995839357376
99509,0.998606979847
99510,0.998606979847
99511,0.986630380154
99512,0.998407959938
99513,0.998220264912
99514,0.998606979847
99515,0.981832563877
99516,0.993914842606
99517,0.991613745689
99518,0.997592926025
99519,0.998606979847
99520,0.99848139286
99521,0.99317163229
99522,0.997783958912
99523,0.986084759235
99524,0.937684595585
99525,0.993695139885
99526,0.99838078022
99527,0.932800173759
99528,0.994542181492
99529,0.992172002792
99530,0.99848139286
99531,0.95272988081
99532,0.998273909092
99533,0.998606979847
99534,0.998606979847
99535,0.99040979147
99536,0.993564546108
99537,0.998155415058
99538,0.998293995857
99539,0.99793946743
99540,0.996466219425
99541,0.995257675648
99542,0.998606979847
99543,0.966285645962
99544,0.992961883545
99545,0.99793946743
99546,0.998606979847
99547,0.998227238655
99548,0.996353328228
99549,0.997951805592
99550,0.993271529675
99551,0.998606979847
99552,0.99793946743
99553,0.992716789246
99554,0.997828781605
99555,0.998606979847
99556,0.998606979847
99557,0.99359691143
99558,0.956106901169
99559,0.99848139286
99560,0.984460175037
99561,0.99838078022
99562,0.998606979847
99563,0.991934776306
99564,0.997615814209
99565,0.998606979847
99566,0.971252739429
99567,0.998406648636
99568,0.998406648636
99569,0.99263459444
99570,0.991308510303
99571,0.886659324169
99572,0.998606979847
99573,0.997788965702
99574,0.998200654984
99575,0.998606979847
99576,0.919066786766
99577,0.99644446373
99578,0.985301077366
99579,0.997788965702
99580,0.996603786945
99581,0.993906497955
99582,0.978161990643
99583,0.998606979847
99584,0.997783362865
99585,0.992090702057
99586,0.994081020355
99587,0.998606979847
99588,0.992677569389
99589,0.985980510712
99590,0.99848139286
99591,0.921537876129
99592,0.998013615608
99593,0.827611207962
99594,0.992947757244
99595,0.998606979847
99596,0.998606979847
99597,0.989831209183
99598,0.99259531498
99599,0.99848139286
99600,0.998606979847
99601,0.992947757244
99602,0.992829561234
99603,0.991352856159
99604,0.992947757244
99605,0.994841814041
99606,0.963198184967
99607,0.998276054859
99608,0.989780008793
99609,0.994786322117
99610,0.939284861088
99611,0.997464060783
99612,0.998364388943
99613,0.998606979847
99614,0.998028457165
99615,0.99829441309
99616,0.996390998363
99617,0.993048906326
99618,0.99467253685
99619,0.997906982899
99620,0.998094499111
99621,0.99848139286
99622,0.993826210499
99623,0.992926299572
99624,0.996015369892
99625,0.997558534145
99626,0.997574031353
99627,0.991085469723
99628,0.99838078022
99629,0.994145750999
99630,0.982544243336
99631,0.992561161518
99632,0.993364036083
99633,0.998407959938
99634,0.996842384338
99635,0.948740661144
99636,0.984661102295
99637,0.988765478134
99638,0.994356393814
99639,0.99521791935
99640,0.983447492123
99641,0.993824005127
99642,0.996027112007
99643,0.998364388943
99644,0.99316906929
99645,0.986906409264
99646,0.99838078022
99647,0.957815945148
99648,0.980388641357
99649,0.991049647331
99650,0.998606979847
99651,0.98925447464
99652,0.974138319492
99653,0.998407959938
99654,0.995243489742
99655,0.99838078022
99656,0.99793946743
99657,0.996390998363
99658,0.992977797985
99659,0.992614209652
99660,0.998606979847
99661,0.992507874966
99662,0.998368620872
99663,0.997485339642
99664,0.994403541088
99665,0.983774721622
99666,0.986030161381
99667,0.989472031593
99668,0.998068809509
99669,0.959921061993
99670,0.92226678133
99671,0.99323707819
99672,0.991753101349
99673,0.998407959938
99674,0.994841814041
99675,0.998483419418
99676,0.996390998363
99677,0.998606979847
99678,0.992269456387
99679,0.990034103394
99680,0.963053822517
99681,0.995849609375
99682,0.997018873692
99683,0.987625777721
99684,0.996603786945
99685,0.998606979847
99686,0.994841814041
99687,0.998483419418
99688,0.994441688061
99689,0.992829561234
99690,0.998606979847
99691,0.992740154266
99692,0.981518268585
99693,0.986630380154
99694,0.990145981312
99695,0.997858762741
99696,0.986630380154
99697,0.998606979847
99698,0.997889041901
99699,0.992897689342
99700,0.998302519321
99701,0.9832649827
99702,0.97861379385
99703,0.997900903225
99704,0.99848139286
99705,0.998606979847
99706,0.992614209652
99707,0.996027112007
99708,0.995117902756
99709,0.992439091206
99710,0.995897114277
99711,0.998081326485
99712,0.998406648636
99713,0.997661352158
99714,0.994040966034
99715,0.998606979847
99716,0.99848139286
99717,0.998220264912
99718,0.998606979847
99719,0.997621715069
99720,0.997225165367
99721,0.998606979847
99722,0.998483419418
99723,0.994712233543
99724,0.998606979847
99725,0.998112678528
99726,0.993413865566
99727,0.992283403873
99728,0.997457504272
99729,0.998184978962
99730,0.995472192764
99731,0.998081326485
99732,0.99276214838
99733,0.998606979847
99734,0.998428761959
99735,0.997679948807
99736,0.998407959938
99737,0.991142272949
99738,0.998153328896
99739,0.998606979847
99740,0.99494189024
99741,0.998153328896
99742,0.997889816761
99743,0.998606979847
99744,0.998606979847
99745,0.993603289127
99746,0.99155241251
99747,0.993722617626
99748,0.998606979847
99749,0.998200654984
99750,0.994534313679
99751,0.964031815529
99752,0.998606979847
99753,0.997464060783
99754,0.998606979847
99755,0.965591192245
99756,0.968973755836
99757,0.955687999725
99758,0.994554698467
99759,0.99848139286
99760,0.992716789246
99761,0.995321452618
99762,0.949496865273
99763,0.955875515938
99764,0.998606979847
99765,0.99793946743
99766,0.998606979847
99767,0.993826210499
99768,0.998483419418
99769,0.993594884872
99770,0.998606979847
99771,0.991694509983
99772,0.97747451067
99773,0.961380839348
99774,0.994525492191
99775,0.998606979847
99776,0.996182441711
99777,0.988023102283
99778,0.997783958912
99779,0.998606979847
99780,0.993525981903
99781,0.989798247814
99782,0.991182029247
99783,0.981814205647
99784,0.998013615608
99785,0.982288360596
99786,0.998368620872
99787,0.995897948742
99788,0.998364388943
99789,0.998153328896
99790,0.998606979847
99791,0.998483419418
99792,0.981303930283
99793,0.997783958912
99794,0.998406648636
99795,0.998406648636
99796,0.997190058231
99797,0.993215322495
99798,0.998606979847
99799,0.989032447338
99800,0.99271351099
99801,0.967186689377
99802,0.998364388943
99803,0.99782294035
99804,0.99848139286
99805,0.988165974617
99806,0.992546677589
99807,0.993826210499
99808,0.995751619339
99809,0.991762518883
99810,0.995922982693
99811,0.99793946743
99812,0.993722617626
99813,0.978605806828
99814,0.995216012001
99815,0.993603289127
99816,0.99793946743
99817,0.998200654984
99818,0.993096828461
99819,0.993085086346
99820,0.998200654984
99821,0.99848139286
99822,0.998407959938
99823,0.996027112007
99824,0.939125597477
99825,0.997791826725
99826,0.998406648636
99827,0.997828781605
99828,0.994387745857
99829,0.994758427143
99830,0.998483419418
99831,0.987535715103
99832,0.992046952248
99833,0.997855246067
99834,0.997781097889
99835,0.990089774132
99836,0.99679017067
99837,0.998606979847
99838,0.998054504395
99839,0.991914272308
99840,0.992527723312
99841,0.998406648636
99842,0.998364388943
99843,0.998606979847
99844,0.998606979847
99845,0.998276054859
99846,0.994758427143
99847,0.996842384338
99848,0.947612762451
99849,0.998606979847
99850,0.991837501526
99851,0.992740154266
99852,0.996076047421
99853,0.998145222664
99854,0.992314577103
99855,0.991143465042
99856,0.99848139286
99857,0.997937142849
99858,0.991413116455
99859,0.99793946743
99860,0.99793946743
99861,0.989406347275
99862,0.996411442757
99863,0.996842384338
99864,0.996586322784
99865,0.998153328896
99866,0.945333898067
99867,0.992614209652
99868,0.996027112007
99869,0.995437681675
99870,0.998606979847
99871,0.998302519321
99872,0.998606979847
99873,0.99240732193
99874,0.953222215176
99875,0.989738285542
99876,0.974177896976
99877,0.974973738194
99878,0.998606979847
99879,0.998200178146
99880,0.998606979847
99881,0.997783958912
99882,0.998407959938
99883,0.982054173946
99884,0.998406648636
99885,0.998606979847
99886,0.997855246067
99887,0.998606979847
99888,0.998200654984
99889,0.998606979847
99890,0.998606979847
99891,0.99387127161
99892,0.998406648636
99893,0.986849248409
99894,0.997816681862
99895,0.992829561234
99896,0.99848139286
99897,0.998155415058
99898,0.998081326485
99899,0.998200654984
99900,0.992823898792
99901,0.934572994709
99902,0.998153328896
99903,0.990172147751
99904,0.962622404099
99905,0.998145222664
99906,0.99418336153
99907,0.996842384338
99908,0.99820047617
99909,0.997342705727
99910,0.998129248619
99911,0.998022079468
99912,0.998368620872
99913,0.99407762289
99914,0.998606979847
99915,0.99848139286
99916,0.993722617626
99917,0.992716789246
99918,0.963890135288
99919,0.99838078022
99920,0.998606979847
99921,0.992247819901
99922,0.998606979847
99923,0.998606979847
99924,0.998031020164
99925,0.996140956879
99926,0.996573746204
99927,0.998406648636
99928,0.998145222664
99929,0.939099192619
99930,0.992525339127
99931,0.996586322784
99932,0.997881770134
99933,0.996842384338
99934,0.997585177422
99935,0.998606979847
99936,0.998606979847
99937,0.99793946743
99938,0.998606979847
99939,0.990763902664
99940,0.99829441309
99941,0.893344163895
99942,0.994250714779
99943,0.993889391422
99944,0.998606979847
99945,0.984263420105
99946,0.997951805592
99947,0.998606979847
99948,0.995484828949
99949,0.998606979847
99950,0.964938104153
99951,0.965371727943
99952,0.99813079834
99953,0.998483419418
99954,0.994965314865
99955,0.991005718708
99956,0.994627535343
99957,0.981658160686
99958,0.992829561234
99959,0.997769594193
99960,0.998200654984
99961,0.996583402157
99962,0.998153328896
99963,0.998181462288
99964,0.997457504272
99965,0.955837070942
99966,0.961338996887
99967,0.985488951206
99968,0.998276054859
99969,0.985918045044
99970,0.988263547421
99971,0.998606979847
99972,0.998606979847
99973,0.958209514618
99974,0.998606979847
99975,0.996312081814
99976,0.994077503681
99977,0.981278657913
99978,0.994929611683
99979,0.987323105335
99980,0.998606979847
99981,0.998200654984
99982,0.998606979847
99983,0.998407959938
99984,0.994841814041
99985,0.998606979847
99986,0.998606979847
99987,0.99848139286
99988,0.99848139286
99989,0.998406648636
99990,0.998606979847
99991,0.997703015804
99992,0.995141208172
99993,0.996842384338
99994,0.998028457165
99995,0.992947757244
99996,0.997433483601
99997,0.997909963131
99998,0.998031020164
